"tick","Ertrag","befallGR","befallGRsicht","befallGRertrag","befallST","befallSTsicht","befallSTertrag"
1.0,5150000.0,3.300970873786408,0.0,0.0,32.81553398058252,0.0,0.0
2.0,5150000.0,9.320388349514563,0.0,0.0,61.55339805825243,0.0,0.0
3.0,5150000.0,11.067961165048544,0.0,0.0,66.60194174757281,0.0,0.0
4.0,5150000.0,11.262135922330096,0.0,0.0,66.99029126213593,0.0,0.0
5.0,5150000.0,11.45631067961165,0.0,0.0,67.57281553398057,0.0,0.0
6.0,5150000.0,11.844660194174757,0.0,0.0,67.96116504854369,0.0,0.0
7.0,5150000.0,12.233009708737864,0.0,0.0,67.96116504854369,0.0,0.0
8.0,5150000.0,12.62135922330097,0.0,0.0,68.3495145631068,0.0,0.0
9.0,5150000.0,12.62135922330097,0.0,0.0,68.54368932038835,0.0,0.0
10.0,5150000.0,12.62135922330097,0.0,0.0,68.73786407766991,0.0,0.0
11.0,5150000.0,12.62135922330097,0.0,0.0,68.73786407766991,0.0,0.0
12.0,5150000.0,12.62135922330097,0.0,0.0,68.73786407766991,0.0,0.0
13.0,5150000.0,12.62135922330097,0.0,0.0,68.73786407766991,0.0,0.0
14.0,5150000.0,12.815533980582524,0.0,0.0,68.73786407766991,0.0,0.0
15.0,5150000.0,12.815533980582524,0.0,0.0,68.93203883495146,0.0,0.0
16.0,5150000.0,12.815533980582524,0.0,0.0,68.93203883495146,0.0,0.0
17.0,5150000.0,12.815533980582524,0.0,0.0,68.93203883495146,0.0,0.0
18.0,5150000.0,12.815533980582524,0.0,0.0,68.93203883495146,0.0,0.0
19.0,5150000.0,12.815533980582524,0.0,0.0,68.93203883495146,0.0,0.0
20.0,5150000.0,12.815533980582524,0.0,0.0,68.93203883495146,0.0,0.0
21.0,5150000.0,12.815533980582524,0.0,0.0,68.93203883495146,0.0,0.0
22.0,5150000.0,12.815533980582524,0.0,0.0,68.93203883495146,0.0,0.0
23.0,5150000.0,12.815533980582524,0.0,0.0,68.93203883495146,0.0,0.0
24.0,5150000.0,12.815533980582524,0.0,0.0,68.93203883495146,0.0,0.0
25.0,5150000.0,12.815533980582524,0.0,0.0,68.93203883495146,0.0,0.0
26.0,5150000.0,12.815533980582524,0.0,0.0,68.93203883495146,0.0,0.0
27.0,5150000.0,12.815533980582524,0.0,0.0,68.93203883495146,0.0,0.0
28.0,5150000.0,12.815533980582524,0.0,0.0,68.93203883495146,0.0,0.0
29.0,5150000.0,12.815533980582524,0.0,0.0,68.93203883495146,0.0,0.0
30.0,5150000.0,12.815533980582524,0.0,0.0,68.93203883495146,0.0,0.0
31.0,5150000.0,12.815533980582524,0.0,0.0,68.93203883495146,0.0,0.0
32.0,5150000.0,12.815533980582524,0.0,0.0,68.93203883495146,0.0,0.0
33.0,5150000.0,12.815533980582524,0.0,0.0,68.93203883495146,0.0,0.0
34.0,5150000.0,12.815533980582524,0.0,0.0,68.93203883495146,0.0,0.0
35.0,5150000.0,12.815533980582524,0.0,0.0,68.93203883495146,0.0,0.0
36.0,5150000.0,12.815533980582524,0.0,0.0,68.93203883495146,0.0,0.0
37.0,5150000.0,12.815533980582524,0.0,0.0,68.93203883495146,61.359223300970875,61.359223300970875
38.0,5150000.0,12.815533980582524,0.0,0.0,68.93203883495146,66.40776699029126,66.40776699029126
39.0,5150000.0,12.815533980582524,0.0,0.0,68.93203883495146,67.76699029126215,67.76699029126215
40.0,5150000.0,12.815533980582524,0.0,0.0,68.93203883495146,67.96116504854369,67.96116504854369
41.0,5150000.0,12.815533980582524,0.0,0.0,68.93203883495146,68.15533980582525,68.15533980582525
42.0,5150000.0,12.815533980582524,0.0,0.0,68.93203883495146,68.73786407766991,68.73786407766991
43.0,5150000.0,12.815533980582524,0.0,0.0,68.93203883495146,68.73786407766991,68.73786407766991
44.0,5150000.0,12.815533980582524,0.0,0.0,68.93203883495146,68.93203883495146,68.93203883495146
45.0,5150000.0,12.815533980582524,0.0,0.0,68.93203883495146,68.93203883495146,68.93203883495146
46.0,5150000.0,12.815533980582524,0.0,0.0,68.93203883495146,68.93203883495146,68.93203883495146
47.0,5150000.0,12.815533980582524,0.0,0.0,68.93203883495146,68.93203883495146,68.93203883495146
48.0,5150000.0,12.815533980582524,0.0,0.0,68.93203883495146,68.93203883495146,68.93203883495146
49.0,5150000.0,12.815533980582524,0.0,0.0,68.93203883495146,68.93203883495146,68.93203883495146
50.0,5150000.0,12.815533980582524,0.0,0.0,68.93203883495146,68.93203883495146,68.93203883495146
51.0,5150000.0,12.815533980582524,0.0,0.0,68.93203883495146,68.93203883495146,68.93203883495146
52.0,5150000.0,12.815533980582524,0.0,0.0,68.93203883495146,68.93203883495146,68.93203883495146
53.0,5150000.0,12.815533980582524,0.0,0.0,68.93203883495146,68.93203883495146,68.93203883495146
54.0,5150000.0,12.815533980582524,0.0,0.0,68.93203883495146,68.93203883495146,68.93203883495146
55.0,5150000.0,12.815533980582524,0.0,0.0,68.93203883495146,68.93203883495146,68.93203883495146
56.0,5150000.0,12.815533980582524,0.0,0.0,68.93203883495146,68.93203883495146,68.93203883495146
57.0,5143488.700000003,12.815533980582524,0.0,0.0,68.93203883495146,68.93203883495146,68.93203883495146
58.0,5136862.16999999,12.815533980582524,0.0,0.0,68.93203883495146,68.93203883495146,68.93203883495146
59.0,5130120.409999999,12.815533980582524,0.0,0.0,68.93203883495146,68.93203883495146,68.93203883495146
60.0,5125275.459999997,12.815533980582524,0.0,0.0,68.93203883495146,68.93203883495146,57.28155339805825
61.0,5120349.089999999,12.815533980582524,0.0,0.0,68.93203883495146,68.93203883495146,57.28155339805825
62.0,5115341.299999995,12.815533980582524,0.0,0.0,68.93203883495146,68.93203883495146,57.28155339805825
63.0,5110252.089999999,12.815533980582524,0.0,0.0,68.93203883495146,68.93203883495146,57.28155339805825
64.0,5105081.459999996,12.815533980582524,0.0,0.0,68.93203883495146,68.93203883495146,57.28155339805825
65.0,5099829.410000001,12.815533980582524,0.0,0.0,68.93203883495146,68.93203883495146,57.28155339805825
66.0,5094495.939999996,12.815533980582524,0.0,0.0,68.93203883495146,68.93203883495146,57.28155339805825
67.0,5089081.049999995,12.815533980582524,0.0,0.0,68.93203883495146,68.93203883495146,57.28155339805825
68.0,5083584.739999993,12.815533980582524,0.0,0.0,68.93203883495146,68.93203883495146,57.28155339805825
69.0,5078007.009999998,12.815533980582524,0.0,0.0,68.93203883495146,68.93203883495146,57.28155339805825
70.0,5072347.859999996,12.815533980582524,0.0,0.0,68.93203883495146,68.93203883495146,57.28155339805825
71.0,5066607.290000002,12.815533980582524,0.0,0.0,68.93203883495146,68.93203883495146,57.28155339805825
72.0,5060785.299999999,12.815533980582524,0.0,0.0,68.93203883495146,68.93203883495146,57.28155339805825
73.0,5054881.889999994,12.815533980582524,0.0,0.0,68.93203883495146,68.93203883495146,57.28155339805825
74.0,5048897.060000001,12.815533980582524,0.0,0.0,68.93203883495146,68.93203883495146,57.28155339805825
75.0,5042830.810000007,12.815533980582524,0.0,0.0,68.93203883495146,68.93203883495146,57.28155339805825
76.0,5036683.140000002,12.815533980582524,0.0,0.0,68.93203883495146,68.93203883495146,57.28155339805825
77.0,5030454.050000001,12.815533980582524,0.0,0.0,68.93203883495146,68.93203883495146,57.28155339805825
78.0,5027088.23,12.815533980582524,0.0,0.0,68.93203883495146,68.93203883495146,36.50485436893204
79.0,5023678.94,12.815533980582524,0.0,0.0,68.93203883495146,68.93203883495146,36.50485436893204
80.0,5020226.180000002,12.815533980582524,0.0,0.0,68.93203883495146,68.93203883495146,36.50485436893204
81.0,5016729.949999998,12.815533980582524,0.0,0.0,68.93203883495146,68.93203883495146,36.50485436893204
82.0,5013190.250000001,12.815533980582524,0.0,0.0,68.93203883495146,68.93203883495146,36.50485436893204
83.0,5009607.079999999,12.815533980582524,0.0,0.0,68.93203883495146,68.93203883495146,36.50485436893204
84.0,5009607.079999999,12.815533980582524,0.0,0.0,68.93203883495146,68.93203883495146,0.0
85.0,5009607.079999999,12.815533980582524,0.0,0.0,68.93203883495146,68.93203883495146,0.0
86.0,5009607.079999999,12.815533980582524,0.0,0.0,68.93203883495146,68.93203883495146,0.0
87.0,5009607.079999999,12.815533980582524,0.0,0.0,68.93203883495146,68.93203883495146,0.0
88.0,5009607.079999999,12.815533980582524,0.0,0.0,68.93203883495146,68.93203883495146,0.0
89.0,5009607.079999999,12.815533980582524,0.0,0.0,68.93203883495146,68.93203883495146,0.0
90.0,5009607.079999999,12.815533980582524,0.0,0.0,68.93203883495146,68.93203883495146,0.0
91.0,5009607.079999999,12.815533980582524,0.0,0.0,68.93203883495146,68.93203883495146,0.0
92.0,5009607.079999999,12.815533980582524,0.0,0.0,68.93203883495146,68.93203883495146,0.0
93.0,5009607.079999999,12.815533980582524,0.0,0.0,68.93203883495146,68.93203883495146,0.0
94.0,5009607.079999999,12.815533980582524,0.0,0.0,68.93203883495146,68.93203883495146,0.0
95.0,5009607.079999999,12.815533980582524,0.0,0.0,68.93203883495146,68.93203883495146,0.0
96.0,5009607.079999999,12.815533980582524,0.0,0.0,68.93203883495146,68.93203883495146,0.0
97.0,5009607.079999999,12.815533980582524,0.0,0.0,68.93203883495146,68.93203883495146,0.0
98.0,5009607.079999999,12.815533980582524,0.0,0.0,68.93203883495146,68.93203883495146,0.0
99.0,5009607.079999999,12.815533980582524,0.0,0.0,68.93203883495146,68.93203883495146,0.0
100.0,5009607.079999999,12.815533980582524,1.1650485436893203,0.0,68.93203883495146,68.93203883495146,0.0
101.0,5009607.079999999,12.815533980582524,1.3592233009708738,0.0,68.93203883495146,68.93203883495146,0.0
102.0,5009604.957999999,13.592233009708737,1.3592233009708738,0.0,68.93203883495146,68.93203883495146,0.0
103.0,5009602.835999999,13.78640776699029,1.3592233009708738,0.0,68.93203883495146,68.93203883495146,0.0
104.0,5009600.714,13.980582524271846,0.0,0.0,68.93203883495146,68.93203883495146,0.0
105.0,5009598.591999998,13.980582524271846,0.0,0.0,68.93203883495146,68.93203883495146,0.0
106.0,5009596.469999999,13.980582524271846,0.0,0.0,68.93203883495146,68.93203883495146,0.0
107.0,5009594.347999998,13.980582524271846,0.0,0.0,68.93203883495146,68.93203883495146,0.0
108.0,5009592.225999999,13.980582524271846,0.0,0.0,68.93203883495146,68.93203883495146,0.0
109.0,5009590.103999999,13.980582524271846,0.0,0.0,68.93203883495146,68.93203883495146,0.0
110.0,5009587.981999999,13.980582524271846,0.0,0.0,68.93203883495146,68.93203883495146,0.0
111.0,5009585.859999999,13.980582524271846,0.0,0.0,68.93203883495146,68.93203883495146,0.0
112.0,5009583.737999998,13.980582524271846,0.0,0.0,68.93203883495146,68.93203883495146,0.0
113.0,5009581.6159999985,13.980582524271846,0.0,0.0,68.93203883495146,68.93203883495146,0.0
114.0,5009579.493999998,13.980582524271846,0.0,0.0,68.93203883495146,68.93203883495146,0.0
115.0,5009577.371999998,13.980582524271846,0.0,0.0,68.93203883495146,68.93203883495146,0.0
116.0,5009575.249999998,13.980582524271846,0.0,0.0,68.93203883495146,68.93203883495146,0.0
117.0,5009573.128,13.980582524271846,0.0,0.0,68.93203883495146,68.93203883495146,0.0
118.0,5009571.005999998,13.980582524271846,0.0,0.0,68.93203883495146,68.93203883495146,0.0
119.0,5009568.883999999,13.980582524271846,0.0,0.0,68.93203883495146,68.93203883495146,0.0
120.0,5009566.761999998,13.980582524271846,0.0,0.0,68.93203883495146,68.93203883495146,0.0
121.0,5009564.639999999,13.980582524271846,0.0,0.0,68.93203883495146,68.93203883495146,0.0
122.0,5009562.517999999,13.980582524271846,0.0,0.0,68.93203883495146,68.93203883495146,0.0
123.0,5009560.395999999,13.980582524271846,0.0,0.0,68.93203883495146,68.93203883495146,0.0
124.0,5009558.273999998,13.980582524271846,0.0,0.0,68.93203883495146,68.93203883495146,0.0
125.0,5009556.151999999,13.980582524271846,0.0,0.0,68.93203883495146,68.93203883495146,0.0
126.0,5009554.029999998,13.980582524271846,0.0,0.0,68.93203883495146,68.93203883495146,0.0
127.0,5009551.907999999,13.980582524271846,0.0,0.0,68.93203883495146,68.93203883495146,0.0
128.0,5009549.785999998,13.980582524271846,0.0,0.0,68.93203883495146,68.93203883495146,0.0
129.0,5009547.663999999,13.980582524271846,0.0,0.0,68.93203883495146,68.93203883495146,0.0
130.0,5009545.5419999985,13.980582524271846,0.0,0.0,68.93203883495146,68.93203883495146,0.0
131.0,5009543.419999999,13.980582524271846,0.0,0.0,68.93203883495146,68.93203883495146,0.0
132.0,5009541.2979999995,13.980582524271846,0.0,0.0,68.93203883495146,68.93203883495146,0.0
133.0,5009539.175999998,13.980582524271846,0.0,0.0,68.93203883495146,68.93203883495146,0.0
134.0,5009537.053999999,13.980582524271846,0.0,0.0,68.93203883495146,68.93203883495146,0.0
135.0,5009534.931999998,13.980582524271846,0.0,0.0,68.93203883495146,68.93203883495146,0.0
136.0,5009532.809999999,13.980582524271846,0.0,0.0,68.93203883495146,68.93203883495146,0.0
137.0,5009530.687999999,13.980582524271846,0.0,0.0,68.93203883495146,68.93203883495146,0.0
138.0,5009528.566,13.980582524271846,0.0,0.0,68.93203883495146,68.93203883495146,0.0
139.0,5009526.443999999,13.980582524271846,0.0,0.0,68.93203883495146,68.93203883495146,0.0
140.0,5009524.321999999,13.980582524271846,0.0,0.0,68.93203883495146,68.93203883495146,0.0
141.0,5009522.199999999,13.980582524271846,0.0,0.0,68.93203883495146,68.93203883495146,0.0
142.0,5009520.077999999,13.980582524271846,0.0,0.0,68.93203883495146,68.93203883495146,0.0
143.0,5009517.955999999,13.980582524271846,0.0,0.0,68.93203883495146,68.93203883495146,0.0
144.0,5009515.833999999,13.980582524271846,0.0,0.0,68.93203883495146,68.93203883495146,0.0
145.0,5009513.711999998,13.980582524271846,0.0,0.0,68.93203883495146,68.93203883495146,0.0
146.0,5009511.589999999,13.980582524271846,0.0,0.0,68.93203883495146,68.93203883495146,0.0
147.0,5009509.467999999,13.980582524271846,0.0,0.0,68.93203883495146,68.93203883495146,0.0
148.0,5009507.345999999,13.980582524271846,0.0,0.0,68.93203883495146,68.93203883495146,0.0
149.0,5009505.2239999985,13.980582524271846,0.0,0.0,68.93203883495146,68.93203883495146,0.0
150.0,5009503.101999998,13.980582524271846,0.0,0.0,68.93203883495146,68.93203883495146,0.0
151.0,5009500.979999999,13.980582524271846,0.0,0.0,68.93203883495146,68.93203883495146,0.0
152.0,5009498.857999999,13.980582524271846,0.0,0.0,68.93203883495146,68.93203883495146,0.0
153.0,5009496.736,13.980582524271846,0.0,0.0,68.93203883495146,68.93203883495146,0.0
154.0,5009494.613999999,13.980582524271846,0.0,0.0,68.93203883495146,68.93203883495146,0.0
155.0,5009492.491999999,13.980582524271846,0.0,0.0,68.93203883495146,68.93203883495146,0.0
156.0,5009490.369999999,13.980582524271846,0.0,0.0,68.93203883495146,68.93203883495146,0.0
157.0,5009488.248,13.980582524271846,0.0,0.0,68.93203883495146,68.93203883495146,0.0
158.0,5009486.125999999,13.980582524271846,0.0,0.0,68.93203883495146,68.93203883495146,0.0
159.0,5009484.003999999,13.980582524271846,0.0,0.0,68.93203883495146,68.93203883495146,0.0
160.0,5009481.881999998,13.980582524271846,0.0,0.0,68.93203883495146,68.93203883495146,0.0
161.0,5009479.759999999,13.980582524271846,0.0,0.0,68.93203883495146,68.93203883495146,0.0
162.0,5009477.637999999,13.980582524271846,0.0,0.0,68.93203883495146,68.93203883495146,0.0
163.0,5009475.516,13.980582524271846,0.0,0.0,68.93203883495146,68.93203883495146,0.0
164.0,5009473.393999998,13.980582524271846,0.0,0.0,68.93203883495146,68.93203883495146,0.0
165.0,5009471.271999999,13.980582524271846,0.0,0.0,68.93203883495146,68.93203883495146,0.0
166.0,5009469.1499999985,13.980582524271846,0.0,0.0,68.93203883495146,68.93203883495146,0.0
