"tick","BefallGR","BefallGRsicht","BefallGRertrag"
1.0,2.7184466019417477,0.0,0.0
2.0,3.300970873786408,0.0,0.0
3.0,3.4951456310679614,0.0,0.0
4.0,3.6893203883495143,0.0,0.0
5.0,3.6893203883495143,0.0,0.0
6.0,3.6893203883495143,0.0,0.0
7.0,3.6893203883495143,0.0,0.0
8.0,3.6893203883495143,0.0,0.0
9.0,3.6893203883495143,0.0,0.0
10.0,3.6893203883495143,0.0,0.0
11.0,3.6893203883495143,0.0,0.0
12.0,3.6893203883495143,0.0,0.0
13.0,3.6893203883495143,0.0,0.0
14.0,3.6893203883495143,0.0,0.0
15.0,3.6893203883495143,0.0,0.0
16.0,3.6893203883495143,0.0,0.0
17.0,3.6893203883495143,0.0,0.0
18.0,3.6893203883495143,0.0,0.0
19.0,3.6893203883495143,0.0,0.0
20.0,3.6893203883495143,0.0,0.0
21.0,3.6893203883495143,0.0,0.0
22.0,3.6893203883495143,0.0,0.0
23.0,3.6893203883495143,0.0,0.0
24.0,3.6893203883495143,0.0,0.0
25.0,3.6893203883495143,0.5825242718446602,0.5825242718446602
26.0,3.6893203883495143,1.3592233009708738,1.3592233009708738
27.0,3.6893203883495143,1.5533980582524272,1.5533980582524272
28.0,4.854368932038835,2.524271844660194,2.524271844660194
29.0,4.854368932038835,2.524271844660194,2.524271844660194
30.0,9.12621359223301,2.912621359223301,2.912621359223301
31.0,10.097087378640776,2.912621359223301,2.912621359223301
32.0,10.29126213592233,2.912621359223301,2.912621359223301
33.0,10.29126213592233,2.912621359223301,2.912621359223301
34.0,10.29126213592233,2.912621359223301,2.912621359223301
35.0,10.485436893203884,2.912621359223301,2.912621359223301
36.0,15.728155339805824,2.912621359223301,2.912621359223301
37.0,16.699029126213592,2.912621359223301,2.912621359223301
38.0,17.475728155339805,2.912621359223301,2.912621359223301
39.0,21.941747572815533,2.912621359223301,2.912621359223301
40.0,22.135922330097088,2.912621359223301,2.912621359223301
41.0,22.9126213592233,2.912621359223301,2.912621359223301
42.0,23.495145631067963,2.912621359223301,2.912621359223301
43.0,23.495145631067963,2.912621359223301,2.912621359223301
44.0,23.495145631067963,2.912621359223301,2.912621359223301
45.0,23.495145631067963,3.300970873786408,3.300970873786408
46.0,23.689320388349515,5.242718446601942,5.242718446601942
47.0,23.689320388349515,7.184466019417475,7.184466019417475
48.0,23.689320388349515,7.184466019417475,7.184466019417475
49.0,32.62135922330097,7.961165048543689,7.961165048543689
50.0,36.116504854368934,7.961165048543689,7.961165048543689
51.0,37.28155339805825,7.961165048543689,7.961165048543689
52.0,37.28155339805825,7.961165048543689,7.961165048543689
53.0,47.37864077669903,7.961165048543689,7.961165048543689
54.0,50.48543689320388,9.320388349514563,9.320388349514563
55.0,52.62135922330097,9.320388349514563,9.320388349514563
56.0,53.980582524271846,10.485436893203884,10.485436893203884
57.0,53.980582524271846,11.067961165048544,11.067961165048544
58.0,53.980582524271846,12.815533980582524,12.815533980582524
59.0,53.980582524271846,13.398058252427184,13.398058252427184
60.0,53.980582524271846,14.951456310679612,10.679611650485436
61.0,59.02912621359223,14.36893203883495,10.679611650485436
62.0,59.22330097087378,16.310679611650485,12.62135922330097
63.0,60.970873786407765,15.922330097087379,12.62135922330097
64.0,61.55339805825243,18.058252427184467,13.78640776699029
65.0,61.94174757281553,17.66990291262136,13.980582524271846
66.0,62.13592233009708,18.83495145631068,14.757281553398057
67.0,62.13592233009708,18.83495145631068,14.563106796116504
68.0,62.13592233009708,19.223300970873787,14.36893203883495
69.0,62.13592233009708,18.83495145631068,14.563106796116504
70.0,69.90291262135922,19.02912621359223,14.563106796116504
71.0,70.48543689320388,22.9126213592233,17.281553398058254
72.0,72.81553398058253,23.883495145631066,17.864077669902912
73.0,73.59223300970874,28.349514563106798,22.9126213592233
74.0,73.7864077669903,35.14563106796116,26.601941747572816
75.0,73.7864077669903,40.97087378640777,31.456310679611647
76.0,73.7864077669903,43.49514563106796,33.398058252427184
77.0,73.7864077669903,46.40776699029126,35.92233009708738
78.0,73.7864077669903,47.76699029126213,24.660194174757283
79.0,73.7864077669903,49.51456310679612,28.7378640776699
80.0,82.71844660194175,52.23300970873787,35.14563106796116
81.0,84.85436893203884,55.72815533980583,38.05825242718446
82.0,85.43689320388349,56.310679611650485,40.19417475728155
83.0,85.63106796116506,57.66990291262136,41.74757281553398
84.0,85.63106796116506,59.6116504854369,19.80582524271845
85.0,85.63106796116506,60.38834951456311,20.0
86.0,85.63106796116506,61.359223300970875,25.24271844660194
87.0,85.63106796116506,63.689320388349515,33.00970873786408
88.0,85.63106796116506,66.79611650485437,37.86407766990291
89.0,85.63106796116506,67.76699029126215,38.83495145631068
90.0,85.63106796116506,70.29126213592232,40.19417475728155
91.0,85.63106796116506,69.70873786407768,39.80582524271845
92.0,85.63106796116506,69.12621359223301,39.22330097087379
93.0,85.63106796116506,75.14563106796116,55.14563106796116
94.0,85.63106796116506,78.83495145631068,65.24271844660194
95.0,85.63106796116506,78.25242718446603,63.883495145631066
96.0,85.63106796116506,80.19417475728156,70.67961165048544
97.0,85.63106796116506,80.0,70.48543689320388
98.0,85.63106796116506,82.13592233009709,75.72815533980582
99.0,85.63106796116506,82.33009708737865,77.28155339805825
100.0,85.63106796116506,82.13592233009709,75.72815533980582
101.0,85.63106796116506,82.52427184466019,77.08737864077669
102.0,88.93203883495146,82.33009708737865,76.69902912621359
103.0,89.51456310679612,82.52427184466019,76.50485436893204
104.0,89.51456310679612,76.89320388349515,76.89320388349515
105.0,90.67961165048544,77.47572815533981,77.47572815533981
106.0,91.06796116504854,77.66990291262135,77.66990291262135
107.0,91.06796116504854,76.11650485436893,76.11650485436893
108.0,91.06796116504854,76.69902912621359,76.69902912621359
109.0,91.06796116504854,76.50485436893204,76.50485436893204
110.0,91.06796116504854,77.08737864077669,77.08737864077669
111.0,91.06796116504854,77.28155339805825,77.28155339805825
112.0,91.06796116504854,76.69902912621359,76.69902912621359
113.0,91.06796116504854,77.08737864077669,77.08737864077669
114.0,91.45631067961165,76.69902912621359,76.69902912621359
115.0,91.84466019417475,80.3883495145631,80.3883495145631
116.0,92.03883495145631,81.16504854368932,81.16504854368932
117.0,92.03883495145631,81.16504854368932,81.16504854368932
118.0,92.03883495145631,81.16504854368932,81.16504854368932
119.0,92.03883495145631,81.16504854368932,81.16504854368932
120.0,92.03883495145631,81.16504854368932,81.16504854368932
121.0,92.03883495145631,81.16504854368932,81.16504854368932
122.0,92.03883495145631,81.16504854368932,81.16504854368932
123.0,92.03883495145631,81.16504854368932,81.16504854368932
124.0,92.03883495145631,81.16504854368932,81.16504854368932
125.0,92.03883495145631,81.16504854368932,81.16504854368932
126.0,92.03883495145631,81.16504854368932,81.16504854368932
127.0,92.03883495145631,81.16504854368932,81.16504854368932
128.0,92.03883495145631,81.16504854368932,81.16504854368932
129.0,92.03883495145631,81.16504854368932,81.16504854368932
130.0,92.03883495145631,81.16504854368932,81.16504854368932
131.0,92.03883495145631,81.16504854368932,81.16504854368932
132.0,92.03883495145631,81.16504854368932,81.16504854368932
133.0,92.03883495145631,81.16504854368932,81.16504854368932
134.0,92.03883495145631,81.16504854368932,81.16504854368932
135.0,92.03883495145631,81.16504854368932,81.16504854368932
136.0,92.03883495145631,81.16504854368932,81.16504854368932
137.0,92.03883495145631,81.16504854368932,81.16504854368932
138.0,92.03883495145631,81.16504854368932,81.16504854368932
139.0,92.03883495145631,81.16504854368932,81.16504854368932
140.0,92.03883495145631,81.16504854368932,81.16504854368932
141.0,92.03883495145631,81.16504854368932,81.16504854368932
142.0,92.03883495145631,81.16504854368932,81.16504854368932
143.0,92.03883495145631,81.16504854368932,81.16504854368932
144.0,92.03883495145631,81.16504854368932,81.16504854368932
145.0,92.03883495145631,81.16504854368932,81.16504854368932
146.0,92.03883495145631,81.16504854368932,81.16504854368932
147.0,92.03883495145631,81.16504854368932,81.16504854368932
148.0,92.03883495145631,81.16504854368932,81.16504854368932
149.0,92.03883495145631,81.16504854368932,81.16504854368932
150.0,92.03883495145631,81.16504854368932,81.16504854368932
151.0,92.03883495145631,81.16504854368932,81.16504854368932
152.0,92.03883495145631,81.16504854368932,81.16504854368932
153.0,92.03883495145631,81.16504854368932,81.16504854368932
154.0,92.03883495145631,81.16504854368932,81.16504854368932
155.0,92.03883495145631,81.16504854368932,81.16504854368932
156.0,92.03883495145631,81.16504854368932,81.16504854368932
157.0,92.03883495145631,81.16504854368932,81.16504854368932
158.0,92.03883495145631,81.16504854368932,81.16504854368932
159.0,92.03883495145631,81.16504854368932,81.16504854368932
160.0,92.03883495145631,81.16504854368932,81.16504854368932
161.0,92.03883495145631,81.16504854368932,81.16504854368932
162.0,92.03883495145631,81.16504854368932,81.16504854368932
163.0,92.03883495145631,81.16504854368932,81.16504854368932
164.0,92.03883495145631,81.16504854368932,81.16504854368932
165.0,92.03883495145631,81.16504854368932,81.16504854368932
166.0,92.03883495145631,81.16504854368932,81.16504854368932
