"run","tick","GRCount","STCount"
1,1.0,180,5250
1,2.0,180,5250
1,3.0,180,5250
1,4.0,180,5250
1,5.0,180,5250
1,6.0,180,5250
1,7.0,180,5250
1,8.0,180,5250
1,9.0,180,5250
1,10.0,180,5250
1,11.0,180,5250
1,12.0,180,5250
1,13.0,180,5250
1,14.0,180,5250
1,15.0,180,5250
1,16.0,180,5250
1,17.0,180,5250
1,18.0,180,5250
1,19.0,180,5250
1,20.0,180,5250
1,21.0,180,5250
1,22.0,180,5250
1,23.0,180,5250
1,24.0,180,5250
1,25.0,180,5250
1,26.0,180,5662
1,27.0,188,5662
1,28.0,188,5662
1,29.0,206,5662
1,30.0,206,5662
1,31.0,206,5662
1,32.0,206,5662
1,33.0,206,5662
1,34.0,206,5662
1,35.0,244,5662
1,36.0,244,5662
1,37.0,244,5662
1,38.0,264,5662
1,39.0,264,5662
1,40.0,264,5662
1,41.0,264,5662
1,42.0,264,5662
1,43.0,264,5662
1,44.0,264,5662
1,45.0,264,21893
1,46.0,264,21893
1,47.0,264,21893
1,48.0,288,21893
1,49.0,317,21893
1,50.0,317,21893
1,51.0,317,21893
1,52.0,340,21893
1,53.0,363,21893
1,54.0,363,21893
1,55.0,363,21893
1,56.0,363,21893
1,57.0,363,21893
1,58.0,363,21893
1,59.0,363,21893
1,60.0,363,21893
1,61.0,363,21893
1,62.0,363,21893
1,63.0,363,21893
1,64.0,363,21893
1,65.0,363,21893
1,66.0,363,21893
1,67.0,363,21893
1,68.0,363,21893
1,69.0,393,21893
1,70.0,393,24697
1,71.0,420,24697
1,72.0,420,27635
1,73.0,420,27635
1,74.0,420,27635
1,75.0,420,27635
1,76.0,420,27635
1,77.0,420,27635
1,78.0,420,27635
1,79.0,471,27635
1,80.0,516,27635
1,81.0,516,31432
1,82.0,516,31432
1,83.0,516,31432
1,84.0,430,31432
1,85.0,430,31432
1,86.0,430,31432
1,87.0,430,31432
1,88.0,430,31432
1,89.0,430,31432
1,90.0,430,31432
1,91.0,430,31432
1,92.0,430,31432
1,93.0,430,31432
1,94.0,430,31432
1,95.0,325,31432
1,96.0,325,31432
1,97.0,325,31432
1,98.0,325,31432
1,99.0,325,31432
1,100.0,325,31432
1,101.0,227,31432
1,102.0,245,31432
1,103.0,245,31432
1,104.0,280,34679
1,105.0,297,34679
1,106.0,297,34679
1,107.0,297,34679
1,108.0,297,34679
1,109.0,297,34679
1,110.0,297,34679
1,111.0,297,34679
1,112.0,297,34679
1,113.0,324,34679
1,114.0,324,34679
1,115.0,324,34679
1,116.0,324,34679
1,117.0,172,34679
1,118.0,172,34679
1,119.0,172,34679
1,120.0,172,34679
1,121.0,172,34679
1,122.0,172,34679
1,123.0,172,34679
1,124.0,172,34679
1,125.0,172,34679
1,126.0,172,34679
1,127.0,172,34679
1,128.0,172,34679
1,129.0,172,34679
1,130.0,172,34679
1,131.0,172,34679
1,132.0,172,34679
1,133.0,172,34679
1,134.0,172,34679
1,135.0,172,34679
1,136.0,172,34679
1,137.0,172,34679
1,138.0,172,34679
1,139.0,172,34679
1,140.0,172,34679
1,141.0,172,34679
1,142.0,172,34679
1,143.0,172,34679
1,144.0,172,34679
1,145.0,172,34679
1,146.0,172,34679
1,147.0,172,34679
1,148.0,172,34679
1,149.0,172,34679
1,150.0,172,34679
1,151.0,172,34679
1,152.0,172,34679
1,153.0,172,34679
1,154.0,172,34679
1,155.0,172,34679
1,156.0,172,34679
1,157.0,172,34679
1,158.0,172,34679
1,159.0,172,34679
1,160.0,172,34679
1,161.0,172,34679
1,162.0,172,34679
1,163.0,172,34679
1,164.0,172,34679
1,165.0,172,34679
1,166.0,172,34679
3,1.0,180,5250
3,2.0,180,5250
3,3.0,180,5250
3,4.0,180,5250
3,5.0,180,5250
3,6.0,180,5250
3,7.0,180,5250
3,8.0,180,5250
3,9.0,180,5250
3,10.0,180,5250
3,11.0,180,5250
3,12.0,180,5250
3,13.0,180,5250
3,14.0,180,5250
3,15.0,180,5250
3,16.0,180,5250
3,17.0,180,5250
3,18.0,180,5250
3,19.0,180,5250
3,20.0,180,5250
3,21.0,180,5250
3,22.0,180,5250
3,23.0,180,5250
3,24.0,180,5250
3,25.0,180,5250
3,26.0,180,5696
3,27.0,193,5696
3,28.0,193,5696
3,29.0,218,5696
3,30.0,218,5696
3,31.0,218,5696
3,32.0,218,5696
3,33.0,218,5696
3,34.0,218,5696
3,35.0,247,5696
3,36.0,247,5696
3,37.0,247,5696
3,38.0,269,5696
3,39.0,269,5696
3,40.0,269,5696
3,41.0,269,5696
3,42.0,269,5696
3,43.0,269,5696
3,44.0,269,5696
3,45.0,269,21895
3,46.0,269,21895
3,47.0,269,21895
3,48.0,294,21895
3,49.0,317,21895
3,50.0,317,21895
3,51.0,317,21895
3,52.0,337,21895
3,53.0,357,21895
3,54.0,357,21895
3,55.0,357,21895
3,56.0,357,21895
3,57.0,357,21895
3,58.0,357,21895
3,59.0,357,21895
3,60.0,357,21895
3,61.0,357,21895
3,62.0,357,21895
3,63.0,357,21895
3,64.0,357,21895
3,65.0,357,21895
3,66.0,357,21895
3,67.0,357,21895
3,68.0,357,21895
3,69.0,394,21895
3,70.0,394,24530
3,71.0,419,24530
3,72.0,419,27479
3,73.0,419,27479
3,74.0,419,27479
3,75.0,419,27479
3,76.0,419,27479
3,77.0,419,27479
3,78.0,419,27479
3,79.0,470,27479
3,80.0,509,27479
3,81.0,509,31311
3,82.0,509,31311
3,83.0,509,31311
3,84.0,414,31311
3,85.0,414,31311
3,86.0,414,31311
3,87.0,414,31311
3,88.0,414,31311
3,89.0,414,31311
3,90.0,414,31311
3,91.0,414,31311
3,92.0,414,31311
3,93.0,414,31311
3,94.0,414,31311
3,95.0,315,31311
3,96.0,315,31311
3,97.0,315,31311
3,98.0,315,31311
3,99.0,315,31311
3,100.0,315,31311
3,101.0,221,31311
3,102.0,246,31311
3,103.0,246,31311
3,104.0,270,34457
3,105.0,286,34457
3,106.0,286,34457
3,107.0,286,34457
3,108.0,286,34457
3,109.0,286,34457
3,110.0,286,34457
3,111.0,286,34457
3,112.0,286,34457
3,113.0,304,34457
3,114.0,304,34457
3,115.0,304,34457
3,116.0,304,34457
3,117.0,136,34457
3,118.0,136,34457
3,119.0,136,34457
3,120.0,136,34457
3,121.0,136,34457
3,122.0,136,34457
3,123.0,136,34457
3,124.0,136,34457
3,125.0,136,34457
3,126.0,136,34457
3,127.0,136,34457
3,128.0,136,34457
3,129.0,136,34457
3,130.0,136,34457
3,131.0,136,34457
3,132.0,136,34457
3,133.0,136,34457
3,134.0,136,34457
3,135.0,136,34457
3,136.0,136,34457
3,137.0,136,34457
3,138.0,136,34457
3,139.0,136,34457
3,140.0,136,34457
3,141.0,136,34457
3,142.0,136,34457
3,143.0,136,34457
3,144.0,136,34457
3,145.0,136,34457
3,146.0,136,34457
3,147.0,136,34457
3,148.0,136,34457
3,149.0,136,34457
3,150.0,136,34457
3,151.0,136,34457
3,152.0,136,34457
3,153.0,136,34457
3,154.0,136,34457
3,155.0,136,34457
3,156.0,136,34457
3,157.0,136,34457
3,158.0,136,34457
3,159.0,136,34457
3,160.0,136,34457
3,161.0,136,34457
3,162.0,136,34457
3,163.0,136,34457
3,164.0,136,34457
3,165.0,136,34457
3,166.0,136,34457
5,1.0,180,5250
5,2.0,180,5250
5,3.0,180,5250
5,4.0,180,5250
5,5.0,180,5250
5,6.0,180,5250
5,7.0,180,5250
5,8.0,180,5250
5,9.0,180,5250
5,10.0,180,5250
5,11.0,180,5250
5,12.0,180,5250
5,13.0,180,5250
5,14.0,180,5250
5,15.0,180,5250
5,16.0,180,5250
5,17.0,180,5250
5,18.0,180,5250
5,19.0,180,5250
5,20.0,180,5250
5,21.0,180,5250
5,22.0,180,5250
5,23.0,180,5250
5,24.0,180,5250
5,25.0,180,5250
5,26.0,180,5646
5,27.0,190,5646
5,28.0,190,5646
5,29.0,206,5646
5,30.0,206,5646
5,31.0,206,5646
5,32.0,206,5646
5,33.0,206,5646
5,34.0,206,5646
5,35.0,248,5646
5,36.0,248,5646
5,37.0,248,5646
5,38.0,267,5646
5,39.0,267,5646
5,40.0,267,5646
5,41.0,267,5646
5,42.0,267,5646
5,43.0,267,5646
5,44.0,267,5646
5,45.0,267,21838
5,46.0,267,21838
5,47.0,267,21838
5,48.0,295,21838
5,49.0,319,21838
5,50.0,319,21838
5,51.0,319,21838
5,52.0,351,21838
5,53.0,375,21838
5,54.0,375,21838
5,55.0,375,21838
5,56.0,375,21838
5,57.0,375,21838
5,58.0,375,21838
5,59.0,375,21838
5,60.0,375,21838
5,61.0,375,21838
5,62.0,375,21838
5,63.0,375,21838
5,64.0,375,21838
5,65.0,375,21838
5,66.0,375,21838
5,67.0,375,21838
5,68.0,375,21838
5,69.0,409,21838
5,70.0,409,24512
5,71.0,435,24512
5,72.0,435,27465
5,73.0,435,27465
5,74.0,435,27465
5,75.0,435,27465
5,76.0,435,27465
5,77.0,435,27465
5,78.0,435,27465
5,79.0,485,27465
5,80.0,531,27465
5,81.0,531,31417
5,82.0,531,31417
5,83.0,531,31417
5,84.0,426,31417
5,85.0,426,31417
5,86.0,426,31417
5,87.0,426,31417
5,88.0,426,31417
5,89.0,426,31417
5,90.0,426,31417
5,91.0,426,31417
5,92.0,426,31417
5,93.0,426,31417
5,94.0,426,31417
5,95.0,316,31417
5,96.0,316,31417
5,97.0,316,31417
5,98.0,316,31417
5,99.0,316,31417
5,100.0,316,31417
5,101.0,226,31417
5,102.0,237,31417
5,103.0,237,31417
5,104.0,256,34643
5,105.0,278,34643
5,106.0,278,34643
5,107.0,278,34643
5,108.0,278,34643
5,109.0,278,34643
5,110.0,278,34643
5,111.0,278,34643
5,112.0,278,34643
5,113.0,298,34643
5,114.0,298,34643
5,115.0,298,34643
5,116.0,298,34643
5,117.0,137,34643
5,118.0,137,34643
5,119.0,137,34643
5,120.0,137,34643
5,121.0,137,34643
5,122.0,137,34643
5,123.0,137,34643
5,124.0,137,34643
5,125.0,137,34643
5,126.0,137,34643
5,127.0,137,34643
5,128.0,137,34643
5,129.0,137,34643
5,130.0,137,34643
5,131.0,137,34643
5,132.0,137,34643
5,133.0,137,34643
5,134.0,137,34643
5,135.0,137,34643
5,136.0,137,34643
5,137.0,137,34643
5,138.0,137,34643
5,139.0,137,34643
5,140.0,137,34643
5,141.0,137,34643
5,142.0,137,34643
5,143.0,137,34643
5,144.0,137,34643
5,145.0,137,34643
5,146.0,137,34643
5,147.0,137,34643
5,148.0,137,34643
5,149.0,137,34643
5,150.0,137,34643
5,151.0,137,34643
5,152.0,137,34643
5,153.0,137,34643
5,154.0,137,34643
5,155.0,137,34643
5,156.0,137,34643
5,157.0,137,34643
5,158.0,137,34643
5,159.0,137,34643
5,160.0,137,34643
5,161.0,137,34643
5,162.0,137,34643
5,163.0,137,34643
5,164.0,137,34643
5,165.0,137,34643
5,166.0,137,34643
7,1.0,180,5250
7,2.0,180,5250
7,3.0,180,5250
7,4.0,180,5250
7,5.0,180,5250
7,6.0,180,5250
7,7.0,180,5250
7,8.0,180,5250
7,9.0,180,5250
7,10.0,180,5250
7,11.0,180,5250
7,12.0,180,5250
7,13.0,180,5250
7,14.0,180,5250
7,15.0,180,5250
7,16.0,180,5250
7,17.0,180,5250
7,18.0,180,5250
7,19.0,180,5250
7,20.0,180,5250
7,21.0,180,5250
7,22.0,180,5250
7,23.0,180,5250
7,24.0,180,5250
7,25.0,180,5250
7,26.0,180,5652
7,27.0,192,5652
7,28.0,192,5652
7,29.0,216,5652
7,30.0,216,5652
7,31.0,216,5652
7,32.0,216,5652
7,33.0,216,5652
7,34.0,216,5652
7,35.0,248,5652
7,36.0,248,5652
7,37.0,248,5652
7,38.0,269,5652
7,39.0,269,5652
7,40.0,269,5652
7,41.0,269,5652
7,42.0,269,5652
7,43.0,269,5652
7,44.0,269,5652
7,45.0,269,21894
7,46.0,269,21894
7,47.0,269,21894
7,48.0,295,21894
7,49.0,319,21894
7,50.0,319,21894
7,51.0,319,21894
7,52.0,346,21894
7,53.0,370,21894
7,54.0,370,21894
7,55.0,370,21894
7,56.0,370,21894
7,57.0,370,21894
7,58.0,370,21894
7,59.0,370,21894
7,60.0,370,21894
7,61.0,370,21894
7,62.0,370,21894
7,63.0,370,21894
7,64.0,370,21894
7,65.0,370,21894
7,66.0,370,21894
7,67.0,370,21894
7,68.0,370,21894
7,69.0,409,21894
7,70.0,409,24741
7,71.0,438,24741
7,72.0,438,27658
7,73.0,438,27658
7,74.0,438,27658
7,75.0,438,27658
7,76.0,438,27658
7,77.0,438,27658
7,78.0,438,27658
7,79.0,485,27658
7,80.0,525,27658
7,81.0,525,31602
7,82.0,525,31602
7,83.0,525,31602
7,84.0,437,31602
7,85.0,437,31602
7,86.0,437,31602
7,87.0,437,31602
7,88.0,437,31602
7,89.0,437,31602
7,90.0,437,31602
7,91.0,437,31602
7,92.0,437,31602
7,93.0,437,31602
7,94.0,437,31602
7,95.0,312,31602
7,96.0,312,31602
7,97.0,312,31602
7,98.0,312,31602
7,99.0,312,31602
7,100.0,312,31602
7,101.0,206,31602
7,102.0,232,31602
7,103.0,232,31602
7,104.0,257,34980
7,105.0,279,34980
7,106.0,279,34980
7,107.0,279,34980
7,108.0,279,34980
7,109.0,279,34980
7,110.0,279,34980
7,111.0,279,34980
7,112.0,279,34980
7,113.0,297,34980
7,114.0,297,34980
7,115.0,297,34980
7,116.0,297,34980
7,117.0,143,34980
7,118.0,143,34980
7,119.0,143,34980
7,120.0,143,34980
7,121.0,143,34980
7,122.0,143,34980
7,123.0,143,34980
7,124.0,143,34980
7,125.0,143,34980
7,126.0,143,34980
7,127.0,143,34980
7,128.0,143,34980
7,129.0,143,34980
7,130.0,143,34980
7,131.0,143,34980
7,132.0,143,34980
7,133.0,143,34980
7,134.0,143,34980
7,135.0,143,34980
7,136.0,143,34980
7,137.0,143,34980
7,138.0,143,34980
7,139.0,143,34980
7,140.0,143,34980
7,141.0,143,34980
7,142.0,143,34980
7,143.0,143,34980
7,144.0,143,34980
7,145.0,143,34980
7,146.0,143,34980
7,147.0,143,34980
7,148.0,143,34980
7,149.0,143,34980
7,150.0,143,34980
7,151.0,143,34980
7,152.0,143,34980
7,153.0,143,34980
7,154.0,143,34980
7,155.0,143,34980
7,156.0,143,34980
7,157.0,143,34980
7,158.0,143,34980
7,159.0,143,34980
7,160.0,143,34980
7,161.0,143,34980
7,162.0,143,34980
7,163.0,143,34980
7,164.0,143,34980
7,165.0,143,34980
7,166.0,143,34980
9,1.0,180,5250
9,2.0,180,5250
9,3.0,180,5250
9,4.0,180,5250
9,5.0,180,5250
9,6.0,180,5250
9,7.0,180,5250
9,8.0,180,5250
9,9.0,180,5250
9,10.0,180,5250
9,11.0,180,5250
9,12.0,180,5250
9,13.0,180,5250
9,14.0,180,5250
9,15.0,180,5250
9,16.0,180,5250
9,17.0,180,5250
9,18.0,180,5250
9,19.0,180,5250
9,20.0,180,5250
9,21.0,180,5250
9,22.0,180,5250
9,23.0,180,5250
9,24.0,180,5250
9,25.0,180,5250
9,26.0,180,5699
9,27.0,193,5699
9,28.0,193,5699
9,29.0,206,5699
9,30.0,206,5699
9,31.0,206,5699
9,32.0,206,5699
9,33.0,206,5699
9,34.0,206,5699
9,35.0,231,5699
9,36.0,231,5699
9,37.0,231,5699
9,38.0,249,5699
9,39.0,249,5699
9,40.0,249,5699
9,41.0,249,5699
9,42.0,249,5699
9,43.0,249,5699
9,44.0,249,5699
9,45.0,249,21781
9,46.0,249,21781
9,47.0,249,21781
9,48.0,280,21781
9,49.0,305,21781
9,50.0,305,21781
9,51.0,305,21781
9,52.0,322,21781
9,53.0,354,21781
9,54.0,354,21781
9,55.0,354,21781
9,56.0,354,21781
9,57.0,354,21781
9,58.0,354,21781
9,59.0,354,21781
9,60.0,354,21781
9,61.0,354,21781
9,62.0,354,21781
9,63.0,354,21781
9,64.0,354,21781
9,65.0,354,21781
9,66.0,354,21781
9,67.0,354,21781
9,68.0,354,21781
9,69.0,391,21781
9,70.0,391,24587
9,71.0,419,24587
9,72.0,419,27558
9,73.0,419,27558
9,74.0,419,27558
9,75.0,419,27558
9,76.0,419,27558
9,77.0,419,27558
9,78.0,419,27558
9,79.0,470,27558
9,80.0,510,27558
9,81.0,510,31498
9,82.0,510,31498
9,83.0,510,31498
9,84.0,430,31498
9,85.0,430,31498
9,86.0,430,31498
9,87.0,430,31498
9,88.0,430,31498
9,89.0,430,31498
9,90.0,430,31498
9,91.0,430,31498
9,92.0,430,31498
9,93.0,430,31498
9,94.0,430,31498
9,95.0,327,31498
9,96.0,327,31498
9,97.0,327,31498
9,98.0,327,31498
9,99.0,327,31498
9,100.0,327,31498
9,101.0,218,31498
9,102.0,237,31498
9,103.0,237,31498
9,104.0,253,34796
9,105.0,273,34796
9,106.0,273,34796
9,107.0,273,34796
9,108.0,273,34796
9,109.0,273,34796
9,110.0,273,34796
9,111.0,273,34796
9,112.0,273,34796
9,113.0,286,34796
9,114.0,286,34796
9,115.0,286,34796
9,116.0,286,34796
9,117.0,127,34796
9,118.0,127,34796
9,119.0,127,34796
9,120.0,127,34796
9,121.0,127,34796
9,122.0,127,34796
9,123.0,127,34796
9,124.0,127,34796
9,125.0,127,34796
9,126.0,127,34796
9,127.0,127,34796
9,128.0,127,34796
9,129.0,127,34796
9,130.0,127,34796
9,131.0,127,34796
9,132.0,127,34796
9,133.0,127,34796
9,134.0,127,34796
9,135.0,127,34796
9,136.0,127,34796
9,137.0,127,34796
9,138.0,127,34796
9,139.0,127,34796
9,140.0,127,34796
9,141.0,127,34796
9,142.0,127,34796
9,143.0,127,34796
9,144.0,127,34796
9,145.0,127,34796
9,146.0,127,34796
9,147.0,127,34796
9,148.0,127,34796
9,149.0,127,34796
9,150.0,127,34796
9,151.0,127,34796
9,152.0,127,34796
9,153.0,127,34796
9,154.0,127,34796
9,155.0,127,34796
9,156.0,127,34796
9,157.0,127,34796
9,158.0,127,34796
9,159.0,127,34796
9,160.0,127,34796
9,161.0,127,34796
9,162.0,127,34796
9,163.0,127,34796
9,164.0,127,34796
9,165.0,127,34796
9,166.0,127,34796
2,1.0,180,5250
2,2.0,180,5250
2,3.0,180,5250
2,4.0,180,5250
2,5.0,180,5250
2,6.0,180,5250
2,7.0,180,5250
2,8.0,180,5250
2,9.0,180,5250
2,10.0,180,5250
2,11.0,180,5250
2,12.0,180,5250
2,13.0,180,5250
2,14.0,180,5250
2,15.0,180,5250
2,16.0,180,5250
2,17.0,180,5250
2,18.0,180,5250
2,19.0,180,5250
2,20.0,180,5250
2,21.0,180,5250
2,22.0,180,5250
2,23.0,180,5250
2,24.0,180,5250
2,25.0,180,5250
2,26.0,180,5666
2,27.0,192,5666
2,28.0,192,5666
2,29.0,207,5666
2,30.0,207,5666
2,31.0,207,5666
2,32.0,207,5666
2,33.0,207,5666
2,34.0,207,5666
2,35.0,230,5666
2,36.0,230,5666
2,37.0,230,5666
2,38.0,256,5666
2,39.0,256,5666
2,40.0,256,5666
2,41.0,256,5666
2,42.0,256,5666
2,43.0,256,5666
2,44.0,256,5666
2,45.0,256,21799
2,46.0,256,21799
2,47.0,256,21799
2,48.0,290,21799
2,49.0,321,21799
2,50.0,321,21799
2,51.0,321,21799
2,52.0,350,21799
2,53.0,375,21799
2,54.0,375,21799
2,55.0,375,21799
2,56.0,375,21799
2,57.0,375,21799
2,58.0,375,21799
2,59.0,375,21799
2,60.0,375,21799
2,61.0,375,21799
2,62.0,375,21799
2,63.0,375,21799
2,64.0,375,21799
2,65.0,375,21799
2,66.0,375,21799
2,67.0,375,21799
2,68.0,375,21799
2,69.0,398,21799
2,70.0,398,24619
2,71.0,432,24619
2,72.0,432,27601
2,73.0,432,27601
2,74.0,432,27601
2,75.0,432,27601
2,76.0,432,27601
2,77.0,432,27601
2,78.0,432,27601
2,79.0,474,27601
2,80.0,523,27601
2,81.0,523,31625
2,82.0,523,31625
2,83.0,523,31625
2,84.0,439,31625
2,85.0,439,31625
2,86.0,439,31625
2,87.0,439,31625
2,88.0,439,31625
2,89.0,439,31625
2,90.0,439,31625
2,91.0,439,31625
2,92.0,439,31625
2,93.0,439,31625
2,94.0,439,31625
2,95.0,317,31625
2,96.0,317,31625
2,97.0,317,31625
2,98.0,317,31625
2,99.0,317,31625
2,100.0,317,31625
2,101.0,222,31625
2,102.0,245,31625
2,103.0,245,31625
2,104.0,268,35028
2,105.0,282,35028
2,106.0,282,35028
2,107.0,282,35028
2,108.0,282,35028
2,109.0,282,35028
2,110.0,282,35028
2,111.0,282,35028
2,112.0,282,35028
2,113.0,304,35028
2,114.0,304,35028
2,115.0,304,35028
2,116.0,304,35028
2,117.0,158,35028
2,118.0,158,35028
2,119.0,158,35028
2,120.0,158,35028
2,121.0,158,35028
2,122.0,158,35028
2,123.0,158,35028
2,124.0,158,35028
2,125.0,158,35028
2,126.0,158,35028
2,127.0,158,35028
2,128.0,158,35028
2,129.0,158,35028
2,130.0,158,35028
2,131.0,158,35028
2,132.0,158,35028
2,133.0,158,35028
2,134.0,158,35028
2,135.0,158,35028
2,136.0,158,35028
2,137.0,158,35028
2,138.0,158,35028
2,139.0,158,35028
2,140.0,158,35028
2,141.0,158,35028
2,142.0,158,35028
2,143.0,158,35028
2,144.0,158,35028
2,145.0,158,35028
2,146.0,158,35028
2,147.0,158,35028
2,148.0,158,35028
2,149.0,158,35028
2,150.0,158,35028
2,151.0,158,35028
2,152.0,158,35028
2,153.0,158,35028
2,154.0,158,35028
2,155.0,158,35028
2,156.0,158,35028
2,157.0,158,35028
2,158.0,158,35028
2,159.0,158,35028
2,160.0,158,35028
2,161.0,158,35028
2,162.0,158,35028
2,163.0,158,35028
2,164.0,158,35028
2,165.0,158,35028
2,166.0,158,35028
4,1.0,180,5250
4,2.0,180,5250
4,3.0,180,5250
4,4.0,180,5250
4,5.0,180,5250
4,6.0,180,5250
4,7.0,180,5250
4,8.0,180,5250
4,9.0,180,5250
4,10.0,180,5250
4,11.0,180,5250
4,12.0,180,5250
4,13.0,180,5250
4,14.0,180,5250
4,15.0,180,5250
4,16.0,180,5250
4,17.0,180,5250
4,18.0,180,5250
4,19.0,180,5250
4,20.0,180,5250
4,21.0,180,5250
4,22.0,180,5250
4,23.0,180,5250
4,24.0,180,5250
4,25.0,180,5250
4,26.0,180,5678
4,27.0,189,5678
4,28.0,189,5678
4,29.0,202,5678
4,30.0,202,5678
4,31.0,202,5678
4,32.0,202,5678
4,33.0,202,5678
4,34.0,202,5678
4,35.0,243,5678
4,36.0,243,5678
4,37.0,243,5678
4,38.0,266,5678
4,39.0,266,5678
4,40.0,266,5678
4,41.0,266,5678
4,42.0,266,5678
4,43.0,266,5678
4,44.0,266,5678
4,45.0,266,21743
4,46.0,266,21743
4,47.0,266,21743
4,48.0,279,21743
4,49.0,296,21743
4,50.0,296,21743
4,51.0,296,21743
4,52.0,322,21743
4,53.0,342,21743
4,54.0,342,21743
4,55.0,342,21743
4,56.0,342,21743
4,57.0,342,21743
4,58.0,342,21743
4,59.0,342,21743
4,60.0,342,21743
4,61.0,342,21743
4,62.0,342,21743
4,63.0,342,21743
4,64.0,342,21743
4,65.0,342,21743
4,66.0,342,21743
4,67.0,342,21743
4,68.0,342,21743
4,69.0,369,21743
4,70.0,369,24477
4,71.0,413,24477
4,72.0,413,27436
4,73.0,413,27436
4,74.0,413,27436
4,75.0,413,27436
4,76.0,413,27436
4,77.0,413,27436
4,78.0,413,27436
4,79.0,447,27436
4,80.0,487,27436
4,81.0,487,31529
4,82.0,487,31529
4,83.0,487,31529
4,84.0,410,31529
4,85.0,410,31529
4,86.0,410,31529
4,87.0,410,31529
4,88.0,410,31529
4,89.0,410,31529
4,90.0,410,31529
4,91.0,410,31529
4,92.0,410,31529
4,93.0,410,31529
4,94.0,410,31529
4,95.0,305,31529
4,96.0,305,31529
4,97.0,305,31529
4,98.0,305,31529
4,99.0,305,31529
4,100.0,305,31529
4,101.0,214,31529
4,102.0,235,31529
4,103.0,235,31529
4,104.0,258,34842
4,105.0,273,34842
4,106.0,273,34842
4,107.0,273,34842
4,108.0,273,34842
4,109.0,273,34842
4,110.0,273,34842
4,111.0,273,34842
4,112.0,273,34842
4,113.0,289,34842
4,114.0,289,34842
4,115.0,289,34842
4,116.0,289,34842
4,117.0,136,34842
4,118.0,136,34842
4,119.0,136,34842
4,120.0,136,34842
4,121.0,136,34842
4,122.0,136,34842
4,123.0,136,34842
4,124.0,136,34842
4,125.0,136,34842
4,126.0,136,34842
4,127.0,136,34842
4,128.0,136,34842
4,129.0,136,34842
4,130.0,136,34842
4,131.0,136,34842
4,132.0,136,34842
4,133.0,136,34842
4,134.0,136,34842
4,135.0,136,34842
4,136.0,136,34842
4,137.0,136,34842
4,138.0,136,34842
4,139.0,136,34842
4,140.0,136,34842
4,141.0,136,34842
4,142.0,136,34842
4,143.0,136,34842
4,144.0,136,34842
4,145.0,136,34842
4,146.0,136,34842
4,147.0,136,34842
4,148.0,136,34842
4,149.0,136,34842
4,150.0,136,34842
4,151.0,136,34842
4,152.0,136,34842
4,153.0,136,34842
4,154.0,136,34842
4,155.0,136,34842
4,156.0,136,34842
4,157.0,136,34842
4,158.0,136,34842
4,159.0,136,34842
4,160.0,136,34842
4,161.0,136,34842
4,162.0,136,34842
4,163.0,136,34842
4,164.0,136,34842
4,165.0,136,34842
4,166.0,136,34842
6,1.0,180,5250
6,2.0,180,5250
6,3.0,180,5250
6,4.0,180,5250
6,5.0,180,5250
6,6.0,180,5250
6,7.0,180,5250
6,8.0,180,5250
6,9.0,180,5250
6,10.0,180,5250
6,11.0,180,5250
6,12.0,180,5250
6,13.0,180,5250
6,14.0,180,5250
6,15.0,180,5250
6,16.0,180,5250
6,17.0,180,5250
6,18.0,180,5250
6,19.0,180,5250
6,20.0,180,5250
6,21.0,180,5250
6,22.0,180,5250
6,23.0,180,5250
6,24.0,180,5250
6,25.0,180,5250
6,26.0,180,5671
6,27.0,191,5671
6,28.0,191,5671
6,29.0,207,5671
6,30.0,207,5671
6,31.0,207,5671
6,32.0,207,5671
6,33.0,207,5671
6,34.0,207,5671
6,35.0,243,5671
6,36.0,243,5671
6,37.0,243,5671
6,38.0,261,5671
6,39.0,261,5671
6,40.0,261,5671
6,41.0,261,5671
6,42.0,261,5671
6,43.0,261,5671
6,44.0,261,5671
6,45.0,261,21985
6,46.0,261,21985
6,47.0,261,21985
6,48.0,280,21985
6,49.0,296,21985
6,50.0,296,21985
6,51.0,296,21985
6,52.0,325,21985
6,53.0,349,21985
6,54.0,349,21985
6,55.0,349,21985
6,56.0,349,21985
6,57.0,349,21985
6,58.0,349,21985
6,59.0,349,21985
6,60.0,349,21985
6,61.0,349,21985
6,62.0,349,21985
6,63.0,349,21985
6,64.0,349,21985
6,65.0,349,21985
6,66.0,349,21985
6,67.0,349,21985
6,68.0,349,21985
6,69.0,370,21985
6,70.0,370,24680
6,71.0,404,24680
6,72.0,404,27476
6,73.0,404,27476
6,74.0,404,27476
6,75.0,404,27476
6,76.0,404,27476
6,77.0,404,27476
6,78.0,404,27476
6,79.0,431,27476
6,80.0,487,27476
6,81.0,487,31488
6,82.0,487,31488
6,83.0,487,31488
6,84.0,418,31488
6,85.0,418,31488
6,86.0,418,31488
6,87.0,418,31488
6,88.0,418,31488
6,89.0,418,31488
6,90.0,418,31488
6,91.0,418,31488
6,92.0,418,31488
6,93.0,418,31488
6,94.0,418,31488
6,95.0,333,31488
6,96.0,333,31488
6,97.0,333,31488
6,98.0,333,31488
6,99.0,333,31488
6,100.0,333,31488
6,101.0,241,31488
6,102.0,266,31488
6,103.0,266,31488
6,104.0,299,34647
6,105.0,326,34647
6,106.0,326,34647
6,107.0,326,34647
6,108.0,326,34647
6,109.0,326,34647
6,110.0,326,34647
6,111.0,326,34647
6,112.0,326,34647
6,113.0,346,34647
6,114.0,346,34647
6,115.0,346,34647
6,116.0,346,34647
6,117.0,172,34647
6,118.0,172,34647
6,119.0,172,34647
6,120.0,172,34647
6,121.0,172,34647
6,122.0,172,34647
6,123.0,172,34647
6,124.0,172,34647
6,125.0,172,34647
6,126.0,172,34647
6,127.0,172,34647
6,128.0,172,34647
6,129.0,172,34647
6,130.0,172,34647
6,131.0,172,34647
6,132.0,172,34647
6,133.0,172,34647
6,134.0,172,34647
6,135.0,172,34647
6,136.0,172,34647
6,137.0,172,34647
6,138.0,172,34647
6,139.0,172,34647
6,140.0,172,34647
6,141.0,172,34647
6,142.0,172,34647
6,143.0,172,34647
6,144.0,172,34647
6,145.0,172,34647
6,146.0,172,34647
6,147.0,172,34647
6,148.0,172,34647
6,149.0,172,34647
6,150.0,172,34647
6,151.0,172,34647
6,152.0,172,34647
6,153.0,172,34647
6,154.0,172,34647
6,155.0,172,34647
6,156.0,172,34647
6,157.0,172,34647
6,158.0,172,34647
6,159.0,172,34647
6,160.0,172,34647
6,161.0,172,34647
6,162.0,172,34647
6,163.0,172,34647
6,164.0,172,34647
6,165.0,172,34647
6,166.0,172,34647
8,1.0,180,5250
8,2.0,180,5250
8,3.0,180,5250
8,4.0,180,5250
8,5.0,180,5250
8,6.0,180,5250
8,7.0,180,5250
8,8.0,180,5250
8,9.0,180,5250
8,10.0,180,5250
8,11.0,180,5250
8,12.0,180,5250
8,13.0,180,5250
8,14.0,180,5250
8,15.0,180,5250
8,16.0,180,5250
8,17.0,180,5250
8,18.0,180,5250
8,19.0,180,5250
8,20.0,180,5250
8,21.0,180,5250
8,22.0,180,5250
8,23.0,180,5250
8,24.0,180,5250
8,25.0,180,5250
8,26.0,180,5645
8,27.0,188,5645
8,28.0,188,5645
8,29.0,206,5645
8,30.0,206,5645
8,31.0,206,5645
8,32.0,206,5645
8,33.0,206,5645
8,34.0,206,5645
8,35.0,244,5645
8,36.0,244,5645
8,37.0,244,5645
8,38.0,264,5645
8,39.0,264,5645
8,40.0,264,5645
8,41.0,264,5645
8,42.0,264,5645
8,43.0,264,5645
8,44.0,264,5645
8,45.0,264,21767
8,46.0,264,21767
8,47.0,264,21767
8,48.0,280,21767
8,49.0,309,21767
8,50.0,309,21767
8,51.0,309,21767
8,52.0,327,21767
8,53.0,347,21767
8,54.0,347,21767
8,55.0,347,21767
8,56.0,347,21767
8,57.0,347,21767
8,58.0,347,21767
8,59.0,347,21767
8,60.0,347,21767
8,61.0,347,21767
8,62.0,347,21767
8,63.0,347,21767
8,64.0,347,21767
8,65.0,347,21767
8,66.0,347,21767
8,67.0,347,21767
8,68.0,347,21767
8,69.0,383,21767
8,70.0,383,24494
8,71.0,409,24494
8,72.0,409,27482
8,73.0,409,27482
8,74.0,409,27482
8,75.0,409,27482
8,76.0,409,27482
8,77.0,409,27482
8,78.0,409,27482
8,79.0,455,27482
8,80.0,493,27482
8,81.0,493,31402
8,82.0,493,31402
8,83.0,493,31402
8,84.0,419,31402
8,85.0,419,31402
8,86.0,419,31402
8,87.0,419,31402
8,88.0,419,31402
8,89.0,419,31402
8,90.0,419,31402
8,91.0,419,31402
8,92.0,419,31402
8,93.0,419,31402
8,94.0,419,31402
8,95.0,316,31402
8,96.0,316,31402
8,97.0,316,31402
8,98.0,316,31402
8,99.0,316,31402
8,100.0,316,31402
8,101.0,227,31402
8,102.0,244,31402
8,103.0,244,31402
8,104.0,267,34741
8,105.0,293,34741
8,106.0,293,34741
8,107.0,293,34741
8,108.0,293,34741
8,109.0,293,34741
8,110.0,293,34741
8,111.0,293,34741
8,112.0,293,34741
8,113.0,315,34741
8,114.0,315,34741
8,115.0,315,34741
8,116.0,315,34741
8,117.0,151,34741
8,118.0,151,34741
8,119.0,151,34741
8,120.0,151,34741
8,121.0,151,34741
8,122.0,151,34741
8,123.0,151,34741
8,124.0,151,34741
8,125.0,151,34741
8,126.0,151,34741
8,127.0,151,34741
8,128.0,151,34741
8,129.0,151,34741
8,130.0,151,34741
8,131.0,151,34741
8,132.0,151,34741
8,133.0,151,34741
8,134.0,151,34741
8,135.0,151,34741
8,136.0,151,34741
8,137.0,151,34741
8,138.0,151,34741
8,139.0,151,34741
8,140.0,151,34741
8,141.0,151,34741
8,142.0,151,34741
8,143.0,151,34741
8,144.0,151,34741
8,145.0,151,34741
8,146.0,151,34741
8,147.0,151,34741
8,148.0,151,34741
8,149.0,151,34741
8,150.0,151,34741
8,151.0,151,34741
8,152.0,151,34741
8,153.0,151,34741
8,154.0,151,34741
8,155.0,151,34741
8,156.0,151,34741
8,157.0,151,34741
8,158.0,151,34741
8,159.0,151,34741
8,160.0,151,34741
8,161.0,151,34741
8,162.0,151,34741
8,163.0,151,34741
8,164.0,151,34741
8,165.0,151,34741
8,166.0,151,34741
10,1.0,180,5250
10,2.0,180,5250
10,3.0,180,5250
10,4.0,180,5250
10,5.0,180,5250
10,6.0,180,5250
10,7.0,180,5250
10,8.0,180,5250
10,9.0,180,5250
10,10.0,180,5250
10,11.0,180,5250
10,12.0,180,5250
10,13.0,180,5250
10,14.0,180,5250
10,15.0,180,5250
10,16.0,180,5250
10,17.0,180,5250
10,18.0,180,5250
10,19.0,180,5250
10,20.0,180,5250
10,21.0,180,5250
10,22.0,180,5250
10,23.0,180,5250
10,24.0,180,5250
10,25.0,180,5250
10,26.0,180,5656
10,27.0,187,5656
10,28.0,187,5656
10,29.0,201,5656
10,30.0,201,5656
10,31.0,201,5656
10,32.0,201,5656
10,33.0,201,5656
10,34.0,201,5656
10,35.0,226,5656
10,36.0,226,5656
10,37.0,226,5656
10,38.0,250,5656
10,39.0,250,5656
10,40.0,250,5656
10,41.0,250,5656
10,42.0,250,5656
10,43.0,250,5656
10,44.0,250,5656
10,45.0,250,21850
10,46.0,250,21850
10,47.0,250,21850
10,48.0,262,21850
10,49.0,282,21850
10,50.0,282,21850
10,51.0,282,21850
10,52.0,311,21850
10,53.0,335,21850
10,54.0,335,21850
10,55.0,335,21850
10,56.0,335,21850
10,57.0,335,21850
10,58.0,335,21850
10,59.0,335,21850
10,60.0,335,21850
10,61.0,335,21850
10,62.0,335,21850
10,63.0,335,21850
10,64.0,335,21850
10,65.0,335,21850
10,66.0,335,21850
10,67.0,335,21850
10,68.0,335,21850
10,69.0,362,21850
10,70.0,362,24657
10,71.0,392,24657
10,72.0,392,27531
10,73.0,392,27531
10,74.0,392,27531
10,75.0,392,27531
10,76.0,392,27531
10,77.0,392,27531
10,78.0,392,27531
10,79.0,429,27531
10,80.0,479,27531
10,81.0,479,31531
10,82.0,479,31531
10,83.0,479,31531
10,84.0,390,31531
10,85.0,390,31531
10,86.0,390,31531
10,87.0,390,31531
10,88.0,390,31531
10,89.0,390,31531
10,90.0,390,31531
10,91.0,390,31531
10,92.0,390,31531
10,93.0,390,31531
10,94.0,390,31531
10,95.0,285,31531
10,96.0,285,31531
10,97.0,285,31531
10,98.0,285,31531
10,99.0,285,31531
10,100.0,285,31531
10,101.0,199,31531
10,102.0,213,31531
10,103.0,213,31531
10,104.0,227,34931
10,105.0,256,34931
10,106.0,256,34931
10,107.0,256,34931
10,108.0,256,34931
10,109.0,256,34931
10,110.0,256,34931
10,111.0,256,34931
10,112.0,256,34931
10,113.0,270,34931
10,114.0,270,34931
10,115.0,270,34931
10,116.0,270,34931
10,117.0,138,34931
10,118.0,138,34931
10,119.0,138,34931
10,120.0,138,34931
10,121.0,138,34931
10,122.0,138,34931
10,123.0,138,34931
10,124.0,138,34931
10,125.0,138,34931
10,126.0,138,34931
10,127.0,138,34931
10,128.0,138,34931
10,129.0,138,34931
10,130.0,138,34931
10,131.0,138,34931
10,132.0,138,34931
10,133.0,138,34931
10,134.0,138,34931
10,135.0,138,34931
10,136.0,138,34931
10,137.0,138,34931
10,138.0,138,34931
10,139.0,138,34931
10,140.0,138,34931
10,141.0,138,34931
10,142.0,138,34931
10,143.0,138,34931
10,144.0,138,34931
10,145.0,138,34931
10,146.0,138,34931
10,147.0,138,34931
10,148.0,138,34931
10,149.0,138,34931
10,150.0,138,34931
10,151.0,138,34931
10,152.0,138,34931
10,153.0,138,34931
10,154.0,138,34931
10,155.0,138,34931
10,156.0,138,34931
10,157.0,138,34931
10,158.0,138,34931
10,159.0,138,34931
10,160.0,138,34931
10,161.0,138,34931
10,162.0,138,34931
10,163.0,138,34931
10,164.0,138,34931
10,165.0,138,34931
10,166.0,138,34931
