"run","tick","GRCount","STCount"
1,1.0,200,7500
1,2.0,200,7500
1,3.0,200,7500
1,4.0,200,7500
1,5.0,200,7500
1,6.0,200,7500
1,7.0,200,7500
1,8.0,200,7500
1,9.0,200,7500
1,10.0,200,7500
1,11.0,200,7500
1,12.0,200,7500
1,13.0,200,7500
1,14.0,200,7500
1,15.0,200,7500
1,16.0,200,7500
1,17.0,200,7500
1,18.0,200,7500
1,19.0,200,7500
1,20.0,200,7500
1,21.0,200,7500
1,22.0,200,7500
1,23.0,200,7500
1,24.0,200,7500
1,25.0,200,7500
1,26.0,200,8669
1,27.0,329,8669
1,28.0,329,8669
1,29.0,533,8669
1,30.0,533,8669
1,31.0,533,8669
1,32.0,533,8669
1,33.0,533,8669
1,34.0,533,8669
1,35.0,933,8669
1,36.0,933,8669
1,37.0,933,8669
1,38.0,1193,8669
1,39.0,1193,8669
1,40.0,1193,8669
1,41.0,1193,8669
1,42.0,1193,8669
1,43.0,1193,8669
1,44.0,1193,8669
1,45.0,1193,56066
1,46.0,1193,56066
1,47.0,1193,56066
1,48.0,1714,56066
1,49.0,2233,56066
1,50.0,2233,56066
1,51.0,2233,56066
1,52.0,2945,56066
1,53.0,3673,56066
1,54.0,3673,56066
1,55.0,3673,56066
1,56.0,3673,56066
1,57.0,3673,56066
1,58.0,3673,56066
1,59.0,3673,56066
1,60.0,3673,56066
1,61.0,3673,56066
1,62.0,3673,56066
1,63.0,3673,56066
1,64.0,3673,56066
1,65.0,3673,56066
1,66.0,3673,56066
1,67.0,3673,56066
1,68.0,3673,56066
1,69.0,5236,56066
1,70.0,5236,61784
1,71.0,6835,61784
1,72.0,6835,68103
1,73.0,6835,68103
1,74.0,6835,68103
1,75.0,6835,68103
1,76.0,6835,68103
1,77.0,6835,68103
1,78.0,6835,68103
1,79.0,11451,68103
1,80.0,16344,68103
1,81.0,16344,79893
1,82.0,16344,79893
1,83.0,16344,79893
1,84.0,15433,79893
1,85.0,15433,79893
1,86.0,15433,79893
1,87.0,15433,79893
1,88.0,15433,79893
1,89.0,15433,79893
1,90.0,15433,79893
1,91.0,15433,79893
1,92.0,15433,79893
1,93.0,15433,79893
1,94.0,15433,79893
1,95.0,13739,79893
1,96.0,13739,79893
1,97.0,13739,79893
1,98.0,13739,79893
1,99.0,13739,79893
1,100.0,13739,79893
1,101.0,27826,79893
1,102.0,40682,79893
1,103.0,40682,79893
1,104.0,53544,89866
1,105.0,66317,89866
1,106.0,66317,89866
1,107.0,66317,89866
1,108.0,66317,89866
1,109.0,66317,89866
1,110.0,66317,89866
1,111.0,66317,89866
1,112.0,66317,89866
1,113.0,67089,89866
1,114.0,67089,89866
1,115.0,67089,89866
1,116.0,67089,89866
1,117.0,48805,89866
1,118.0,48805,89866
1,119.0,48805,89866
1,120.0,48805,89866
1,121.0,48805,89866
1,122.0,48805,89866
1,123.0,48805,89866
1,124.0,48805,89866
1,125.0,48805,89866
1,126.0,48805,89866
1,127.0,48805,89866
1,128.0,48805,89866
1,129.0,48805,89866
1,130.0,48805,89866
1,131.0,48805,89866
1,132.0,48805,89866
1,133.0,48805,89866
1,134.0,48805,89866
1,135.0,48805,89866
1,136.0,48805,89866
1,137.0,48805,89866
1,138.0,48805,89866
1,139.0,48805,89866
1,140.0,48805,89866
1,141.0,48805,89866
1,142.0,48805,89866
1,143.0,48805,89866
1,144.0,48805,89866
1,145.0,48805,89866
1,146.0,48805,89866
1,147.0,48805,89866
1,148.0,48805,89866
1,149.0,48805,89866
1,150.0,48805,89866
1,151.0,48805,89866
1,152.0,48805,89866
1,153.0,48805,89866
1,154.0,48805,89866
1,155.0,48805,89866
1,156.0,48805,89866
1,157.0,48805,89866
1,158.0,48805,89866
1,159.0,48805,89866
1,160.0,48805,89866
1,161.0,48805,89866
1,162.0,48805,89866
1,163.0,48805,89866
1,164.0,48805,89866
1,165.0,48805,89866
1,166.0,48805,89866
3,1.0,200,7500
3,2.0,200,7500
3,3.0,200,7500
3,4.0,200,7500
3,5.0,200,7500
3,6.0,200,7500
3,7.0,200,7500
3,8.0,200,7500
3,9.0,200,7500
3,10.0,200,7500
3,11.0,200,7500
3,12.0,200,7500
3,13.0,200,7500
3,14.0,200,7500
3,15.0,200,7500
3,16.0,200,7500
3,17.0,200,7500
3,18.0,200,7500
3,19.0,200,7500
3,20.0,200,7500
3,21.0,200,7500
3,22.0,200,7500
3,23.0,200,7500
3,24.0,200,7500
3,25.0,200,7500
3,26.0,200,8662
3,27.0,323,8662
3,28.0,323,8662
3,29.0,528,8662
3,30.0,528,8662
3,31.0,528,8662
3,32.0,528,8662
3,33.0,528,8662
3,34.0,528,8662
3,35.0,928,8662
3,36.0,928,8662
3,37.0,928,8662
3,38.0,1186,8662
3,39.0,1186,8662
3,40.0,1186,8662
3,41.0,1186,8662
3,42.0,1186,8662
3,43.0,1186,8662
3,44.0,1186,8662
3,45.0,1186,55884
3,46.0,1186,55884
3,47.0,1186,55884
3,48.0,1712,55884
3,49.0,2236,55884
3,50.0,2236,55884
3,51.0,2236,55884
3,52.0,2911,55884
3,53.0,3621,55884
3,54.0,3621,55884
3,55.0,3621,55884
3,56.0,3621,55884
3,57.0,3621,55884
3,58.0,3621,55884
3,59.0,3621,55884
3,60.0,3621,55884
3,61.0,3621,55884
3,62.0,3621,55884
3,63.0,3621,55884
3,64.0,3621,55884
3,65.0,3621,55884
3,66.0,3621,55884
3,67.0,3621,55884
3,68.0,3621,55884
3,69.0,5231,55884
3,70.0,5231,61639
3,71.0,6809,61639
3,72.0,6809,67965
3,73.0,6809,67965
3,74.0,6809,67965
3,75.0,6809,67965
3,76.0,6809,67965
3,77.0,6809,67965
3,78.0,6809,67965
3,79.0,11416,67965
3,80.0,16293,67965
3,81.0,16293,79803
3,82.0,16293,79803
3,83.0,16293,79803
3,84.0,15392,79803
3,85.0,15392,79803
3,86.0,15392,79803
3,87.0,15392,79803
3,88.0,15392,79803
3,89.0,15392,79803
3,90.0,15392,79803
3,91.0,15392,79803
3,92.0,15392,79803
3,93.0,15392,79803
3,94.0,15392,79803
3,95.0,13722,79803
3,96.0,13722,79803
3,97.0,13722,79803
3,98.0,13722,79803
3,99.0,13722,79803
3,100.0,13722,79803
3,101.0,27924,79803
3,102.0,40567,79803
3,103.0,40567,79803
3,104.0,53303,89738
3,105.0,54126,89738
3,106.0,54126,89738
3,107.0,54126,89738
3,108.0,54126,89738
3,109.0,54126,89738
3,110.0,54126,89738
3,111.0,54126,89738
3,112.0,54126,89738
3,113.0,54888,89738
3,114.0,54888,89738
3,115.0,54888,89738
3,116.0,54888,89738
3,117.0,39563,89738
3,118.0,39563,89738
3,119.0,39563,89738
3,120.0,39563,89738
3,121.0,39563,89738
3,122.0,39563,89738
3,123.0,39563,89738
3,124.0,39563,89738
3,125.0,39563,89738
3,126.0,39563,89738
3,127.0,39563,89738
3,128.0,39563,89738
3,129.0,39563,89738
3,130.0,39563,89738
3,131.0,39563,89738
3,132.0,39563,89738
3,133.0,39563,89738
3,134.0,39563,89738
3,135.0,39563,89738
3,136.0,39563,89738
3,137.0,39563,89738
3,138.0,39563,89738
3,139.0,39563,89738
3,140.0,39563,89738
3,141.0,39563,89738
3,142.0,39563,89738
3,143.0,39563,89738
3,144.0,39563,89738
3,145.0,39563,89738
3,146.0,39563,89738
3,147.0,39563,89738
3,148.0,39563,89738
3,149.0,39563,89738
3,150.0,39563,89738
3,151.0,39563,89738
3,152.0,39563,89738
3,153.0,39563,89738
3,154.0,39563,89738
3,155.0,39563,89738
3,156.0,39563,89738
3,157.0,39563,89738
3,158.0,39563,89738
3,159.0,39563,89738
3,160.0,39563,89738
3,161.0,39563,89738
3,162.0,39563,89738
3,163.0,39563,89738
3,164.0,39563,89738
3,165.0,39563,89738
3,166.0,39563,89738
5,1.0,200,7500
5,2.0,200,7500
5,3.0,200,7500
5,4.0,200,7500
5,5.0,200,7500
5,6.0,200,7500
5,7.0,200,7500
5,8.0,200,7500
5,9.0,200,7500
5,10.0,200,7500
5,11.0,200,7500
5,12.0,200,7500
5,13.0,200,7500
5,14.0,200,7500
5,15.0,200,7500
5,16.0,200,7500
5,17.0,200,7500
5,18.0,200,7500
5,19.0,200,7500
5,20.0,200,7500
5,21.0,200,7500
5,22.0,200,7500
5,23.0,200,7500
5,24.0,200,7500
5,25.0,200,7500
5,26.0,200,8641
5,27.0,342,8641
5,28.0,342,8641
5,29.0,528,8641
5,30.0,528,8641
5,31.0,528,8641
5,32.0,528,8641
5,33.0,528,8641
5,34.0,528,8641
5,35.0,928,8641
5,36.0,928,8641
5,37.0,928,8641
5,38.0,1193,8641
5,39.0,1193,8641
5,40.0,1193,8641
5,41.0,1193,8641
5,42.0,1193,8641
5,43.0,1193,8641
5,44.0,1193,8641
5,45.0,1193,55782
5,46.0,1193,55782
5,47.0,1193,55782
5,48.0,1736,55782
5,49.0,2298,55782
5,50.0,2298,55782
5,51.0,2298,55782
5,52.0,3007,55782
5,53.0,3692,55782
5,54.0,3692,55782
5,55.0,3692,55782
5,56.0,3692,55782
5,57.0,3692,55782
5,58.0,3692,55782
5,59.0,3692,55782
5,60.0,3692,55782
5,61.0,3692,55782
5,62.0,3692,55782
5,63.0,3692,55782
5,64.0,3692,55782
5,65.0,3692,55782
5,66.0,3692,55782
5,67.0,3692,55782
5,68.0,3692,55782
5,69.0,5286,55782
5,70.0,5286,61492
5,71.0,6887,61492
5,72.0,6887,67787
5,73.0,6887,67787
5,74.0,6887,67787
5,75.0,6887,67787
5,76.0,6887,67787
5,77.0,6887,67787
5,78.0,6887,67787
5,79.0,11588,67787
5,80.0,16442,67787
5,81.0,16442,79468
5,82.0,16442,79468
5,83.0,16442,79468
5,84.0,15522,79468
5,85.0,15522,79468
5,86.0,15522,79468
5,87.0,15522,79468
5,88.0,15522,79468
5,89.0,15522,79468
5,90.0,15522,79468
5,91.0,15522,79468
5,92.0,15522,79468
5,93.0,15522,79468
5,94.0,15522,79468
5,95.0,13836,79468
5,96.0,13836,79468
5,97.0,13836,79468
5,98.0,13836,79468
5,99.0,13836,79468
5,100.0,13836,79468
5,101.0,28122,79468
5,102.0,41090,79468
5,103.0,41090,79468
5,104.0,54089,89225
5,105.0,67144,89225
5,106.0,67144,89225
5,107.0,67144,89225
5,108.0,67144,89225
5,109.0,67144,89225
5,110.0,67144,89225
5,111.0,67144,89225
5,112.0,67144,89225
5,113.0,67914,89225
5,114.0,67914,89225
5,115.0,67914,89225
5,116.0,67914,89225
5,117.0,49176,89225
5,118.0,49176,89225
5,119.0,49176,89225
5,120.0,49176,89225
5,121.0,49176,89225
5,122.0,49176,89225
5,123.0,49176,89225
5,124.0,49176,89225
5,125.0,49176,89225
5,126.0,49176,89225
5,127.0,49176,89225
5,128.0,49176,89225
5,129.0,49176,89225
5,130.0,49176,89225
5,131.0,49176,89225
5,132.0,49176,89225
5,133.0,49176,89225
5,134.0,49176,89225
5,135.0,49176,89225
5,136.0,49176,89225
5,137.0,49176,89225
5,138.0,49176,89225
5,139.0,49176,89225
5,140.0,49176,89225
5,141.0,49176,89225
5,142.0,49176,89225
5,143.0,49176,89225
5,144.0,49176,89225
5,145.0,49176,89225
5,146.0,49176,89225
5,147.0,49176,89225
5,148.0,49176,89225
5,149.0,49176,89225
5,150.0,49176,89225
5,151.0,49176,89225
5,152.0,49176,89225
5,153.0,49176,89225
5,154.0,49176,89225
5,155.0,49176,89225
5,156.0,49176,89225
5,157.0,49176,89225
5,158.0,49176,89225
5,159.0,49176,89225
5,160.0,49176,89225
5,161.0,49176,89225
5,162.0,49176,89225
5,163.0,49176,89225
5,164.0,49176,89225
5,165.0,49176,89225
5,166.0,49176,89225
7,1.0,200,7500
7,2.0,200,7500
7,3.0,200,7500
7,4.0,200,7500
7,5.0,200,7500
7,6.0,200,7500
7,7.0,200,7500
7,8.0,200,7500
7,9.0,200,7500
7,10.0,200,7500
7,11.0,200,7500
7,12.0,200,7500
7,13.0,200,7500
7,14.0,200,7500
7,15.0,200,7500
7,16.0,200,7500
7,17.0,200,7500
7,18.0,200,7500
7,19.0,200,7500
7,20.0,200,7500
7,21.0,200,7500
7,22.0,200,7500
7,23.0,200,7500
7,24.0,200,7500
7,25.0,200,7500
7,26.0,200,8823
7,27.0,363,8823
7,28.0,363,8823
7,29.0,562,8823
7,30.0,562,8823
7,31.0,562,8823
7,32.0,562,8823
7,33.0,562,8823
7,34.0,562,8823
7,35.0,962,8823
7,36.0,962,8823
7,37.0,962,8823
7,38.0,1231,8823
7,39.0,1231,8823
7,40.0,1231,8823
7,41.0,1231,8823
7,42.0,1231,8823
7,43.0,1231,8823
7,44.0,1231,8823
7,45.0,1231,55841
7,46.0,1231,55841
7,47.0,1231,55841
7,48.0,1821,55841
7,49.0,2418,55841
7,50.0,2418,55841
7,51.0,2418,55841
7,52.0,3146,55841
7,53.0,3904,55841
7,54.0,3904,55841
7,55.0,3904,55841
7,56.0,3904,55841
7,57.0,3904,55841
7,58.0,3904,55841
7,59.0,3904,55841
7,60.0,3904,55841
7,61.0,3904,55841
7,62.0,3904,55841
7,63.0,3904,55841
7,64.0,3904,55841
7,65.0,3904,55841
7,66.0,3904,55841
7,67.0,3904,55841
7,68.0,3904,55841
7,69.0,5537,55841
7,70.0,5537,61746
7,71.0,7159,61746
7,72.0,7159,68366
7,73.0,7159,68366
7,74.0,7159,68366
7,75.0,7159,68366
7,76.0,7159,68366
7,77.0,7159,68366
7,78.0,7159,68366
7,79.0,12166,68366
7,80.0,17352,68366
7,81.0,17352,80138
7,82.0,17352,80138
7,83.0,17352,80138
7,84.0,16400,80138
7,85.0,16400,80138
7,86.0,16400,80138
7,87.0,16400,80138
7,88.0,16400,80138
7,89.0,16400,80138
7,90.0,16400,80138
7,91.0,16400,80138
7,92.0,16400,80138
7,93.0,16400,80138
7,94.0,16400,80138
7,95.0,14525,80138
7,96.0,14525,80138
7,97.0,14525,80138
7,98.0,14525,80138
7,99.0,14525,80138
7,100.0,14525,80138
7,101.0,29512,80138
7,102.0,43038,80138
7,103.0,43038,80138
7,104.0,56498,90005
7,105.0,69983,90005
7,106.0,69983,90005
7,107.0,69983,90005
7,108.0,69983,90005
7,109.0,69983,90005
7,110.0,69983,90005
7,111.0,69983,90005
7,112.0,69983,90005
7,113.0,70814,90005
7,114.0,70814,90005
7,115.0,70814,90005
7,116.0,70814,90005
7,117.0,51441,90005
7,118.0,51441,90005
7,119.0,51441,90005
7,120.0,51441,90005
7,121.0,51441,90005
7,122.0,51441,90005
7,123.0,51441,90005
7,124.0,51441,90005
7,125.0,51441,90005
7,126.0,51441,90005
7,127.0,51441,90005
7,128.0,51441,90005
7,129.0,51441,90005
7,130.0,51441,90005
7,131.0,51441,90005
7,132.0,51441,90005
7,133.0,51441,90005
7,134.0,51441,90005
7,135.0,51441,90005
7,136.0,51441,90005
7,137.0,51441,90005
7,138.0,51441,90005
7,139.0,51441,90005
7,140.0,51441,90005
7,141.0,51441,90005
7,142.0,51441,90005
7,143.0,51441,90005
7,144.0,51441,90005
7,145.0,51441,90005
7,146.0,51441,90005
7,147.0,51441,90005
7,148.0,51441,90005
7,149.0,51441,90005
7,150.0,51441,90005
7,151.0,51441,90005
7,152.0,51441,90005
7,153.0,51441,90005
7,154.0,51441,90005
7,155.0,51441,90005
7,156.0,51441,90005
7,157.0,51441,90005
7,158.0,51441,90005
7,159.0,51441,90005
7,160.0,51441,90005
7,161.0,51441,90005
7,162.0,51441,90005
7,163.0,51441,90005
7,164.0,51441,90005
7,165.0,51441,90005
7,166.0,51441,90005
9,1.0,200,7500
9,2.0,200,7500
9,3.0,200,7500
9,4.0,200,7500
9,5.0,200,7500
9,6.0,200,7500
9,7.0,200,7500
9,8.0,200,7500
9,9.0,200,7500
9,10.0,200,7500
9,11.0,200,7500
9,12.0,200,7500
9,13.0,200,7500
9,14.0,200,7500
9,15.0,200,7500
9,16.0,200,7500
9,17.0,200,7500
9,18.0,200,7500
9,19.0,200,7500
9,20.0,200,7500
9,21.0,200,7500
9,22.0,200,7500
9,23.0,200,7500
9,24.0,200,7500
9,25.0,200,7500
9,26.0,200,8711
9,27.0,318,8711
9,28.0,318,8711
9,29.0,535,8711
9,30.0,535,8711
9,31.0,535,8711
9,32.0,535,8711
9,33.0,535,8711
9,34.0,535,8711
9,35.0,935,8711
9,36.0,935,8711
9,37.0,935,8711
9,38.0,1203,8711
9,39.0,1203,8711
9,40.0,1203,8711
9,41.0,1203,8711
9,42.0,1203,8711
9,43.0,1203,8711
9,44.0,1203,8711
9,45.0,1203,56066
9,46.0,1203,56066
9,47.0,1203,56066
9,48.0,1737,56066
9,49.0,2273,56066
9,50.0,2273,56066
9,51.0,2273,56066
9,52.0,2977,56066
9,53.0,3696,56066
9,54.0,3696,56066
9,55.0,3696,56066
9,56.0,3696,56066
9,57.0,3696,56066
9,58.0,3696,56066
9,59.0,3696,56066
9,60.0,3696,56066
9,61.0,3696,56066
9,62.0,3696,56066
9,63.0,3696,56066
9,64.0,3696,56066
9,65.0,3696,56066
9,66.0,3696,56066
9,67.0,3696,56066
9,68.0,3696,56066
9,69.0,5293,56066
9,70.0,5293,61955
9,71.0,6897,61955
9,72.0,6897,68427
9,73.0,6897,68427
9,74.0,6897,68427
9,75.0,6897,68427
9,76.0,6897,68427
9,77.0,6897,68427
9,78.0,6897,68427
9,79.0,11614,68427
9,80.0,16529,68427
9,81.0,16529,80181
9,82.0,16529,80181
9,83.0,16529,80181
9,84.0,15650,80181
9,85.0,15650,80181
9,86.0,15650,80181
9,87.0,15650,80181
9,88.0,15650,80181
9,89.0,15650,80181
9,90.0,15650,80181
9,91.0,15650,80181
9,92.0,15650,80181
9,93.0,15650,80181
9,94.0,15650,80181
9,95.0,13907,80181
9,96.0,13907,80181
9,97.0,13907,80181
9,98.0,13907,80181
9,99.0,13907,80181
9,100.0,13907,80181
9,101.0,28198,80181
9,102.0,41003,80181
9,103.0,41003,80181
9,104.0,53870,90357
9,105.0,66565,90357
9,106.0,66565,90357
9,107.0,66565,90357
9,108.0,66565,90357
9,109.0,66565,90357
9,110.0,66565,90357
9,111.0,66565,90357
9,112.0,66565,90357
9,113.0,67355,90357
9,114.0,67355,90357
9,115.0,67355,90357
9,116.0,67355,90357
9,117.0,48637,90357
9,118.0,48637,90357
9,119.0,48637,90357
9,120.0,48637,90357
9,121.0,48637,90357
9,122.0,48637,90357
9,123.0,48637,90357
9,124.0,48637,90357
9,125.0,48637,90357
9,126.0,48637,90357
9,127.0,48637,90357
9,128.0,48637,90357
9,129.0,48637,90357
9,130.0,48637,90357
9,131.0,48637,90357
9,132.0,48637,90357
9,133.0,48637,90357
9,134.0,48637,90357
9,135.0,48637,90357
9,136.0,48637,90357
9,137.0,48637,90357
9,138.0,48637,90357
9,139.0,48637,90357
9,140.0,48637,90357
9,141.0,48637,90357
9,142.0,48637,90357
9,143.0,48637,90357
9,144.0,48637,90357
9,145.0,48637,90357
9,146.0,48637,90357
9,147.0,48637,90357
9,148.0,48637,90357
9,149.0,48637,90357
9,150.0,48637,90357
9,151.0,48637,90357
9,152.0,48637,90357
9,153.0,48637,90357
9,154.0,48637,90357
9,155.0,48637,90357
9,156.0,48637,90357
9,157.0,48637,90357
9,158.0,48637,90357
9,159.0,48637,90357
9,160.0,48637,90357
9,161.0,48637,90357
9,162.0,48637,90357
9,163.0,48637,90357
9,164.0,48637,90357
9,165.0,48637,90357
9,166.0,48637,90357
2,1.0,200,7500
2,2.0,200,7500
2,3.0,200,7500
2,4.0,200,7500
2,5.0,200,7500
2,6.0,200,7500
2,7.0,200,7500
2,8.0,200,7500
2,9.0,200,7500
2,10.0,200,7500
2,11.0,200,7500
2,12.0,200,7500
2,13.0,200,7500
2,14.0,200,7500
2,15.0,200,7500
2,16.0,200,7500
2,17.0,200,7500
2,18.0,200,7500
2,19.0,200,7500
2,20.0,200,7500
2,21.0,200,7500
2,22.0,200,7500
2,23.0,200,7500
2,24.0,200,7500
2,25.0,200,7500
2,26.0,200,8627
2,27.0,347,8627
2,28.0,347,8627
2,29.0,538,8627
2,30.0,538,8627
2,31.0,538,8627
2,32.0,538,8627
2,33.0,538,8627
2,34.0,538,8627
2,35.0,938,8627
2,36.0,938,8627
2,37.0,938,8627
2,38.0,1202,8627
2,39.0,1202,8627
2,40.0,1202,8627
2,41.0,1202,8627
2,42.0,1202,8627
2,43.0,1202,8627
2,44.0,1202,8627
2,45.0,1202,55749
2,46.0,1202,55749
2,47.0,1202,55749
2,48.0,1777,55749
2,49.0,2332,55749
2,50.0,2332,55749
2,51.0,2332,55749
2,52.0,3024,55749
2,53.0,3743,55749
2,54.0,3743,55749
2,55.0,3743,55749
2,56.0,3743,55749
2,57.0,3743,55749
2,58.0,3743,55749
2,59.0,3743,55749
2,60.0,3743,55749
2,61.0,3743,55749
2,62.0,3743,55749
2,63.0,3743,55749
2,64.0,3743,55749
2,65.0,3743,55749
2,66.0,3743,55749
2,67.0,3743,55749
2,68.0,3743,55749
2,69.0,5339,55749
2,70.0,5339,61469
2,71.0,6937,61469
2,72.0,6937,67800
2,73.0,6937,67800
2,74.0,6937,67800
2,75.0,6937,67800
2,76.0,6937,67800
2,77.0,6937,67800
2,78.0,6937,67800
2,79.0,11681,67800
2,80.0,16602,67800
2,81.0,16602,79151
2,82.0,16602,79151
2,83.0,16602,79151
2,84.0,15631,79151
2,85.0,15631,79151
2,86.0,15631,79151
2,87.0,15631,79151
2,88.0,15631,79151
2,89.0,15631,79151
2,90.0,15631,79151
2,91.0,15631,79151
2,92.0,15631,79151
2,93.0,15631,79151
2,94.0,15631,79151
2,95.0,13884,79151
2,96.0,13884,79151
2,97.0,13884,79151
2,98.0,13884,79151
2,99.0,13884,79151
2,100.0,13884,79151
2,101.0,28318,79151
2,102.0,41284,79151
2,103.0,41284,79151
2,104.0,54390,88698
2,105.0,55163,88698
2,106.0,55163,88698
2,107.0,55163,88698
2,108.0,55163,88698
2,109.0,55163,88698
2,110.0,55163,88698
2,111.0,55163,88698
2,112.0,55163,88698
2,113.0,55989,88698
2,114.0,55989,88698
2,115.0,55989,88698
2,116.0,55989,88698
2,117.0,40223,88698
2,118.0,40223,88698
2,119.0,40223,88698
2,120.0,40223,88698
2,121.0,40223,88698
2,122.0,40223,88698
2,123.0,40223,88698
2,124.0,40223,88698
2,125.0,40223,88698
2,126.0,40223,88698
2,127.0,40223,88698
2,128.0,40223,88698
2,129.0,40223,88698
2,130.0,40223,88698
2,131.0,40223,88698
2,132.0,40223,88698
2,133.0,40223,88698
2,134.0,40223,88698
2,135.0,40223,88698
2,136.0,40223,88698
2,137.0,40223,88698
2,138.0,40223,88698
2,139.0,40223,88698
2,140.0,40223,88698
2,141.0,40223,88698
2,142.0,40223,88698
2,143.0,40223,88698
2,144.0,40223,88698
2,145.0,40223,88698
2,146.0,40223,88698
2,147.0,40223,88698
2,148.0,40223,88698
2,149.0,40223,88698
2,150.0,40223,88698
2,151.0,40223,88698
2,152.0,40223,88698
2,153.0,40223,88698
2,154.0,40223,88698
2,155.0,40223,88698
2,156.0,40223,88698
2,157.0,40223,88698
2,158.0,40223,88698
2,159.0,40223,88698
2,160.0,40223,88698
2,161.0,40223,88698
2,162.0,40223,88698
2,163.0,40223,88698
2,164.0,40223,88698
2,165.0,40223,88698
2,166.0,40223,88698
4,1.0,200,7500
4,2.0,200,7500
4,3.0,200,7500
4,4.0,200,7500
4,5.0,200,7500
4,6.0,200,7500
4,7.0,200,7500
4,8.0,200,7500
4,9.0,200,7500
4,10.0,200,7500
4,11.0,200,7500
4,12.0,200,7500
4,13.0,200,7500
4,14.0,200,7500
4,15.0,200,7500
4,16.0,200,7500
4,17.0,200,7500
4,18.0,200,7500
4,19.0,200,7500
4,20.0,200,7500
4,21.0,200,7500
4,22.0,200,7500
4,23.0,200,7500
4,24.0,200,7500
4,25.0,200,7500
4,26.0,200,8781
4,27.0,338,8781
4,28.0,338,8781
4,29.0,553,8781
4,30.0,553,8781
4,31.0,553,8781
4,32.0,553,8781
4,33.0,553,8781
4,34.0,553,8781
4,35.0,953,8781
4,36.0,953,8781
4,37.0,953,8781
4,38.0,1209,8781
4,39.0,1209,8781
4,40.0,1209,8781
4,41.0,1209,8781
4,42.0,1209,8781
4,43.0,1209,8781
4,44.0,1209,8781
4,45.0,1209,55835
4,46.0,1209,55835
4,47.0,1209,55835
4,48.0,1714,55835
4,49.0,2250,55835
4,50.0,2250,55835
4,51.0,2250,55835
4,52.0,2962,55835
4,53.0,3711,55835
4,54.0,3711,55835
4,55.0,3711,55835
4,56.0,3711,55835
4,57.0,3711,55835
4,58.0,3711,55835
4,59.0,3711,55835
4,60.0,3711,55835
4,61.0,3711,55835
4,62.0,3711,55835
4,63.0,3711,55835
4,64.0,3711,55835
4,65.0,3711,55835
4,66.0,3711,55835
4,67.0,3711,55835
4,68.0,3711,55835
4,69.0,5283,55835
4,70.0,5283,61736
4,71.0,6911,61736
4,72.0,6911,68278
4,73.0,6911,68278
4,74.0,6911,68278
4,75.0,6911,68278
4,76.0,6911,68278
4,77.0,6911,68278
4,78.0,6911,68278
4,79.0,11514,68278
4,80.0,16449,68278
4,81.0,16449,79579
4,82.0,16449,79579
4,83.0,16449,79579
4,84.0,15490,79579
4,85.0,15490,79579
4,86.0,15490,79579
4,87.0,15490,79579
4,88.0,15490,79579
4,89.0,15490,79579
4,90.0,15490,79579
4,91.0,15490,79579
4,92.0,15490,79579
4,93.0,15490,79579
4,94.0,15490,79579
4,95.0,13781,79579
4,96.0,13781,79579
4,97.0,13781,79579
4,98.0,13781,79579
4,99.0,13781,79579
4,100.0,13781,79579
4,101.0,28003,79579
4,102.0,40916,79579
4,103.0,40916,79579
4,104.0,53778,89440
4,105.0,66791,89440
4,106.0,66791,89440
4,107.0,66791,89440
4,108.0,66791,89440
4,109.0,66791,89440
4,110.0,66791,89440
4,111.0,66791,89440
4,112.0,66791,89440
4,113.0,67540,89440
4,114.0,67540,89440
4,115.0,67540,89440
4,116.0,67540,89440
4,117.0,48994,89440
4,118.0,48994,89440
4,119.0,48994,89440
4,120.0,48994,89440
4,121.0,48994,89440
4,122.0,48994,89440
4,123.0,48994,89440
4,124.0,48994,89440
4,125.0,48994,89440
4,126.0,48994,89440
4,127.0,48994,89440
4,128.0,48994,89440
4,129.0,48994,89440
4,130.0,48994,89440
4,131.0,48994,89440
4,132.0,48994,89440
4,133.0,48994,89440
4,134.0,48994,89440
4,135.0,48994,89440
4,136.0,48994,89440
4,137.0,48994,89440
4,138.0,48994,89440
4,139.0,48994,89440
4,140.0,48994,89440
4,141.0,48994,89440
4,142.0,48994,89440
4,143.0,48994,89440
4,144.0,48994,89440
4,145.0,48994,89440
4,146.0,48994,89440
4,147.0,48994,89440
4,148.0,48994,89440
4,149.0,48994,89440
4,150.0,48994,89440
4,151.0,48994,89440
4,152.0,48994,89440
4,153.0,48994,89440
4,154.0,48994,89440
4,155.0,48994,89440
4,156.0,48994,89440
4,157.0,48994,89440
4,158.0,48994,89440
4,159.0,48994,89440
4,160.0,48994,89440
4,161.0,48994,89440
4,162.0,48994,89440
4,163.0,48994,89440
4,164.0,48994,89440
4,165.0,48994,89440
4,166.0,48994,89440
6,1.0,200,7500
6,2.0,200,7500
6,3.0,200,7500
6,4.0,200,7500
6,5.0,200,7500
6,6.0,200,7500
6,7.0,200,7500
6,8.0,200,7500
6,9.0,200,7500
6,10.0,200,7500
6,11.0,200,7500
6,12.0,200,7500
6,13.0,200,7500
6,14.0,200,7500
6,15.0,200,7500
6,16.0,200,7500
6,17.0,200,7500
6,18.0,200,7500
6,19.0,200,7500
6,20.0,200,7500
6,21.0,200,7500
6,22.0,200,7500
6,23.0,200,7500
6,24.0,200,7500
6,25.0,200,7500
6,26.0,200,8746
6,27.0,337,8746
6,28.0,337,8746
6,29.0,531,8746
6,30.0,531,8746
6,31.0,531,8746
6,32.0,531,8746
6,33.0,531,8746
6,34.0,531,8746
6,35.0,931,8746
6,36.0,931,8746
6,37.0,931,8746
6,38.0,1207,8746
6,39.0,1207,8746
6,40.0,1207,8746
6,41.0,1207,8746
6,42.0,1207,8746
6,43.0,1207,8746
6,44.0,1207,8746
6,45.0,1207,55985
6,46.0,1207,55985
6,47.0,1207,55985
6,48.0,1761,55985
6,49.0,2285,55985
6,50.0,2285,55985
6,51.0,2285,55985
6,52.0,2994,55985
6,53.0,3696,55985
6,54.0,3696,55985
6,55.0,3696,55985
6,56.0,3696,55985
6,57.0,3696,55985
6,58.0,3696,55985
6,59.0,3696,55985
6,60.0,3696,55985
6,61.0,3696,55985
6,62.0,3696,55985
6,63.0,3696,55985
6,64.0,3696,55985
6,65.0,3696,55985
6,66.0,3696,55985
6,67.0,3696,55985
6,68.0,3696,55985
6,69.0,5323,55985
6,70.0,5323,61886
6,71.0,6907,61886
6,72.0,6907,68130
6,73.0,6907,68130
6,74.0,6907,68130
6,75.0,6907,68130
6,76.0,6907,68130
6,77.0,6907,68130
6,78.0,6907,68130
6,79.0,11719,68130
6,80.0,16646,68130
6,81.0,16646,80284
6,82.0,16646,80284
6,83.0,16646,80284
6,84.0,15738,80284
6,85.0,15738,80284
6,86.0,15738,80284
6,87.0,15738,80284
6,88.0,15738,80284
6,89.0,15738,80284
6,90.0,15738,80284
6,91.0,15738,80284
6,92.0,15738,80284
6,93.0,15738,80284
6,94.0,15738,80284
6,95.0,13997,80284
6,96.0,13997,80284
6,97.0,13997,80284
6,98.0,13997,80284
6,99.0,13997,80284
6,100.0,13997,80284
6,101.0,28261,80284
6,102.0,41299,80284
6,103.0,41299,80284
6,104.0,54191,90330
6,105.0,67228,90330
6,106.0,67228,90330
6,107.0,67228,90330
6,108.0,67228,90330
6,109.0,67228,90330
6,110.0,67228,90330
6,111.0,67228,90330
6,112.0,67228,90330
6,113.0,67967,90330
6,114.0,67967,90330
6,115.0,67967,90330
6,116.0,67967,90330
6,117.0,49347,90330
6,118.0,49347,90330
6,119.0,49347,90330
6,120.0,49347,90330
6,121.0,49347,90330
6,122.0,49347,90330
6,123.0,49347,90330
6,124.0,49347,90330
6,125.0,49347,90330
6,126.0,49347,90330
6,127.0,49347,90330
6,128.0,49347,90330
6,129.0,49347,90330
6,130.0,49347,90330
6,131.0,49347,90330
6,132.0,49347,90330
6,133.0,49347,90330
6,134.0,49347,90330
6,135.0,49347,90330
6,136.0,49347,90330
6,137.0,49347,90330
6,138.0,49347,90330
6,139.0,49347,90330
6,140.0,49347,90330
6,141.0,49347,90330
6,142.0,49347,90330
6,143.0,49347,90330
6,144.0,49347,90330
6,145.0,49347,90330
6,146.0,49347,90330
6,147.0,49347,90330
6,148.0,49347,90330
6,149.0,49347,90330
6,150.0,49347,90330
6,151.0,49347,90330
6,152.0,49347,90330
6,153.0,49347,90330
6,154.0,49347,90330
6,155.0,49347,90330
6,156.0,49347,90330
6,157.0,49347,90330
6,158.0,49347,90330
6,159.0,49347,90330
6,160.0,49347,90330
6,161.0,49347,90330
6,162.0,49347,90330
6,163.0,49347,90330
6,164.0,49347,90330
6,165.0,49347,90330
6,166.0,49347,90330
8,1.0,200,7500
8,2.0,200,7500
8,3.0,200,7500
8,4.0,200,7500
8,5.0,200,7500
8,6.0,200,7500
8,7.0,200,7500
8,8.0,200,7500
8,9.0,200,7500
8,10.0,200,7500
8,11.0,200,7500
8,12.0,200,7500
8,13.0,200,7500
8,14.0,200,7500
8,15.0,200,7500
8,16.0,200,7500
8,17.0,200,7500
8,18.0,200,7500
8,19.0,200,7500
8,20.0,200,7500
8,21.0,200,7500
8,22.0,200,7500
8,23.0,200,7500
8,24.0,200,7500
8,25.0,200,7500
8,26.0,200,8872
8,27.0,344,8872
8,28.0,344,8872
8,29.0,551,8872
8,30.0,551,8872
8,31.0,551,8872
8,32.0,551,8872
8,33.0,551,8872
8,34.0,551,8872
8,35.0,951,8872
8,36.0,951,8872
8,37.0,951,8872
8,38.0,1231,8872
8,39.0,1231,8872
8,40.0,1231,8872
8,41.0,1231,8872
8,42.0,1231,8872
8,43.0,1231,8872
8,44.0,1231,8872
8,45.0,1231,55973
8,46.0,1231,55973
8,47.0,1231,55973
8,48.0,1754,55973
8,49.0,2290,55973
8,50.0,2290,55973
8,51.0,2290,55973
8,52.0,3030,55973
8,53.0,3774,55973
8,54.0,3774,55973
8,55.0,3774,55973
8,56.0,3774,55973
8,57.0,3774,55973
8,58.0,3774,55973
8,59.0,3774,55973
8,60.0,3774,55973
8,61.0,3774,55973
8,62.0,3774,55973
8,63.0,3774,55973
8,64.0,3774,55973
8,65.0,3774,55973
8,66.0,3774,55973
8,67.0,3774,55973
8,68.0,3774,55973
8,69.0,5443,55973
8,70.0,5443,61875
8,71.0,7090,61875
8,72.0,7090,68260
8,73.0,7090,68260
8,74.0,7090,68260
8,75.0,7090,68260
8,76.0,7090,68260
8,77.0,7090,68260
8,78.0,7090,68260
8,79.0,11990,68260
8,80.0,16961,68260
8,81.0,16961,80089
8,82.0,16961,80089
8,83.0,16961,80089
8,84.0,16029,80089
8,85.0,16029,80089
8,86.0,16029,80089
8,87.0,16029,80089
8,88.0,16029,80089
8,89.0,16029,80089
8,90.0,16029,80089
8,91.0,16029,80089
8,92.0,16029,80089
8,93.0,16029,80089
8,94.0,16029,80089
8,95.0,14233,80089
8,96.0,14233,80089
8,97.0,14233,80089
8,98.0,14233,80089
8,99.0,14233,80089
8,100.0,14233,80089
8,101.0,28917,80089
8,102.0,42169,80089
8,103.0,42169,80089
8,104.0,55487,90009
8,105.0,69003,90009
8,106.0,69003,90009
8,107.0,69003,90009
8,108.0,69003,90009
8,109.0,69003,90009
8,110.0,69003,90009
8,111.0,69003,90009
8,112.0,69003,90009
8,113.0,69784,90009
8,114.0,69784,90009
8,115.0,69784,90009
8,116.0,69784,90009
8,117.0,50816,90009
8,118.0,50816,90009
8,119.0,50816,90009
8,120.0,50816,90009
8,121.0,50816,90009
8,122.0,50816,90009
8,123.0,50816,90009
8,124.0,50816,90009
8,125.0,50816,90009
8,126.0,50816,90009
8,127.0,50816,90009
8,128.0,50816,90009
8,129.0,50816,90009
8,130.0,50816,90009
8,131.0,50816,90009
8,132.0,50816,90009
8,133.0,50816,90009
8,134.0,50816,90009
8,135.0,50816,90009
8,136.0,50816,90009
8,137.0,50816,90009
8,138.0,50816,90009
8,139.0,50816,90009
8,140.0,50816,90009
8,141.0,50816,90009
8,142.0,50816,90009
8,143.0,50816,90009
8,144.0,50816,90009
8,145.0,50816,90009
8,146.0,50816,90009
8,147.0,50816,90009
8,148.0,50816,90009
8,149.0,50816,90009
8,150.0,50816,90009
8,151.0,50816,90009
8,152.0,50816,90009
8,153.0,50816,90009
8,154.0,50816,90009
8,155.0,50816,90009
8,156.0,50816,90009
8,157.0,50816,90009
8,158.0,50816,90009
8,159.0,50816,90009
8,160.0,50816,90009
8,161.0,50816,90009
8,162.0,50816,90009
8,163.0,50816,90009
8,164.0,50816,90009
8,165.0,50816,90009
8,166.0,50816,90009
10,1.0,200,7500
10,2.0,200,7500
10,3.0,200,7500
10,4.0,200,7500
10,5.0,200,7500
10,6.0,200,7500
10,7.0,200,7500
10,8.0,200,7500
10,9.0,200,7500
10,10.0,200,7500
10,11.0,200,7500
10,12.0,200,7500
10,13.0,200,7500
10,14.0,200,7500
10,15.0,200,7500
10,16.0,200,7500
10,17.0,200,7500
10,18.0,200,7500
10,19.0,200,7500
10,20.0,200,7500
10,21.0,200,7500
10,22.0,200,7500
10,23.0,200,7500
10,24.0,200,7500
10,25.0,200,7500
10,26.0,200,8746
10,27.0,314,8746
10,28.0,314,8746
10,29.0,505,8746
10,30.0,505,8746
10,31.0,505,8746
10,32.0,505,8746
10,33.0,505,8746
10,34.0,505,8746
10,35.0,905,8746
10,36.0,905,8746
10,37.0,905,8746
10,38.0,1168,8746
10,39.0,1168,8746
10,40.0,1168,8746
10,41.0,1168,8746
10,42.0,1168,8746
10,43.0,1168,8746
10,44.0,1168,8746
10,45.0,1168,55768
10,46.0,1168,55768
10,47.0,1168,55768
10,48.0,1681,55768
10,49.0,2174,55768
10,50.0,2174,55768
10,51.0,2174,55768
10,52.0,2847,55768
10,53.0,3529,55768
10,54.0,3529,55768
10,55.0,3529,55768
10,56.0,3529,55768
10,57.0,3529,55768
10,58.0,3529,55768
10,59.0,3529,55768
10,60.0,3529,55768
10,61.0,3529,55768
10,62.0,3529,55768
10,63.0,3529,55768
10,64.0,3529,55768
10,65.0,3529,55768
10,66.0,3529,55768
10,67.0,3529,55768
10,68.0,3529,55768
10,69.0,5104,55768
10,70.0,5104,61338
10,71.0,6667,61338
10,72.0,6667,67694
10,73.0,6667,67694
10,74.0,6667,67694
10,75.0,6667,67694
10,76.0,6667,67694
10,77.0,6667,67694
10,78.0,6667,67694
10,79.0,11193,67694
10,80.0,15852,67694
10,81.0,15852,79631
10,82.0,15852,79631
10,83.0,15852,79631
10,84.0,14916,79631
10,85.0,14916,79631
10,86.0,14916,79631
10,87.0,14916,79631
10,88.0,14916,79631
10,89.0,14916,79631
10,90.0,14916,79631
10,91.0,14916,79631
10,92.0,14916,79631
10,93.0,14916,79631
10,94.0,14916,79631
10,95.0,13338,79631
10,96.0,13338,79631
10,97.0,13338,79631
10,98.0,13338,79631
10,99.0,13338,79631
10,100.0,13338,79631
10,101.0,26977,79631
10,102.0,39434,79631
10,103.0,39434,79631
10,104.0,51837,89462
10,105.0,64301,89462
10,106.0,64301,89462
10,107.0,64301,89462
10,108.0,64301,89462
10,109.0,64301,89462
10,110.0,64301,89462
10,111.0,64301,89462
10,112.0,64301,89462
10,113.0,76831,89462
10,114.0,76831,89462
10,115.0,76831,89462
10,116.0,76831,89462
10,117.0,56141,89462
10,118.0,56141,89462
10,119.0,56141,89462
10,120.0,56141,89462
10,121.0,56141,89462
10,122.0,56141,89462
10,123.0,56141,89462
10,124.0,56141,89462
10,125.0,56141,89462
10,126.0,56141,89462
10,127.0,56141,89462
10,128.0,56141,89462
10,129.0,56141,89462
10,130.0,56141,89462
10,131.0,56141,89462
10,132.0,56141,89462
10,133.0,56141,89462
10,134.0,56141,89462
10,135.0,56141,89462
10,136.0,56141,89462
10,137.0,56141,89462
10,138.0,56141,89462
10,139.0,56141,89462
10,140.0,56141,89462
10,141.0,56141,89462
10,142.0,56141,89462
10,143.0,56141,89462
10,144.0,56141,89462
10,145.0,56141,89462
10,146.0,56141,89462
10,147.0,56141,89462
10,148.0,56141,89462
10,149.0,56141,89462
10,150.0,56141,89462
10,151.0,56141,89462
10,152.0,56141,89462
10,153.0,56141,89462
10,154.0,56141,89462
10,155.0,56141,89462
10,156.0,56141,89462
10,157.0,56141,89462
10,158.0,56141,89462
10,159.0,56141,89462
10,160.0,56141,89462
10,161.0,56141,89462
10,162.0,56141,89462
10,163.0,56141,89462
10,164.0,56141,89462
10,165.0,56141,89462
10,166.0,56141,89462
