"run","tick","GRCount","STCount"
1,1.0,200,7500
1,2.0,200,7500
1,3.0,200,7500
1,4.0,200,7500
1,5.0,200,7500
1,6.0,200,7500
1,7.0,200,7500
1,8.0,200,7500
1,9.0,200,7500
1,10.0,200,7500
1,11.0,200,7500
1,12.0,200,7500
1,13.0,200,7500
1,14.0,200,7500
1,15.0,200,7500
1,16.0,200,7500
1,17.0,200,7500
1,18.0,200,7500
1,19.0,200,7500
1,20.0,200,7500
1,21.0,200,7500
1,22.0,200,7500
1,23.0,200,7500
1,24.0,200,7500
1,25.0,200,7500
1,26.0,200,8627
1,27.0,341,8627
1,28.0,341,8627
1,29.0,514,8627
1,30.0,514,8627
1,31.0,514,8627
1,32.0,514,8627
1,33.0,514,8627
1,34.0,514,8627
1,35.0,914,8627
1,36.0,914,8627
1,37.0,914,8627
1,38.0,1175,8627
1,39.0,1175,8627
1,40.0,1175,8627
1,41.0,1175,8627
1,42.0,1175,8627
1,43.0,1175,8627
1,44.0,1175,8627
1,45.0,1175,55721
1,46.0,1175,55721
1,47.0,1175,55721
1,48.0,1702,55721
1,49.0,2216,55721
1,50.0,2216,55721
1,51.0,2216,55721
1,52.0,2876,55721
1,53.0,3558,55721
1,54.0,3558,55721
1,55.0,3558,55721
1,56.0,3558,55721
1,57.0,3558,55721
1,58.0,3558,55721
1,59.0,3558,55721
1,60.0,3558,55721
1,61.0,3558,55721
1,62.0,3558,55721
1,63.0,3558,55721
1,64.0,3558,55721
1,65.0,3558,55721
1,66.0,3558,55721
1,67.0,3558,55721
1,68.0,3558,55721
1,69.0,5097,55721
1,70.0,5097,61314
1,71.0,6639,61314
1,72.0,6639,67594
1,73.0,6639,67594
1,74.0,6639,67594
1,75.0,6639,67594
1,76.0,6639,67594
1,77.0,6639,67594
1,78.0,6639,67594
1,79.0,11135,67594
1,80.0,15838,67594
1,81.0,15838,79234
1,82.0,15838,79234
1,83.0,15838,79234
1,84.0,14931,79234
1,85.0,14931,79234
1,86.0,14931,79234
1,87.0,14931,79234
1,88.0,14931,79234
1,89.0,14931,79234
1,90.0,14931,79234
1,91.0,14931,79234
1,92.0,14931,79234
1,93.0,14931,79234
1,94.0,14931,79234
1,95.0,13258,79234
1,96.0,13258,79234
1,97.0,13258,79234
1,98.0,13258,79234
1,99.0,13258,79234
1,100.0,13258,79234
1,101.0,26818,79234
1,102.0,39202,79234
1,103.0,39202,79234
1,104.0,51514,89000
1,105.0,63911,89000
1,106.0,63911,89000
1,107.0,63911,89000
1,108.0,63911,89000
1,109.0,63911,89000
1,110.0,63911,89000
1,111.0,63911,89000
1,112.0,63911,89000
1,113.0,64702,89000
1,114.0,64702,89000
1,115.0,64702,89000
1,116.0,64702,89000
1,117.0,46992,89000
1,118.0,46992,89000
1,119.0,46992,89000
1,120.0,46992,89000
1,121.0,46992,89000
1,122.0,46992,89000
1,123.0,46992,89000
1,124.0,46992,89000
1,125.0,46992,89000
1,126.0,46992,89000
1,127.0,46992,89000
1,128.0,46992,89000
1,129.0,46992,89000
1,130.0,46992,89000
1,131.0,46992,89000
1,132.0,46992,89000
1,133.0,46992,89000
1,134.0,46992,89000
1,135.0,46992,89000
1,136.0,46992,89000
1,137.0,46992,89000
1,138.0,46992,89000
1,139.0,46992,89000
1,140.0,46992,89000
1,141.0,46992,89000
1,142.0,46992,89000
1,143.0,46992,89000
1,144.0,46992,89000
1,145.0,46992,89000
1,146.0,46992,89000
1,147.0,46992,89000
1,148.0,46992,89000
1,149.0,46992,89000
1,150.0,46992,89000
1,151.0,46992,89000
1,152.0,46992,89000
1,153.0,46992,89000
1,154.0,46992,89000
1,155.0,46992,89000
1,156.0,46992,89000
1,157.0,46992,89000
1,158.0,46992,89000
1,159.0,46992,89000
1,160.0,46992,89000
1,161.0,46992,89000
1,162.0,46992,89000
1,163.0,46992,89000
1,164.0,46992,89000
1,165.0,46992,89000
1,166.0,46992,89000
3,1.0,200,7500
3,2.0,200,7500
3,3.0,200,7500
3,4.0,200,7500
3,5.0,200,7500
3,6.0,200,7500
3,7.0,200,7500
3,8.0,200,7500
3,9.0,200,7500
3,10.0,200,7500
3,11.0,200,7500
3,12.0,200,7500
3,13.0,200,7500
3,14.0,200,7500
3,15.0,200,7500
3,16.0,200,7500
3,17.0,200,7500
3,18.0,200,7500
3,19.0,200,7500
3,20.0,200,7500
3,21.0,200,7500
3,22.0,200,7500
3,23.0,200,7500
3,24.0,200,7500
3,25.0,200,7500
3,26.0,200,8725
3,27.0,347,8725
3,28.0,347,8725
3,29.0,557,8725
3,30.0,557,8725
3,31.0,557,8725
3,32.0,557,8725
3,33.0,557,8725
3,34.0,557,8725
3,35.0,957,8725
3,36.0,957,8725
3,37.0,957,8725
3,38.0,1223,8725
3,39.0,1223,8725
3,40.0,1223,8725
3,41.0,1223,8725
3,42.0,1223,8725
3,43.0,1223,8725
3,44.0,1223,8725
3,45.0,1223,56168
3,46.0,1223,56168
3,47.0,1223,56168
3,48.0,1746,56168
3,49.0,2291,56168
3,50.0,2291,56168
3,51.0,2291,56168
3,52.0,3028,56168
3,53.0,3781,56168
3,54.0,3781,56168
3,55.0,3781,56168
3,56.0,3781,56168
3,57.0,3781,56168
3,58.0,3781,56168
3,59.0,3781,56168
3,60.0,3781,56168
3,61.0,3781,56168
3,62.0,3781,56168
3,63.0,3781,56168
3,64.0,3781,56168
3,65.0,3781,56168
3,66.0,3781,56168
3,67.0,3781,56168
3,68.0,3781,56168
3,69.0,5417,56168
3,70.0,5417,61828
3,71.0,7032,61828
3,72.0,7032,68092
3,73.0,7032,68092
3,74.0,7032,68092
3,75.0,7032,68092
3,76.0,7032,68092
3,77.0,7032,68092
3,78.0,7032,68092
3,79.0,11834,68092
3,80.0,16869,68092
3,81.0,16869,80032
3,82.0,16869,80032
3,83.0,16869,80032
3,84.0,15892,80032
3,85.0,15892,80032
3,86.0,15892,80032
3,87.0,15892,80032
3,88.0,15892,80032
3,89.0,15892,80032
3,90.0,15892,80032
3,91.0,15892,80032
3,92.0,15892,80032
3,93.0,15892,80032
3,94.0,15892,80032
3,95.0,14171,80032
3,96.0,14171,80032
3,97.0,14171,80032
3,98.0,14171,80032
3,99.0,14171,80032
3,100.0,14171,80032
3,101.0,28918,80032
3,102.0,42179,80032
3,103.0,42179,80032
3,104.0,55406,90086
3,105.0,68674,90086
3,106.0,68674,90086
3,107.0,68674,90086
3,108.0,68674,90086
3,109.0,68674,90086
3,110.0,68674,90086
3,111.0,68674,90086
3,112.0,68674,90086
3,113.0,69486,90086
3,114.0,69486,90086
3,115.0,69486,90086
3,116.0,69486,90086
3,117.0,50334,90086
3,118.0,50334,90086
3,119.0,50334,90086
3,120.0,50334,90086
3,121.0,50334,90086
3,122.0,50334,90086
3,123.0,50334,90086
3,124.0,50334,90086
3,125.0,50334,90086
3,126.0,50334,90086
3,127.0,50334,90086
3,128.0,50334,90086
3,129.0,50334,90086
3,130.0,50334,90086
3,131.0,50334,90086
3,132.0,50334,90086
3,133.0,50334,90086
3,134.0,50334,90086
3,135.0,50334,90086
3,136.0,50334,90086
3,137.0,50334,90086
3,138.0,50334,90086
3,139.0,50334,90086
3,140.0,50334,90086
3,141.0,50334,90086
3,142.0,50334,90086
3,143.0,50334,90086
3,144.0,50334,90086
3,145.0,50334,90086
3,146.0,50334,90086
3,147.0,50334,90086
3,148.0,50334,90086
3,149.0,50334,90086
3,150.0,50334,90086
3,151.0,50334,90086
3,152.0,50334,90086
3,153.0,50334,90086
3,154.0,50334,90086
3,155.0,50334,90086
3,156.0,50334,90086
3,157.0,50334,90086
3,158.0,50334,90086
3,159.0,50334,90086
3,160.0,50334,90086
3,161.0,50334,90086
3,162.0,50334,90086
3,163.0,50334,90086
3,164.0,50334,90086
3,165.0,50334,90086
3,166.0,50334,90086
5,1.0,200,7500
5,2.0,200,7500
5,3.0,200,7500
5,4.0,200,7500
5,5.0,200,7500
5,6.0,200,7500
5,7.0,200,7500
5,8.0,200,7500
5,9.0,200,7500
5,10.0,200,7500
5,11.0,200,7500
5,12.0,200,7500
5,13.0,200,7500
5,14.0,200,7500
5,15.0,200,7500
5,16.0,200,7500
5,17.0,200,7500
5,18.0,200,7500
5,19.0,200,7500
5,20.0,200,7500
5,21.0,200,7500
5,22.0,200,7500
5,23.0,200,7500
5,24.0,200,7500
5,25.0,200,7500
5,26.0,200,8704
5,27.0,338,8704
5,28.0,338,8704
5,29.0,541,8704
5,30.0,541,8704
5,31.0,541,8704
5,32.0,541,8704
5,33.0,541,8704
5,34.0,541,8704
5,35.0,941,8704
5,36.0,941,8704
5,37.0,941,8704
5,38.0,1201,8704
5,39.0,1201,8704
5,40.0,1201,8704
5,41.0,1201,8704
5,42.0,1201,8704
5,43.0,1201,8704
5,44.0,1201,8704
5,45.0,1201,55805
5,46.0,1201,55805
5,47.0,1201,55805
5,48.0,1747,55805
5,49.0,2315,55805
5,50.0,2315,55805
5,51.0,2315,55805
5,52.0,3024,55805
5,53.0,3757,55805
5,54.0,3757,55805
5,55.0,3757,55805
5,56.0,3757,55805
5,57.0,3757,55805
5,58.0,3757,55805
5,59.0,3757,55805
5,60.0,3757,55805
5,61.0,3757,55805
5,62.0,3757,55805
5,63.0,3757,55805
5,64.0,3757,55805
5,65.0,3757,55805
5,66.0,3757,55805
5,67.0,3757,55805
5,68.0,3757,55805
5,69.0,5378,55805
5,70.0,5378,61569
5,71.0,6992,61569
5,72.0,6992,67974
5,73.0,6992,67974
5,74.0,6992,67974
5,75.0,6992,67974
5,76.0,6992,67974
5,77.0,6992,67974
5,78.0,6992,67974
5,79.0,11768,67974
5,80.0,16679,67974
5,81.0,16679,79856
5,82.0,16679,79856
5,83.0,16679,79856
5,84.0,15733,79856
5,85.0,15733,79856
5,86.0,15733,79856
5,87.0,15733,79856
5,88.0,15733,79856
5,89.0,15733,79856
5,90.0,15733,79856
5,91.0,15733,79856
5,92.0,15733,79856
5,93.0,15733,79856
5,94.0,15733,79856
5,95.0,14045,79856
5,96.0,14045,79856
5,97.0,14045,79856
5,98.0,14045,79856
5,99.0,14045,79856
5,100.0,14045,79856
5,101.0,28676,79856
5,102.0,41872,79856
5,103.0,41872,79856
5,104.0,55112,89699
5,105.0,68336,89699
5,106.0,68336,89699
5,107.0,68336,89699
5,108.0,68336,89699
5,109.0,68336,89699
5,110.0,68336,89699
5,111.0,68336,89699
5,112.0,68336,89699
5,113.0,69126,89699
5,114.0,69126,89699
5,115.0,69126,89699
5,116.0,69126,89699
5,117.0,50029,89699
5,118.0,50029,89699
5,119.0,50029,89699
5,120.0,50029,89699
5,121.0,50029,89699
5,122.0,50029,89699
5,123.0,50029,89699
5,124.0,50029,89699
5,125.0,50029,89699
5,126.0,50029,89699
5,127.0,50029,89699
5,128.0,50029,89699
5,129.0,50029,89699
5,130.0,50029,89699
5,131.0,50029,89699
5,132.0,50029,89699
5,133.0,50029,89699
5,134.0,50029,89699
5,135.0,50029,89699
5,136.0,50029,89699
5,137.0,50029,89699
5,138.0,50029,89699
5,139.0,50029,89699
5,140.0,50029,89699
5,141.0,50029,89699
5,142.0,50029,89699
5,143.0,50029,89699
5,144.0,50029,89699
5,145.0,50029,89699
5,146.0,50029,89699
5,147.0,50029,89699
5,148.0,50029,89699
5,149.0,50029,89699
5,150.0,50029,89699
5,151.0,50029,89699
5,152.0,50029,89699
5,153.0,50029,89699
5,154.0,50029,89699
5,155.0,50029,89699
5,156.0,50029,89699
5,157.0,50029,89699
5,158.0,50029,89699
5,159.0,50029,89699
5,160.0,50029,89699
5,161.0,50029,89699
5,162.0,50029,89699
5,163.0,50029,89699
5,164.0,50029,89699
5,165.0,50029,89699
5,166.0,50029,89699
7,1.0,200,7500
7,2.0,200,7500
7,3.0,200,7500
7,4.0,200,7500
7,5.0,200,7500
7,6.0,200,7500
7,7.0,200,7500
7,8.0,200,7500
7,9.0,200,7500
7,10.0,200,7500
7,11.0,200,7500
7,12.0,200,7500
7,13.0,200,7500
7,14.0,200,7500
7,15.0,200,7500
7,16.0,200,7500
7,17.0,200,7500
7,18.0,200,7500
7,19.0,200,7500
7,20.0,200,7500
7,21.0,200,7500
7,22.0,200,7500
7,23.0,200,7500
7,24.0,200,7500
7,25.0,200,7500
7,26.0,200,8592
7,27.0,338,8592
7,28.0,338,8592
7,29.0,544,8592
7,30.0,544,8592
7,31.0,544,8592
7,32.0,544,8592
7,33.0,544,8592
7,34.0,544,8592
7,35.0,944,8592
7,36.0,944,8592
7,37.0,944,8592
7,38.0,1227,8592
7,39.0,1227,8592
7,40.0,1227,8592
7,41.0,1227,8592
7,42.0,1227,8592
7,43.0,1227,8592
7,44.0,1227,8592
7,45.0,1227,55662
7,46.0,1227,55662
7,47.0,1227,55662
7,48.0,1744,55662
7,49.0,2310,55662
7,50.0,2310,55662
7,51.0,2310,55662
7,52.0,3031,55662
7,53.0,3746,55662
7,54.0,3746,55662
7,55.0,3746,55662
7,56.0,3746,55662
7,57.0,3746,55662
7,58.0,3746,55662
7,59.0,3746,55662
7,60.0,3746,55662
7,61.0,3746,55662
7,62.0,3746,55662
7,63.0,3746,55662
7,64.0,3746,55662
7,65.0,3746,55662
7,66.0,3746,55662
7,67.0,3746,55662
7,68.0,3746,55662
7,69.0,5396,55662
7,70.0,5396,61382
7,71.0,7009,61382
7,72.0,7009,67831
7,73.0,7009,67831
7,74.0,7009,67831
7,75.0,7009,67831
7,76.0,7009,67831
7,77.0,7009,67831
7,78.0,7009,67831
7,79.0,11806,67831
7,80.0,16757,67831
7,81.0,16757,79819
7,82.0,16757,79819
7,83.0,16757,79819
7,84.0,15845,79819
7,85.0,15845,79819
7,86.0,15845,79819
7,87.0,15845,79819
7,88.0,15845,79819
7,89.0,15845,79819
7,90.0,15845,79819
7,91.0,15845,79819
7,92.0,15845,79819
7,93.0,15845,79819
7,94.0,15845,79819
7,95.0,14069,79819
7,96.0,14069,79819
7,97.0,14069,79819
7,98.0,14069,79819
7,99.0,14069,79819
7,100.0,14069,79819
7,101.0,28646,79819
7,102.0,42033,79819
7,103.0,42033,79819
7,104.0,55368,89605
7,105.0,68664,89605
7,106.0,68664,89605
7,107.0,68664,89605
7,108.0,68664,89605
7,109.0,68664,89605
7,110.0,68664,89605
7,111.0,68664,89605
7,112.0,68664,89605
7,113.0,69469,89605
7,114.0,69469,89605
7,115.0,69469,89605
7,116.0,69469,89605
7,117.0,50404,89605
7,118.0,50404,89605
7,119.0,50404,89605
7,120.0,50404,89605
7,121.0,50404,89605
7,122.0,50404,89605
7,123.0,50404,89605
7,124.0,50404,89605
7,125.0,50404,89605
7,126.0,50404,89605
7,127.0,50404,89605
7,128.0,50404,89605
7,129.0,50404,89605
7,130.0,50404,89605
7,131.0,50404,89605
7,132.0,50404,89605
7,133.0,50404,89605
7,134.0,50404,89605
7,135.0,50404,89605
7,136.0,50404,89605
7,137.0,50404,89605
7,138.0,50404,89605
7,139.0,50404,89605
7,140.0,50404,89605
7,141.0,50404,89605
7,142.0,50404,89605
7,143.0,50404,89605
7,144.0,50404,89605
7,145.0,50404,89605
7,146.0,50404,89605
7,147.0,50404,89605
7,148.0,50404,89605
7,149.0,50404,89605
7,150.0,50404,89605
7,151.0,50404,89605
7,152.0,50404,89605
7,153.0,50404,89605
7,154.0,50404,89605
7,155.0,50404,89605
7,156.0,50404,89605
7,157.0,50404,89605
7,158.0,50404,89605
7,159.0,50404,89605
7,160.0,50404,89605
7,161.0,50404,89605
7,162.0,50404,89605
7,163.0,50404,89605
7,164.0,50404,89605
7,165.0,50404,89605
7,166.0,50404,89605
9,1.0,200,7500
9,2.0,200,7500
9,3.0,200,7500
9,4.0,200,7500
9,5.0,200,7500
9,6.0,200,7500
9,7.0,200,7500
9,8.0,200,7500
9,9.0,200,7500
9,10.0,200,7500
9,11.0,200,7500
9,12.0,200,7500
9,13.0,200,7500
9,14.0,200,7500
9,15.0,200,7500
9,16.0,200,7500
9,17.0,200,7500
9,18.0,200,7500
9,19.0,200,7500
9,20.0,200,7500
9,21.0,200,7500
9,22.0,200,7500
9,23.0,200,7500
9,24.0,200,7500
9,25.0,200,7500
9,26.0,200,8753
9,27.0,341,8753
9,28.0,341,8753
9,29.0,548,8753
9,30.0,548,8753
9,31.0,548,8753
9,32.0,548,8753
9,33.0,548,8753
9,34.0,548,8753
9,35.0,948,8753
9,36.0,948,8753
9,37.0,948,8753
9,38.0,1226,8753
9,39.0,1226,8753
9,40.0,1226,8753
9,41.0,1226,8753
9,42.0,1226,8753
9,43.0,1226,8753
9,44.0,1226,8753
9,45.0,1226,55746
9,46.0,1226,55746
9,47.0,1226,55746
9,48.0,1777,55746
9,49.0,2322,55746
9,50.0,2322,55746
9,51.0,2322,55746
9,52.0,3054,55746
9,53.0,3794,55746
9,54.0,3794,55746
9,55.0,3794,55746
9,56.0,3794,55746
9,57.0,3794,55746
9,58.0,3794,55746
9,59.0,3794,55746
9,60.0,3794,55746
9,61.0,3794,55746
9,62.0,3794,55746
9,63.0,3794,55746
9,64.0,3794,55746
9,65.0,3794,55746
9,66.0,3794,55746
9,67.0,3794,55746
9,68.0,3794,55746
9,69.0,5458,55746
9,70.0,5458,61427
9,71.0,7113,61427
9,72.0,7113,67528
9,73.0,7113,67528
9,74.0,7113,67528
9,75.0,7113,67528
9,76.0,7113,67528
9,77.0,7113,67528
9,78.0,7113,67528
9,79.0,11925,67528
9,80.0,16966,67528
9,81.0,16966,79081
9,82.0,16966,79081
9,83.0,16966,79081
9,84.0,16000,79081
9,85.0,16000,79081
9,86.0,16000,79081
9,87.0,16000,79081
9,88.0,16000,79081
9,89.0,16000,79081
9,90.0,16000,79081
9,91.0,16000,79081
9,92.0,16000,79081
9,93.0,16000,79081
9,94.0,16000,79081
9,95.0,14198,79081
9,96.0,14198,79081
9,97.0,14198,79081
9,98.0,14198,79081
9,99.0,14198,79081
9,100.0,14198,79081
9,101.0,28900,79081
9,102.0,42146,79081
9,103.0,42146,79081
9,104.0,55377,88669
9,105.0,56194,88669
9,106.0,56194,88669
9,107.0,56194,88669
9,108.0,56194,88669
9,109.0,56194,88669
9,110.0,56194,88669
9,111.0,56194,88669
9,112.0,56194,88669
9,113.0,56982,88669
9,114.0,56982,88669
9,115.0,56982,88669
9,116.0,56982,88669
9,117.0,41169,88669
9,118.0,41169,88669
9,119.0,41169,88669
9,120.0,41169,88669
9,121.0,41169,88669
9,122.0,41169,88669
9,123.0,41169,88669
9,124.0,41169,88669
9,125.0,41169,88669
9,126.0,41169,88669
9,127.0,41169,88669
9,128.0,41169,88669
9,129.0,41169,88669
9,130.0,41169,88669
9,131.0,41169,88669
9,132.0,41169,88669
9,133.0,41169,88669
9,134.0,41169,88669
9,135.0,41169,88669
9,136.0,41169,88669
9,137.0,41169,88669
9,138.0,41169,88669
9,139.0,41169,88669
9,140.0,41169,88669
9,141.0,41169,88669
9,142.0,41169,88669
9,143.0,41169,88669
9,144.0,41169,88669
9,145.0,41169,88669
9,146.0,41169,88669
9,147.0,41169,88669
9,148.0,41169,88669
9,149.0,41169,88669
9,150.0,41169,88669
9,151.0,41169,88669
9,152.0,41169,88669
9,153.0,41169,88669
9,154.0,41169,88669
9,155.0,41169,88669
9,156.0,41169,88669
9,157.0,41169,88669
9,158.0,41169,88669
9,159.0,41169,88669
9,160.0,41169,88669
9,161.0,41169,88669
9,162.0,41169,88669
9,163.0,41169,88669
9,164.0,41169,88669
9,165.0,41169,88669
9,166.0,41169,88669
2,1.0,200,7500
2,2.0,200,7500
2,3.0,200,7500
2,4.0,200,7500
2,5.0,200,7500
2,6.0,200,7500
2,7.0,200,7500
2,8.0,200,7500
2,9.0,200,7500
2,10.0,200,7500
2,11.0,200,7500
2,12.0,200,7500
2,13.0,200,7500
2,14.0,200,7500
2,15.0,200,7500
2,16.0,200,7500
2,17.0,200,7500
2,18.0,200,7500
2,19.0,200,7500
2,20.0,200,7500
2,21.0,200,7500
2,22.0,200,7500
2,23.0,200,7500
2,24.0,200,7500
2,25.0,200,7500
2,26.0,200,8648
2,27.0,325,8648
2,28.0,325,8648
2,29.0,530,8648
2,30.0,530,8648
2,31.0,530,8648
2,32.0,530,8648
2,33.0,530,8648
2,34.0,530,8648
2,35.0,930,8648
2,36.0,930,8648
2,37.0,930,8648
2,38.0,1201,8648
2,39.0,1201,8648
2,40.0,1201,8648
2,41.0,1201,8648
2,42.0,1201,8648
2,43.0,1201,8648
2,44.0,1201,8648
2,45.0,1201,55652
2,46.0,1201,55652
2,47.0,1201,55652
2,48.0,1724,55652
2,49.0,2264,55652
2,50.0,2264,55652
2,51.0,2264,55652
2,52.0,2971,55652
2,53.0,3697,55652
2,54.0,3697,55652
2,55.0,3697,55652
2,56.0,3697,55652
2,57.0,3697,55652
2,58.0,3697,55652
2,59.0,3697,55652
2,60.0,3697,55652
2,61.0,3697,55652
2,62.0,3697,55652
2,63.0,3697,55652
2,64.0,3697,55652
2,65.0,3697,55652
2,66.0,3697,55652
2,67.0,3697,55652
2,68.0,3697,55652
2,69.0,5301,55652
2,70.0,5301,61313
2,71.0,6867,61313
2,72.0,6867,67481
2,73.0,6867,67481
2,74.0,6867,67481
2,75.0,6867,67481
2,76.0,6867,67481
2,77.0,6867,67481
2,78.0,6867,67481
2,79.0,11548,67481
2,80.0,16510,67481
2,81.0,16510,79114
2,82.0,16510,79114
2,83.0,16510,79114
2,84.0,15598,79114
2,85.0,15598,79114
2,86.0,15598,79114
2,87.0,15598,79114
2,88.0,15598,79114
2,89.0,15598,79114
2,90.0,15598,79114
2,91.0,15598,79114
2,92.0,15598,79114
2,93.0,15598,79114
2,94.0,15598,79114
2,95.0,13910,79114
2,96.0,13910,79114
2,97.0,13910,79114
2,98.0,13910,79114
2,99.0,13910,79114
2,100.0,13910,79114
2,101.0,28345,79114
2,102.0,41421,79114
2,103.0,41421,79114
2,104.0,54495,88625
2,105.0,67611,88625
2,106.0,67611,88625
2,107.0,67611,88625
2,108.0,67611,88625
2,109.0,67611,88625
2,110.0,67611,88625
2,111.0,67611,88625
2,112.0,67611,88625
2,113.0,68366,88625
2,114.0,68366,88625
2,115.0,68366,88625
2,116.0,68366,88625
2,117.0,49798,88625
2,118.0,49798,88625
2,119.0,49798,88625
2,120.0,49798,88625
2,121.0,49798,88625
2,122.0,49798,88625
2,123.0,49798,88625
2,124.0,49798,88625
2,125.0,49798,88625
2,126.0,49798,88625
2,127.0,49798,88625
2,128.0,49798,88625
2,129.0,49798,88625
2,130.0,49798,88625
2,131.0,49798,88625
2,132.0,49798,88625
2,133.0,49798,88625
2,134.0,49798,88625
2,135.0,49798,88625
2,136.0,49798,88625
2,137.0,49798,88625
2,138.0,49798,88625
2,139.0,49798,88625
2,140.0,49798,88625
2,141.0,49798,88625
2,142.0,49798,88625
2,143.0,49798,88625
2,144.0,49798,88625
2,145.0,49798,88625
2,146.0,49798,88625
2,147.0,49798,88625
2,148.0,49798,88625
2,149.0,49798,88625
2,150.0,49798,88625
2,151.0,49798,88625
2,152.0,49798,88625
2,153.0,49798,88625
2,154.0,49798,88625
2,155.0,49798,88625
2,156.0,49798,88625
2,157.0,49798,88625
2,158.0,49798,88625
2,159.0,49798,88625
2,160.0,49798,88625
2,161.0,49798,88625
2,162.0,49798,88625
2,163.0,49798,88625
2,164.0,49798,88625
2,165.0,49798,88625
2,166.0,49798,88625
4,1.0,200,7500
4,2.0,200,7500
4,3.0,200,7500
4,4.0,200,7500
4,5.0,200,7500
4,6.0,200,7500
4,7.0,200,7500
4,8.0,200,7500
4,9.0,200,7500
4,10.0,200,7500
4,11.0,200,7500
4,12.0,200,7500
4,13.0,200,7500
4,14.0,200,7500
4,15.0,200,7500
4,16.0,200,7500
4,17.0,200,7500
4,18.0,200,7500
4,19.0,200,7500
4,20.0,200,7500
4,21.0,200,7500
4,22.0,200,7500
4,23.0,200,7500
4,24.0,200,7500
4,25.0,200,7500
4,26.0,200,8690
4,27.0,313,8690
4,28.0,313,8690
4,29.0,501,8690
4,30.0,501,8690
4,31.0,501,8690
4,32.0,501,8690
4,33.0,501,8690
4,34.0,501,8690
4,35.0,901,8690
4,36.0,901,8690
4,37.0,901,8690
4,38.0,1163,8690
4,39.0,1163,8690
4,40.0,1163,8690
4,41.0,1163,8690
4,42.0,1163,8690
4,43.0,1163,8690
4,44.0,1163,8690
4,45.0,1163,55790
4,46.0,1163,55790
4,47.0,1163,55790
4,48.0,1671,55790
4,49.0,2187,55790
4,50.0,2187,55790
4,51.0,2187,55790
4,52.0,2852,55790
4,53.0,3532,55790
4,54.0,3532,55790
4,55.0,3532,55790
4,56.0,3532,55790
4,57.0,3532,55790
4,58.0,3532,55790
4,59.0,3532,55790
4,60.0,3532,55790
4,61.0,3532,55790
4,62.0,3532,55790
4,63.0,3532,55790
4,64.0,3532,55790
4,65.0,3532,55790
4,66.0,3532,55790
4,67.0,3532,55790
4,68.0,3532,55790
4,69.0,5073,55790
4,70.0,5073,61524
4,71.0,6616,61524
4,72.0,6616,67911
4,73.0,6616,67911
4,74.0,6616,67911
4,75.0,6616,67911
4,76.0,6616,67911
4,77.0,6616,67911
4,78.0,6616,67911
4,79.0,11114,67911
4,80.0,15775,67911
4,81.0,15775,79676
4,82.0,15775,79676
4,83.0,15775,79676
4,84.0,14923,79676
4,85.0,14923,79676
4,86.0,14923,79676
4,87.0,14923,79676
4,88.0,14923,79676
4,89.0,14923,79676
4,90.0,14923,79676
4,91.0,14923,79676
4,92.0,14923,79676
4,93.0,14923,79676
4,94.0,14923,79676
4,95.0,13255,79676
4,96.0,13255,79676
4,97.0,13255,79676
4,98.0,13255,79676
4,99.0,13255,79676
4,100.0,13255,79676
4,101.0,26841,79676
4,102.0,39259,79676
4,103.0,39259,79676
4,104.0,51741,89431
4,105.0,64264,89431
4,106.0,64264,89431
4,107.0,64264,89431
4,108.0,64264,89431
4,109.0,64264,89431
4,110.0,64264,89431
4,111.0,64264,89431
4,112.0,64264,89431
4,113.0,65021,89431
4,114.0,65021,89431
4,115.0,65021,89431
4,116.0,65021,89431
4,117.0,47098,89431
4,118.0,47098,89431
4,119.0,47098,89431
4,120.0,47098,89431
4,121.0,47098,89431
4,122.0,47098,89431
4,123.0,47098,89431
4,124.0,47098,89431
4,125.0,47098,89431
4,126.0,47098,89431
4,127.0,47098,89431
4,128.0,47098,89431
4,129.0,47098,89431
4,130.0,47098,89431
4,131.0,47098,89431
4,132.0,47098,89431
4,133.0,47098,89431
4,134.0,47098,89431
4,135.0,47098,89431
4,136.0,47098,89431
4,137.0,47098,89431
4,138.0,47098,89431
4,139.0,47098,89431
4,140.0,47098,89431
4,141.0,47098,89431
4,142.0,47098,89431
4,143.0,47098,89431
4,144.0,47098,89431
4,145.0,47098,89431
4,146.0,47098,89431
4,147.0,47098,89431
4,148.0,47098,89431
4,149.0,47098,89431
4,150.0,47098,89431
4,151.0,47098,89431
4,152.0,47098,89431
4,153.0,47098,89431
4,154.0,47098,89431
4,155.0,47098,89431
4,156.0,47098,89431
4,157.0,47098,89431
4,158.0,47098,89431
4,159.0,47098,89431
4,160.0,47098,89431
4,161.0,47098,89431
4,162.0,47098,89431
4,163.0,47098,89431
4,164.0,47098,89431
4,165.0,47098,89431
4,166.0,47098,89431
6,1.0,200,7500
6,2.0,200,7500
6,3.0,200,7500
6,4.0,200,7500
6,5.0,200,7500
6,6.0,200,7500
6,7.0,200,7500
6,8.0,200,7500
6,9.0,200,7500
6,10.0,200,7500
6,11.0,200,7500
6,12.0,200,7500
6,13.0,200,7500
6,14.0,200,7500
6,15.0,200,7500
6,16.0,200,7500
6,17.0,200,7500
6,18.0,200,7500
6,19.0,200,7500
6,20.0,200,7500
6,21.0,200,7500
6,22.0,200,7500
6,23.0,200,7500
6,24.0,200,7500
6,25.0,200,7500
6,26.0,200,8676
6,27.0,313,8676
6,28.0,313,8676
6,29.0,508,8676
6,30.0,508,8676
6,31.0,508,8676
6,32.0,508,8676
6,33.0,508,8676
6,34.0,508,8676
6,35.0,908,8676
6,36.0,908,8676
6,37.0,908,8676
6,38.0,1172,8676
6,39.0,1172,8676
6,40.0,1172,8676
6,41.0,1172,8676
6,42.0,1172,8676
6,43.0,1172,8676
6,44.0,1172,8676
6,45.0,1172,55612
6,46.0,1172,55612
6,47.0,1172,55612
6,48.0,1696,55612
6,49.0,2215,55612
6,50.0,2215,55612
6,51.0,2215,55612
6,52.0,2875,55612
6,53.0,3549,55612
6,54.0,3549,55612
6,55.0,3549,55612
6,56.0,3549,55612
6,57.0,3549,55612
6,58.0,3549,55612
6,59.0,3549,55612
6,60.0,3549,55612
6,61.0,3549,55612
6,62.0,3549,55612
6,63.0,3549,55612
6,64.0,3549,55612
6,65.0,3549,55612
6,66.0,3549,55612
6,67.0,3549,55612
6,68.0,3549,55612
6,69.0,5125,55612
6,70.0,5125,61144
6,71.0,6714,61144
6,72.0,6714,67314
6,73.0,6714,67314
6,74.0,6714,67314
6,75.0,6714,67314
6,76.0,6714,67314
6,77.0,6714,67314
6,78.0,6714,67314
6,79.0,11300,67314
6,80.0,16054,67314
6,81.0,16054,78948
6,82.0,16054,78948
6,83.0,16054,78948
6,84.0,15147,78948
6,85.0,15147,78948
6,86.0,15147,78948
6,87.0,15147,78948
6,88.0,15147,78948
6,89.0,15147,78948
6,90.0,15147,78948
6,91.0,15147,78948
6,92.0,15147,78948
6,93.0,15147,78948
6,94.0,15147,78948
6,95.0,13450,78948
6,96.0,13450,78948
6,97.0,13450,78948
6,98.0,13450,78948
6,99.0,13450,78948
6,100.0,13450,78948
6,101.0,27321,78948
6,102.0,39882,78948
6,103.0,39882,78948
6,104.0,52441,88632
6,105.0,65120,88632
6,106.0,65120,88632
6,107.0,65120,88632
6,108.0,65120,88632
6,109.0,65120,88632
6,110.0,65120,88632
6,111.0,65120,88632
6,112.0,65120,88632
6,113.0,65880,88632
6,114.0,65880,88632
6,115.0,65880,88632
6,116.0,65880,88632
6,117.0,47887,88632
6,118.0,47887,88632
6,119.0,47887,88632
6,120.0,47887,88632
6,121.0,47887,88632
6,122.0,47887,88632
6,123.0,47887,88632
6,124.0,47887,88632
6,125.0,47887,88632
6,126.0,47887,88632
6,127.0,47887,88632
6,128.0,47887,88632
6,129.0,47887,88632
6,130.0,47887,88632
6,131.0,47887,88632
6,132.0,47887,88632
6,133.0,47887,88632
6,134.0,47887,88632
6,135.0,47887,88632
6,136.0,47887,88632
6,137.0,47887,88632
6,138.0,47887,88632
6,139.0,47887,88632
6,140.0,47887,88632
6,141.0,47887,88632
6,142.0,47887,88632
6,143.0,47887,88632
6,144.0,47887,88632
6,145.0,47887,88632
6,146.0,47887,88632
6,147.0,47887,88632
6,148.0,47887,88632
6,149.0,47887,88632
6,150.0,47887,88632
6,151.0,47887,88632
6,152.0,47887,88632
6,153.0,47887,88632
6,154.0,47887,88632
6,155.0,47887,88632
6,156.0,47887,88632
6,157.0,47887,88632
6,158.0,47887,88632
6,159.0,47887,88632
6,160.0,47887,88632
6,161.0,47887,88632
6,162.0,47887,88632
6,163.0,47887,88632
6,164.0,47887,88632
6,165.0,47887,88632
6,166.0,47887,88632
8,1.0,200,7500
8,2.0,200,7500
8,3.0,200,7500
8,4.0,200,7500
8,5.0,200,7500
8,6.0,200,7500
8,7.0,200,7500
8,8.0,200,7500
8,9.0,200,7500
8,10.0,200,7500
8,11.0,200,7500
8,12.0,200,7500
8,13.0,200,7500
8,14.0,200,7500
8,15.0,200,7500
8,16.0,200,7500
8,17.0,200,7500
8,18.0,200,7500
8,19.0,200,7500
8,20.0,200,7500
8,21.0,200,7500
8,22.0,200,7500
8,23.0,200,7500
8,24.0,200,7500
8,25.0,200,7500
8,26.0,200,8690
8,27.0,333,8690
8,28.0,333,8690
8,29.0,511,8690
8,30.0,511,8690
8,31.0,511,8690
8,32.0,511,8690
8,33.0,511,8690
8,34.0,511,8690
8,35.0,911,8690
8,36.0,911,8690
8,37.0,911,8690
8,38.0,1181,8690
8,39.0,1181,8690
8,40.0,1181,8690
8,41.0,1181,8690
8,42.0,1181,8690
8,43.0,1181,8690
8,44.0,1181,8690
8,45.0,1181,55913
8,46.0,1181,55913
8,47.0,1181,55913
8,48.0,1658,55913
8,49.0,2158,55913
8,50.0,2158,55913
8,51.0,2158,55913
8,52.0,2814,55913
8,53.0,3500,55913
8,54.0,3500,55913
8,55.0,3500,55913
8,56.0,3500,55913
8,57.0,3500,55913
8,58.0,3500,55913
8,59.0,3500,55913
8,60.0,3500,55913
8,61.0,3500,55913
8,62.0,3500,55913
8,63.0,3500,55913
8,64.0,3500,55913
8,65.0,3500,55913
8,66.0,3500,55913
8,67.0,3500,55913
8,68.0,3500,55913
8,69.0,5082,55913
8,70.0,5082,61505
8,71.0,6654,61505
8,72.0,6654,67826
8,73.0,6654,67826
8,74.0,6654,67826
8,75.0,6654,67826
8,76.0,6654,67826
8,77.0,6654,67826
8,78.0,6654,67826
8,79.0,11173,67826
8,80.0,15851,67826
8,81.0,15851,79575
8,82.0,15851,79575
8,83.0,15851,79575
8,84.0,14918,79575
8,85.0,14918,79575
8,86.0,14918,79575
8,87.0,14918,79575
8,88.0,14918,79575
8,89.0,14918,79575
8,90.0,14918,79575
8,91.0,14918,79575
8,92.0,14918,79575
8,93.0,14918,79575
8,94.0,14918,79575
8,95.0,13263,79575
8,96.0,13263,79575
8,97.0,13263,79575
8,98.0,13263,79575
8,99.0,13263,79575
8,100.0,13263,79575
8,101.0,27038,79575
8,102.0,39450,79575
8,103.0,39450,79575
8,104.0,51927,89261
8,105.0,52663,89261
8,106.0,52663,89261
8,107.0,52663,89261
8,108.0,52663,89261
8,109.0,52663,89261
8,110.0,52663,89261
8,111.0,52663,89261
8,112.0,52663,89261
8,113.0,53427,89261
8,114.0,53427,89261
8,115.0,53427,89261
8,116.0,53427,89261
8,117.0,38579,89261
8,118.0,38579,89261
8,119.0,38579,89261
8,120.0,38579,89261
8,121.0,38579,89261
8,122.0,38579,89261
8,123.0,38579,89261
8,124.0,38579,89261
8,125.0,38579,89261
8,126.0,38579,89261
8,127.0,38579,89261
8,128.0,38579,89261
8,129.0,38579,89261
8,130.0,38579,89261
8,131.0,38579,89261
8,132.0,38579,89261
8,133.0,38579,89261
8,134.0,38579,89261
8,135.0,38579,89261
8,136.0,38579,89261
8,137.0,38579,89261
8,138.0,38579,89261
8,139.0,38579,89261
8,140.0,38579,89261
8,141.0,38579,89261
8,142.0,38579,89261
8,143.0,38579,89261
8,144.0,38579,89261
8,145.0,38579,89261
8,146.0,38579,89261
8,147.0,38579,89261
8,148.0,38579,89261
8,149.0,38579,89261
8,150.0,38579,89261
8,151.0,38579,89261
8,152.0,38579,89261
8,153.0,38579,89261
8,154.0,38579,89261
8,155.0,38579,89261
8,156.0,38579,89261
8,157.0,38579,89261
8,158.0,38579,89261
8,159.0,38579,89261
8,160.0,38579,89261
8,161.0,38579,89261
8,162.0,38579,89261
8,163.0,38579,89261
8,164.0,38579,89261
8,165.0,38579,89261
8,166.0,38579,89261
10,1.0,200,7500
10,2.0,200,7500
10,3.0,200,7500
10,4.0,200,7500
10,5.0,200,7500
10,6.0,200,7500
10,7.0,200,7500
10,8.0,200,7500
10,9.0,200,7500
10,10.0,200,7500
10,11.0,200,7500
10,12.0,200,7500
10,13.0,200,7500
10,14.0,200,7500
10,15.0,200,7500
10,16.0,200,7500
10,17.0,200,7500
10,18.0,200,7500
10,19.0,200,7500
10,20.0,200,7500
10,21.0,200,7500
10,22.0,200,7500
10,23.0,200,7500
10,24.0,200,7500
10,25.0,200,7500
10,26.0,200,8648
10,27.0,331,8648
10,28.0,331,8648
10,29.0,529,8648
10,30.0,529,8648
10,31.0,529,8648
10,32.0,529,8648
10,33.0,529,8648
10,34.0,529,8648
10,35.0,929,8648
10,36.0,929,8648
10,37.0,929,8648
10,38.0,1199,8648
10,39.0,1199,8648
10,40.0,1199,8648
10,41.0,1199,8648
10,42.0,1199,8648
10,43.0,1199,8648
10,44.0,1199,8648
10,45.0,1199,56140
10,46.0,1199,56140
10,47.0,1199,56140
10,48.0,1746,56140
10,49.0,2278,56140
10,50.0,2278,56140
10,51.0,2278,56140
10,52.0,3002,56140
10,53.0,3711,56140
10,54.0,3711,56140
10,55.0,3711,56140
10,56.0,3711,56140
10,57.0,3711,56140
10,58.0,3711,56140
10,59.0,3711,56140
10,60.0,3711,56140
10,61.0,3711,56140
10,62.0,3711,56140
10,63.0,3711,56140
10,64.0,3711,56140
10,65.0,3711,56140
10,66.0,3711,56140
10,67.0,3711,56140
10,68.0,3711,56140
10,69.0,5328,56140
10,70.0,5328,61879
10,71.0,6917,61879
10,72.0,6917,67995
10,73.0,6917,67995
10,74.0,6917,67995
10,75.0,6917,67995
10,76.0,6917,67995
10,77.0,6917,67995
10,78.0,6917,67995
10,79.0,11623,67995
10,80.0,16555,67995
10,81.0,16555,79733
10,82.0,16555,79733
10,83.0,16555,79733
10,84.0,15570,79733
10,85.0,15570,79733
10,86.0,15570,79733
10,87.0,15570,79733
10,88.0,15570,79733
10,89.0,15570,79733
10,90.0,15570,79733
10,91.0,15570,79733
10,92.0,15570,79733
10,93.0,15570,79733
10,94.0,15570,79733
10,95.0,13827,79733
10,96.0,13827,79733
10,97.0,13827,79733
10,98.0,13827,79733
10,99.0,13827,79733
10,100.0,13827,79733
10,101.0,28274,79733
10,102.0,41263,79733
10,103.0,41263,79733
10,104.0,54302,89484
10,105.0,67369,89484
10,106.0,67369,89484
10,107.0,67369,89484
10,108.0,67369,89484
10,109.0,67369,89484
10,110.0,67369,89484
10,111.0,67369,89484
10,112.0,67369,89484
10,113.0,68198,89484
10,114.0,68198,89484
10,115.0,68198,89484
10,116.0,68198,89484
10,117.0,49513,89484
10,118.0,49513,89484
10,119.0,49513,89484
10,120.0,49513,89484
10,121.0,49513,89484
10,122.0,49513,89484
10,123.0,49513,89484
10,124.0,49513,89484
10,125.0,49513,89484
10,126.0,49513,89484
10,127.0,49513,89484
10,128.0,49513,89484
10,129.0,49513,89484
10,130.0,49513,89484
10,131.0,49513,89484
10,132.0,49513,89484
10,133.0,49513,89484
10,134.0,49513,89484
10,135.0,49513,89484
10,136.0,49513,89484
10,137.0,49513,89484
10,138.0,49513,89484
10,139.0,49513,89484
10,140.0,49513,89484
10,141.0,49513,89484
10,142.0,49513,89484
10,143.0,49513,89484
10,144.0,49513,89484
10,145.0,49513,89484
10,146.0,49513,89484
10,147.0,49513,89484
10,148.0,49513,89484
10,149.0,49513,89484
10,150.0,49513,89484
10,151.0,49513,89484
10,152.0,49513,89484
10,153.0,49513,89484
10,154.0,49513,89484
10,155.0,49513,89484
10,156.0,49513,89484
10,157.0,49513,89484
10,158.0,49513,89484
10,159.0,49513,89484
10,160.0,49513,89484
10,161.0,49513,89484
10,162.0,49513,89484
10,163.0,49513,89484
10,164.0,49513,89484
10,165.0,49513,89484
10,166.0,49513,89484
