"run","tick","GRCount","STCount"
1,1.0,3000,400
1,2.0,3000,400
1,3.0,3000,400
1,4.0,3000,400
1,5.0,3000,400
1,6.0,3000,400
1,7.0,3000,400
1,8.0,3000,400
1,9.0,3000,400
1,10.0,3000,400
1,11.0,3000,400
1,12.0,3000,400
1,13.0,3000,400
1,14.0,3000,400
1,15.0,3000,400
1,16.0,3000,400
1,17.0,3000,400
1,18.0,3000,400
1,19.0,3000,400
1,20.0,3000,400
1,21.0,3000,400
1,22.0,3000,400
1,23.0,3000,400
1,24.0,3000,400
1,25.0,3000,400
1,26.0,3000,400
1,27.0,3000,400
1,28.0,3000,400
1,29.0,3000,400
1,30.0,3000,400
1,31.0,3000,400
1,32.0,6985,400
1,33.0,6985,400
1,34.0,6985,400
1,35.0,10949,400
1,36.0,14943,400
1,37.0,14943,400
1,38.0,18887,400
1,39.0,18887,400
1,40.0,18887,400
1,41.0,18887,400
1,42.0,18887,400
1,43.0,18887,400
1,44.0,18887,400
1,45.0,18887,400
1,46.0,18887,400
1,47.0,18887,400
1,48.0,18887,400
1,49.0,18887,400
1,50.0,18887,400
1,51.0,18887,400
1,52.0,18887,400
1,53.0,25436,3151
1,54.0,37272,3965
1,55.0,36514,3965
1,56.0,36514,3965
1,57.0,35742,3965
1,58.0,35742,3965
1,59.0,35031,3965
1,60.0,35031,3965
1,61.0,34272,3965
1,62.0,34272,3965
1,63.0,34272,3965
1,64.0,34272,3965
1,65.0,34272,3965
1,66.0,34272,3965
1,67.0,34272,3965
1,68.0,34272,3965
1,69.0,34272,3965
1,70.0,34272,3965
1,71.0,44702,3965
1,72.0,34272,3965
1,73.0,34272,3965
1,74.0,34272,3965
1,75.0,34272,3965
1,76.0,34272,3965
1,77.0,34272,3965
1,78.0,34272,3965
1,79.0,34272,3965
1,80.0,34272,3965
1,81.0,34272,3965
1,82.0,34272,3965
1,83.0,34272,3965
1,84.0,25592,3965
1,85.0,25592,3965
1,86.0,25592,3965
1,87.0,25592,3965
1,88.0,25592,3965
1,89.0,25592,3965
1,90.0,25592,3965
1,91.0,25592,3965
1,92.0,25592,3965
1,93.0,25592,3965
1,94.0,25592,3965
1,95.0,16885,3965
1,96.0,16800,3965
1,97.0,16633,3965
1,98.0,16541,3965
1,99.0,17450,3965
1,100.0,18398,29735
1,101.0,10883,29735
1,102.0,10883,29735
1,103.0,10883,29735
1,104.0,10859,29735
1,105.0,10859,29735
1,106.0,10830,29735
1,107.0,10800,29735
1,108.0,10750,29735
1,109.0,10725,29735
1,110.0,10642,29735
1,111.0,10853,29735
1,112.0,10797,29735
1,113.0,10876,31322
1,114.0,10814,32889
1,115.0,12021,32889
1,116.0,14162,34498
1,117.0,7898,34498
1,118.0,7898,34498
1,119.0,7898,34498
1,120.0,7898,34498
1,121.0,7898,34498
1,122.0,7898,34498
1,123.0,7898,34498
1,124.0,7898,34498
1,125.0,7898,34498
1,126.0,7898,34498
1,127.0,7898,34498
1,128.0,7898,34498
1,129.0,7898,34498
1,130.0,7898,34498
1,131.0,7898,34498
1,132.0,7898,34498
1,133.0,7898,34498
1,134.0,7898,34498
1,135.0,7898,34498
1,136.0,7898,34498
1,137.0,7898,34498
1,138.0,7898,34498
1,139.0,7898,34498
1,140.0,7898,34498
1,141.0,7898,34498
1,142.0,7898,34498
1,143.0,7898,34498
1,144.0,7898,34498
1,145.0,7898,34498
1,146.0,7898,34498
1,147.0,7898,34498
1,148.0,7898,34498
1,149.0,7898,34498
1,150.0,7898,34498
1,151.0,7898,34498
1,152.0,7898,34498
1,153.0,7898,34498
1,154.0,7898,34498
1,155.0,7898,34498
1,156.0,7898,34498
1,157.0,7898,34498
1,158.0,7898,34498
1,159.0,7898,34498
1,160.0,7898,34498
1,161.0,7898,34498
1,162.0,7898,34498
1,163.0,7898,34498
1,164.0,7898,34498
1,165.0,7898,34498
1,166.0,7898,34498
2,1.0,3000,400
2,2.0,3000,400
2,3.0,3000,400
2,4.0,3000,400
2,5.0,3000,400
2,6.0,3000,400
2,7.0,3000,400
2,8.0,3000,400
2,9.0,3000,400
2,10.0,3000,400
2,11.0,3000,400
2,12.0,3000,400
2,13.0,3000,400
2,14.0,3000,400
2,15.0,3000,400
2,16.0,3000,400
2,17.0,3000,400
2,18.0,3000,400
2,19.0,3000,400
2,20.0,3000,400
2,21.0,3000,400
2,22.0,3000,400
2,23.0,3000,400
2,24.0,3000,400
2,25.0,3000,400
2,26.0,3000,400
2,27.0,3000,400
2,28.0,3000,400
2,29.0,3000,400
2,30.0,3000,400
2,31.0,3000,400
2,32.0,7028,400
2,33.0,7028,400
2,34.0,7028,400
2,35.0,11065,400
2,36.0,15107,400
2,37.0,15107,400
2,38.0,19183,400
2,39.0,19183,400
2,40.0,19183,400
2,41.0,19183,400
2,42.0,19183,400
2,43.0,19183,400
2,44.0,19183,400
2,45.0,19183,400
2,46.0,19183,400
2,47.0,19183,400
2,48.0,19183,400
2,49.0,19183,400
2,50.0,19183,400
2,51.0,19183,400
2,52.0,19183,400
2,53.0,25855,3116
2,54.0,31866,3941
2,55.0,31130,3941
2,56.0,31130,3941
2,57.0,30361,3941
2,58.0,30361,3941
2,59.0,29604,3941
2,60.0,29604,3941
2,61.0,28866,3941
2,62.0,28866,3941
2,63.0,28866,3941
2,64.0,28866,3941
2,65.0,28866,3941
2,66.0,28866,3941
2,67.0,28866,3941
2,68.0,28866,3941
2,69.0,28866,3941
2,70.0,28866,3941
2,71.0,39731,3941
2,72.0,28866,3941
2,73.0,28866,3941
2,74.0,28866,3941
2,75.0,28866,3941
2,76.0,28866,3941
2,77.0,28866,3941
2,78.0,28866,3941
2,79.0,28866,3941
2,80.0,28866,3941
2,81.0,28866,3941
2,82.0,28866,3941
2,83.0,28866,3941
2,84.0,21616,3941
2,85.0,21616,3941
2,86.0,21616,3941
2,87.0,21616,3941
2,88.0,21616,3941
2,89.0,21616,3941
2,90.0,21616,3941
2,91.0,23131,3941
2,92.0,22844,3941
2,93.0,22574,3941
2,94.0,22331,3941
2,95.0,15462,3941
2,96.0,15462,3941
2,97.0,15462,3941
2,98.0,15399,3941
2,99.0,16475,3941
2,100.0,17479,29553
2,101.0,11108,29553
2,102.0,11043,29553
2,103.0,11024,29553
2,104.0,10960,29553
2,105.0,10931,29553
2,106.0,10867,29553
2,107.0,10844,29553
2,108.0,10785,29553
2,109.0,10785,29553
2,110.0,10767,29553
2,111.0,13207,29553
2,112.0,13207,29553
2,113.0,15574,31076
2,114.0,15574,32632
2,115.0,18996,32632
2,116.0,23322,34180
2,117.0,17668,34180
2,118.0,17668,34180
2,119.0,17668,34180
2,120.0,17668,34180
2,121.0,17668,34180
2,122.0,17668,34180
2,123.0,17668,34180
2,124.0,17668,34180
2,125.0,17668,34180
2,126.0,17668,34180
2,127.0,17668,34180
2,128.0,17668,34180
2,129.0,17668,34180
2,130.0,17668,34180
2,131.0,17668,34180
2,132.0,17668,34180
2,133.0,17668,34180
2,134.0,17668,34180
2,135.0,17668,34180
2,136.0,17668,34180
2,137.0,17668,34180
2,138.0,17668,34180
2,139.0,17668,34180
2,140.0,17668,34180
2,141.0,17668,34180
2,142.0,17668,34180
2,143.0,17668,34180
2,144.0,17668,34180
2,145.0,17668,34180
2,146.0,17668,34180
2,147.0,17668,34180
2,148.0,17668,34180
2,149.0,17668,34180
2,150.0,17668,34180
2,151.0,17668,34180
2,152.0,17668,34180
2,153.0,17668,34180
2,154.0,17668,34180
2,155.0,17668,34180
2,156.0,17668,34180
2,157.0,17668,34180
2,158.0,17668,34180
2,159.0,17668,34180
2,160.0,17668,34180
2,161.0,17668,34180
2,162.0,17668,34180
2,163.0,17668,34180
2,164.0,17668,34180
2,165.0,17668,34180
2,166.0,17668,34180
3,1.0,3000,400
3,2.0,3000,400
3,3.0,3000,400
3,4.0,3000,400
3,5.0,3000,400
3,6.0,3000,400
3,7.0,3000,400
3,8.0,3000,400
3,9.0,3000,400
3,10.0,3000,400
3,11.0,3000,400
3,12.0,3000,400
3,13.0,3000,400
3,14.0,3000,400
3,15.0,3000,400
3,16.0,3000,400
3,17.0,3000,400
3,18.0,3000,400
3,19.0,3000,400
3,20.0,3000,400
3,21.0,3000,400
3,22.0,3000,400
3,23.0,3000,400
3,24.0,3000,400
3,25.0,3000,400
3,26.0,3000,400
3,27.0,3000,400
3,28.0,3000,400
3,29.0,3000,400
3,30.0,3000,400
3,31.0,3000,400
3,32.0,6990,400
3,33.0,6990,400
3,34.0,6990,400
3,35.0,10924,400
3,36.0,14932,400
3,37.0,14932,400
3,38.0,18936,400
3,39.0,18936,400
3,40.0,18936,400
3,41.0,18936,400
3,42.0,18936,400
3,43.0,18936,400
3,44.0,18936,400
3,45.0,18936,400
3,46.0,18936,400
3,47.0,18936,400
3,48.0,18936,400
3,49.0,18936,400
3,50.0,18936,400
3,51.0,18936,400
3,52.0,18936,400
3,53.0,25617,3144
3,54.0,37473,3963
3,55.0,36743,3963
3,56.0,36743,3963
3,57.0,35969,3963
3,58.0,35969,3963
3,59.0,35213,3963
3,60.0,35213,3963
3,61.0,34473,3963
3,62.0,34473,3963
3,63.0,34473,3963
3,64.0,34473,3963
3,65.0,34473,3963
3,66.0,34473,3963
3,67.0,34473,3963
3,68.0,34473,3963
3,69.0,34473,3963
3,70.0,34473,3963
3,71.0,45067,3963
3,72.0,34473,3963
3,73.0,34473,3963
3,74.0,34473,3963
3,75.0,34473,3963
3,76.0,34473,3963
3,77.0,34473,3963
3,78.0,34473,3963
3,79.0,34473,3963
3,80.0,34473,3963
3,81.0,34473,3963
3,82.0,34473,3963
3,83.0,34473,3963
3,84.0,25989,3963
3,85.0,25989,3963
3,86.0,25989,3963
3,87.0,25989,3963
3,88.0,25989,3963
3,89.0,25847,3963
3,90.0,25591,3963
3,91.0,26902,3963
3,92.0,26542,3963
3,93.0,26157,3963
3,94.0,26157,3963
3,95.0,18035,3963
3,96.0,18035,3963
3,97.0,17980,3963
3,98.0,17980,3963
3,99.0,18945,3963
3,100.0,19830,29719
3,101.0,12106,29719
3,102.0,12074,29719
3,103.0,12000,29719
3,104.0,11966,29719
3,105.0,11910,29719
3,106.0,11885,29719
3,107.0,11832,29719
3,108.0,11832,29719
3,109.0,11811,29719
3,110.0,11811,29719
3,111.0,14069,29719
3,112.0,14069,29719
3,113.0,16351,31353
3,114.0,16351,32993
3,115.0,19672,32993
3,116.0,23793,34535
3,117.0,16712,34535
3,118.0,16712,34535
3,119.0,16712,34535
3,120.0,16712,34535
3,121.0,16712,34535
3,122.0,16712,34535
3,123.0,16712,34535
3,124.0,16712,34535
3,125.0,16712,34535
3,126.0,16712,34535
3,127.0,16712,34535
3,128.0,16712,34535
3,129.0,16712,34535
3,130.0,16712,34535
3,131.0,16712,34535
3,132.0,16712,34535
3,133.0,16712,34535
3,134.0,16712,34535
3,135.0,16712,34535
3,136.0,16712,34535
3,137.0,16712,34535
3,138.0,16712,34535
3,139.0,16712,34535
3,140.0,16712,34535
3,141.0,16712,34535
3,142.0,16712,34535
3,143.0,16712,34535
3,144.0,16712,34535
3,145.0,16712,34535
3,146.0,16712,34535
3,147.0,16712,34535
3,148.0,16712,34535
3,149.0,16712,34535
3,150.0,16712,34535
3,151.0,16712,34535
3,152.0,16712,34535
3,153.0,16712,34535
3,154.0,16712,34535
3,155.0,16712,34535
3,156.0,16712,34535
3,157.0,16712,34535
3,158.0,16712,34535
3,159.0,16712,34535
3,160.0,16712,34535
3,161.0,16712,34535
3,162.0,16712,34535
3,163.0,16712,34535
3,164.0,16712,34535
3,165.0,16712,34535
3,166.0,16712,34535
4,1.0,3000,400
4,2.0,3000,400
4,3.0,3000,400
4,4.0,3000,400
4,5.0,3000,400
4,6.0,3000,400
4,7.0,3000,400
4,8.0,3000,400
4,9.0,3000,400
4,10.0,3000,400
4,11.0,3000,400
4,12.0,3000,400
4,13.0,3000,400
4,14.0,3000,400
4,15.0,3000,400
4,16.0,3000,400
4,17.0,3000,400
4,18.0,3000,400
4,19.0,3000,400
4,20.0,3000,400
4,21.0,3000,400
4,22.0,3000,400
4,23.0,3000,400
4,24.0,3000,400
4,25.0,3000,400
4,26.0,3000,400
4,27.0,3000,400
4,28.0,3000,400
4,29.0,3000,400
4,30.0,3000,400
4,31.0,3000,400
4,32.0,7010,400
4,33.0,7010,400
4,34.0,7010,400
4,35.0,10982,400
4,36.0,15015,400
4,37.0,15015,400
4,38.0,18967,400
4,39.0,18967,400
4,40.0,18967,400
4,41.0,18967,400
4,42.0,18967,400
4,43.0,18967,400
4,44.0,18967,400
4,45.0,18967,400
4,46.0,18967,400
4,47.0,18967,400
4,48.0,18967,400
4,49.0,18967,400
4,50.0,18967,400
4,51.0,18967,400
4,52.0,18967,400
4,53.0,25601,3151
4,54.0,37633,3979
4,55.0,36883,3979
4,56.0,36883,3979
4,57.0,36116,3979
4,58.0,36116,3979
4,59.0,35336,3979
4,60.0,35336,3979
4,61.0,34633,3979
4,62.0,34633,3979
4,63.0,34633,3979
4,64.0,34633,3979
4,65.0,34633,3979
4,66.0,34633,3979
4,67.0,34633,3979
4,68.0,34633,3979
4,69.0,34633,3979
4,70.0,34633,3979
4,71.0,45307,3979
4,72.0,34633,3979
4,73.0,34633,3979
4,74.0,34633,3979
4,75.0,34633,3979
4,76.0,34633,3979
4,77.0,34633,3979
4,78.0,34633,3979
4,79.0,34633,3979
4,80.0,34633,3979
4,81.0,34633,3979
4,82.0,34633,3979
4,83.0,34633,3979
4,84.0,26010,3979
4,85.0,26010,3979
4,86.0,26010,3979
4,87.0,26010,3979
4,88.0,25879,3979
4,89.0,25519,3979
4,90.0,25272,3979
4,91.0,26599,3979
4,92.0,26238,3979
4,93.0,26238,3979
4,94.0,26238,3979
4,95.0,18036,3979
4,96.0,17973,3979
4,97.0,17973,3979
4,98.0,17915,3979
4,99.0,18777,3979
4,100.0,19512,29837
4,101.0,11778,29837
4,102.0,11688,29837
4,103.0,11662,29837
4,104.0,11613,29837
4,105.0,11590,29837
4,106.0,11528,29837
4,107.0,11528,29837
4,108.0,11502,29837
4,109.0,11502,29837
4,110.0,11502,29837
4,111.0,13832,29837
4,112.0,13832,29837
4,113.0,16206,31453
4,114.0,16206,32979
4,115.0,19436,32979
4,116.0,23324,34530
4,117.0,16195,34530
4,118.0,16195,34530
4,119.0,16195,34530
4,120.0,16195,34530
4,121.0,16195,34530
4,122.0,16195,34530
4,123.0,16195,34530
4,124.0,16195,34530
4,125.0,16195,34530
4,126.0,16195,34530
4,127.0,16195,34530
4,128.0,16195,34530
4,129.0,16195,34530
4,130.0,16195,34530
4,131.0,16195,34530
4,132.0,16195,34530
4,133.0,16195,34530
4,134.0,16195,34530
4,135.0,16195,34530
4,136.0,16195,34530
4,137.0,16195,34530
4,138.0,16195,34530
4,139.0,16195,34530
4,140.0,16195,34530
4,141.0,16195,34530
4,142.0,16195,34530
4,143.0,16195,34530
4,144.0,16195,34530
4,145.0,16195,34530
4,146.0,16195,34530
4,147.0,16195,34530
4,148.0,16195,34530
4,149.0,16195,34530
4,150.0,16195,34530
4,151.0,16195,34530
4,152.0,16195,34530
4,153.0,16195,34530
4,154.0,16195,34530
4,155.0,16195,34530
4,156.0,16195,34530
4,157.0,16195,34530
4,158.0,16195,34530
4,159.0,16195,34530
4,160.0,16195,34530
4,161.0,16195,34530
4,162.0,16195,34530
4,163.0,16195,34530
4,164.0,16195,34530
4,165.0,16195,34530
4,166.0,16195,34530
5,1.0,3000,400
5,2.0,3000,400
5,3.0,3000,400
5,4.0,3000,400
5,5.0,3000,400
5,6.0,3000,400
5,7.0,3000,400
5,8.0,3000,400
5,9.0,3000,400
5,10.0,3000,400
5,11.0,3000,400
5,12.0,3000,400
5,13.0,3000,400
5,14.0,3000,400
5,15.0,3000,400
5,16.0,3000,400
5,17.0,3000,400
5,18.0,3000,400
5,19.0,3000,400
5,20.0,3000,400
5,21.0,3000,400
5,22.0,3000,400
5,23.0,3000,400
5,24.0,3000,400
5,25.0,3000,400
5,26.0,3000,400
5,27.0,3000,400
5,28.0,3000,400
5,29.0,3000,400
5,30.0,3000,400
5,31.0,3000,400
5,32.0,6934,400
5,33.0,6934,400
5,34.0,6934,400
5,35.0,10912,400
5,36.0,14907,400
5,37.0,14907,400
5,38.0,18934,400
5,39.0,18934,400
5,40.0,18934,400
5,41.0,18934,400
5,42.0,18934,400
5,43.0,18934,400
5,44.0,18934,400
5,45.0,18934,400
5,46.0,18934,400
5,47.0,18934,400
5,48.0,18934,400
5,49.0,18934,400
5,50.0,18934,400
5,51.0,18934,400
5,52.0,18934,400
5,53.0,25553,3130
5,54.0,31528,3924
5,55.0,30811,3924
5,56.0,30811,3924
5,57.0,29993,3924
5,58.0,29993,3924
5,59.0,29231,3924
5,60.0,29231,3924
5,61.0,28528,3924
5,62.0,28528,3924
5,63.0,28528,3924
5,64.0,28528,3924
5,65.0,28528,3924
5,66.0,28528,3924
5,67.0,28528,3924
5,68.0,28528,3924
5,69.0,28528,3924
5,70.0,28528,3924
5,71.0,39167,3924
5,72.0,28528,3924
5,73.0,28528,3924
5,74.0,28528,3924
5,75.0,28528,3924
5,76.0,28528,3924
5,77.0,28528,3924
5,78.0,28528,3924
5,79.0,28528,3924
5,80.0,28528,3924
5,81.0,28528,3924
5,82.0,28528,3924
5,83.0,28528,3924
5,84.0,21513,3924
5,85.0,21513,3924
5,86.0,21513,3924
5,87.0,21371,3924
5,88.0,21087,3924
5,89.0,20823,3924
5,90.0,20694,3924
5,91.0,22179,3924
5,92.0,22179,3924
5,93.0,22179,3924
5,94.0,22179,3924
5,95.0,15296,3924
5,96.0,15296,3924
5,97.0,15247,3924
5,98.0,15205,3924
5,99.0,15882,3924
5,100.0,16628,29432
5,101.0,10073,29432
5,102.0,10039,29432
5,103.0,9985,29432
5,104.0,9958,29432
5,105.0,9901,29432
5,106.0,9901,29432
5,107.0,9865,29432
5,108.0,9865,29432
5,109.0,9865,29432
5,110.0,9865,29432
5,111.0,12187,29432
5,112.0,12187,29432
5,113.0,14524,31020
5,114.0,14524,32622
5,115.0,17738,32622
5,116.0,21574,34220
5,117.0,15663,34220
5,118.0,15663,34220
5,119.0,15663,34220
5,120.0,15663,34220
5,121.0,15663,34220
5,122.0,15663,34220
5,123.0,15663,34220
5,124.0,15663,34220
5,125.0,15663,34220
5,126.0,15663,34220
5,127.0,15663,34220
5,128.0,15663,34220
5,129.0,15663,34220
5,130.0,15663,34220
5,131.0,15663,34220
5,132.0,15663,34220
5,133.0,15663,34220
5,134.0,15663,34220
5,135.0,15663,34220
5,136.0,15663,34220
5,137.0,15663,34220
5,138.0,15663,34220
5,139.0,15663,34220
5,140.0,15663,34220
5,141.0,15663,34220
5,142.0,15663,34220
5,143.0,15663,34220
5,144.0,15663,34220
5,145.0,15663,34220
5,146.0,15663,34220
5,147.0,15663,34220
5,148.0,15663,34220
5,149.0,15663,34220
5,150.0,15663,34220
5,151.0,15663,34220
5,152.0,15663,34220
5,153.0,15663,34220
5,154.0,15663,34220
5,155.0,15663,34220
5,156.0,15663,34220
5,157.0,15663,34220
5,158.0,15663,34220
5,159.0,15663,34220
5,160.0,15663,34220
5,161.0,15663,34220
5,162.0,15663,34220
5,163.0,15663,34220
5,164.0,15663,34220
5,165.0,15663,34220
5,166.0,15663,34220
6,1.0,3000,400
6,2.0,3000,400
6,3.0,3000,400
6,4.0,3000,400
6,5.0,3000,400
6,6.0,3000,400
6,7.0,3000,400
6,8.0,3000,400
6,9.0,3000,400
6,10.0,3000,400
6,11.0,3000,400
6,12.0,3000,400
6,13.0,3000,400
6,14.0,3000,400
6,15.0,3000,400
6,16.0,3000,400
6,17.0,3000,400
6,18.0,3000,400
6,19.0,3000,400
6,20.0,3000,400
6,21.0,3000,400
6,22.0,3000,400
6,23.0,3000,400
6,24.0,3000,400
6,25.0,3000,400
6,26.0,3000,400
6,27.0,3000,400
6,28.0,3000,400
6,29.0,3000,400
6,30.0,3000,400
6,31.0,3000,400
6,32.0,6956,400
6,33.0,6956,400
6,34.0,6956,400
6,35.0,10916,400
6,36.0,14976,400
6,37.0,14976,400
6,38.0,18991,400
6,39.0,18991,400
6,40.0,18991,400
6,41.0,18991,400
6,42.0,18991,400
6,43.0,18991,400
6,44.0,18991,400
6,45.0,18991,400
6,46.0,18991,400
6,47.0,18991,400
6,48.0,18991,400
6,49.0,18991,400
6,50.0,18991,400
6,51.0,18991,400
6,52.0,18991,400
6,53.0,25547,3095
6,54.0,31451,3928
6,55.0,30691,3928
6,56.0,30691,3928
6,57.0,29918,3928
6,58.0,29918,3928
6,59.0,29189,3928
6,60.0,29189,3928
6,61.0,28451,3928
6,62.0,28451,3928
6,63.0,28451,3928
6,64.0,28451,3928
6,65.0,28451,3928
6,66.0,28451,3928
6,67.0,28451,3928
6,68.0,28451,3928
6,69.0,28451,3928
6,70.0,28451,3928
6,71.0,38970,3928
6,72.0,28451,3928
6,73.0,28451,3928
6,74.0,28451,3928
6,75.0,28451,3928
6,76.0,28451,3928
6,77.0,28451,3928
6,78.0,28451,3928
6,79.0,28451,3928
6,80.0,28451,3928
6,81.0,28451,3928
6,82.0,28451,3928
6,83.0,28451,3928
6,84.0,21291,3928
6,85.0,21291,3928
6,86.0,21291,3928
6,87.0,21165,3928
6,88.0,20904,3928
6,89.0,20634,3928
6,90.0,20529,3928
6,91.0,22010,3928
6,92.0,22010,3928
6,93.0,22010,3928
6,94.0,22010,3928
6,95.0,14998,3928
6,96.0,14998,3928
6,97.0,14953,3928
6,98.0,14898,3928
6,99.0,15596,3928
6,100.0,16270,29454
6,101.0,10005,29454
6,102.0,9973,29454
6,103.0,9925,29454
6,104.0,9905,29454
6,105.0,9841,29454
6,106.0,9841,29454
6,107.0,9807,29454
6,108.0,9807,29454
6,109.0,9807,29454
6,110.0,9807,29454
6,111.0,12127,29454
6,112.0,12127,29454
6,113.0,14446,31066
6,114.0,14446,32678
6,115.0,17630,32678
6,116.0,21413,34294
6,117.0,15594,34294
6,118.0,15594,34294
6,119.0,15594,34294
6,120.0,15594,34294
6,121.0,15594,34294
6,122.0,15594,34294
6,123.0,15594,34294
6,124.0,15594,34294
6,125.0,15594,34294
6,126.0,15594,34294
6,127.0,15594,34294
6,128.0,15594,34294
6,129.0,15594,34294
6,130.0,15594,34294
6,131.0,15594,34294
6,132.0,15594,34294
6,133.0,15594,34294
6,134.0,15594,34294
6,135.0,15594,34294
6,136.0,15594,34294
6,137.0,15594,34294
6,138.0,15594,34294
6,139.0,15594,34294
6,140.0,15594,34294
6,141.0,15594,34294
6,142.0,15594,34294
6,143.0,15594,34294
6,144.0,15594,34294
6,145.0,15594,34294
6,146.0,15594,34294
6,147.0,15594,34294
6,148.0,15594,34294
6,149.0,15594,34294
6,150.0,15594,34294
6,151.0,15594,34294
6,152.0,15594,34294
6,153.0,15594,34294
6,154.0,15594,34294
6,155.0,15594,34294
6,156.0,15594,34294
6,157.0,15594,34294
6,158.0,15594,34294
6,159.0,15594,34294
6,160.0,15594,34294
6,161.0,15594,34294
6,162.0,15594,34294
6,163.0,15594,34294
6,164.0,15594,34294
6,165.0,15594,34294
6,166.0,15594,34294
7,1.0,3000,400
7,2.0,3000,400
7,3.0,3000,400
7,4.0,3000,400
7,5.0,3000,400
7,6.0,3000,400
7,7.0,3000,400
7,8.0,3000,400
7,9.0,3000,400
7,10.0,3000,400
7,11.0,3000,400
7,12.0,3000,400
7,13.0,3000,400
7,14.0,3000,400
7,15.0,3000,400
7,16.0,3000,400
7,17.0,3000,400
7,18.0,3000,400
7,19.0,3000,400
7,20.0,3000,400
7,21.0,3000,400
7,22.0,3000,400
7,23.0,3000,400
7,24.0,3000,400
7,25.0,3000,400
7,26.0,3000,400
7,27.0,3000,400
7,28.0,3000,400
7,29.0,3000,400
7,30.0,3000,400
7,31.0,3000,400
7,32.0,6977,400
7,33.0,6977,400
7,34.0,6977,400
7,35.0,11025,400
7,36.0,15040,400
7,37.0,15040,400
7,38.0,18977,400
7,39.0,18977,400
7,40.0,18977,400
7,41.0,18977,400
7,42.0,18977,400
7,43.0,18977,400
7,44.0,18977,400
7,45.0,18977,400
7,46.0,18977,400
7,47.0,18977,400
7,48.0,18977,400
7,49.0,18977,400
7,50.0,18977,400
7,51.0,18977,400
7,52.0,18977,400
7,53.0,25619,3165
7,54.0,31549,3976
7,55.0,30844,3976
7,56.0,30844,3976
7,57.0,30070,3976
7,58.0,30070,3976
7,59.0,29319,3976
7,60.0,29319,3976
7,61.0,28549,3976
7,62.0,28549,3976
7,63.0,28549,3976
7,64.0,28549,3976
7,65.0,28549,3976
7,66.0,28549,3976
7,67.0,28549,3976
7,68.0,28549,3976
7,69.0,28549,3976
7,70.0,28549,3976
7,71.0,39279,3976
7,72.0,28549,3976
7,73.0,28549,3976
7,74.0,28549,3976
7,75.0,28549,3976
7,76.0,28549,3976
7,77.0,28549,3976
7,78.0,28549,3976
7,79.0,28549,3976
7,80.0,28549,3976
7,81.0,28549,3976
7,82.0,28549,3976
7,83.0,28549,3976
7,84.0,21398,3976
7,85.0,21398,3976
7,86.0,21398,3976
7,87.0,21398,3976
7,88.0,21398,3976
7,89.0,21398,3976
7,90.0,21398,3976
7,91.0,22836,3976
7,92.0,22586,3976
7,93.0,22361,3976
7,94.0,22109,3976
7,95.0,15131,3976
7,96.0,15131,3976
7,97.0,15131,3976
7,98.0,15131,3976
7,99.0,16088,3976
7,100.0,17077,29818
7,101.0,10803,29818
7,102.0,10777,29818
7,103.0,10711,29818
7,104.0,10684,29818
7,105.0,10589,29818
7,106.0,10551,29818
7,107.0,10498,29818
7,108.0,10475,29818
7,109.0,10441,29818
7,110.0,10441,29818
7,111.0,12508,29818
7,112.0,12508,29818
7,113.0,14626,31327
7,114.0,14626,32903
7,115.0,17689,32903
7,116.0,21620,34502
7,117.0,16008,34502
7,118.0,16008,34502
7,119.0,16008,34502
7,120.0,16008,34502
7,121.0,16008,34502
7,122.0,16008,34502
7,123.0,16008,34502
7,124.0,16008,34502
7,125.0,16008,34502
7,126.0,16008,34502
7,127.0,16008,34502
7,128.0,16008,34502
7,129.0,16008,34502
7,130.0,16008,34502
7,131.0,16008,34502
7,132.0,16008,34502
7,133.0,16008,34502
7,134.0,16008,34502
7,135.0,16008,34502
7,136.0,16008,34502
7,137.0,16008,34502
7,138.0,16008,34502
7,139.0,16008,34502
7,140.0,16008,34502
7,141.0,16008,34502
7,142.0,16008,34502
7,143.0,16008,34502
7,144.0,16008,34502
7,145.0,16008,34502
7,146.0,16008,34502
7,147.0,16008,34502
7,148.0,16008,34502
7,149.0,16008,34502
7,150.0,16008,34502
7,151.0,16008,34502
7,152.0,16008,34502
7,153.0,16008,34502
7,154.0,16008,34502
7,155.0,16008,34502
7,156.0,16008,34502
7,157.0,16008,34502
7,158.0,16008,34502
7,159.0,16008,34502
7,160.0,16008,34502
7,161.0,16008,34502
7,162.0,16008,34502
7,163.0,16008,34502
7,164.0,16008,34502
7,165.0,16008,34502
7,166.0,16008,34502
8,1.0,3000,400
8,2.0,3000,400
8,3.0,3000,400
8,4.0,3000,400
8,5.0,3000,400
8,6.0,3000,400
8,7.0,3000,400
8,8.0,3000,400
8,9.0,3000,400
8,10.0,3000,400
8,11.0,3000,400
8,12.0,3000,400
8,13.0,3000,400
8,14.0,3000,400
8,15.0,3000,400
8,16.0,3000,400
8,17.0,3000,400
8,18.0,3000,400
8,19.0,3000,400
8,20.0,3000,400
8,21.0,3000,400
8,22.0,3000,400
8,23.0,3000,400
8,24.0,3000,400
8,25.0,3000,400
8,26.0,3000,400
8,27.0,3000,400
8,28.0,3000,400
8,29.0,3000,400
8,30.0,3000,400
8,31.0,3000,400
8,32.0,7061,400
8,33.0,7061,400
8,34.0,7061,400
8,35.0,11013,400
8,36.0,14934,400
8,37.0,14934,400
8,38.0,18922,400
8,39.0,18922,400
8,40.0,18922,400
8,41.0,18922,400
8,42.0,18922,400
8,43.0,18922,400
8,44.0,18922,400
8,45.0,18922,400
8,46.0,18922,400
8,47.0,18922,400
8,48.0,18922,400
8,49.0,18922,400
8,50.0,18922,400
8,51.0,18922,400
8,52.0,18922,400
8,53.0,25716,3109
8,54.0,31760,3939
8,55.0,31006,3939
8,56.0,31006,3939
8,57.0,30289,3939
8,58.0,30289,3939
8,59.0,29517,3939
8,60.0,29517,3939
8,61.0,28760,3939
8,62.0,28760,3939
8,63.0,28760,3939
8,64.0,28760,3939
8,65.0,28760,3939
8,66.0,28760,3939
8,67.0,28760,3939
8,68.0,28760,3939
8,69.0,28760,3939
8,70.0,28760,3939
8,71.0,39347,3939
8,72.0,28760,3939
8,73.0,28760,3939
8,74.0,28760,3939
8,75.0,28760,3939
8,76.0,28760,3939
8,77.0,28760,3939
8,78.0,28760,3939
8,79.0,28760,3939
8,80.0,28760,3939
8,81.0,28760,3939
8,82.0,28760,3939
8,83.0,28760,3939
8,84.0,21626,3939
8,85.0,21626,3939
8,86.0,21626,3939
8,87.0,21626,3939
8,88.0,21461,3939
8,89.0,21213,3939
8,90.0,21081,3939
8,91.0,22664,3939
8,92.0,22407,3939
8,93.0,22407,3939
8,94.0,22407,3939
8,95.0,15651,3939
8,96.0,15599,3939
8,97.0,15599,3939
8,98.0,15543,3939
8,99.0,16452,3939
8,100.0,17116,29537
8,101.0,10634,29537
8,102.0,10568,29537
8,103.0,10533,29537
8,104.0,10471,29537
8,105.0,10448,29537
8,106.0,10386,29537
8,107.0,10386,29537
8,108.0,10360,29537
8,109.0,10360,29537
8,110.0,10360,29537
8,111.0,12798,29537
8,112.0,12798,29537
8,113.0,15270,31066
8,114.0,15270,32585
8,115.0,18636,32585
8,116.0,22615,34094
8,117.0,16655,34094
8,118.0,16655,34094
8,119.0,16655,34094
8,120.0,16655,34094
8,121.0,16655,34094
8,122.0,16655,34094
8,123.0,16655,34094
8,124.0,16655,34094
8,125.0,16655,34094
8,126.0,16655,34094
8,127.0,16655,34094
8,128.0,16655,34094
8,129.0,16655,34094
8,130.0,16655,34094
8,131.0,16655,34094
8,132.0,16655,34094
8,133.0,16655,34094
8,134.0,16655,34094
8,135.0,16655,34094
8,136.0,16655,34094
8,137.0,16655,34094
8,138.0,16655,34094
8,139.0,16655,34094
8,140.0,16655,34094
8,141.0,16655,34094
8,142.0,16655,34094
8,143.0,16655,34094
8,144.0,16655,34094
8,145.0,16655,34094
8,146.0,16655,34094
8,147.0,16655,34094
8,148.0,16655,34094
8,149.0,16655,34094
8,150.0,16655,34094
8,151.0,16655,34094
8,152.0,16655,34094
8,153.0,16655,34094
8,154.0,16655,34094
8,155.0,16655,34094
8,156.0,16655,34094
8,157.0,16655,34094
8,158.0,16655,34094
8,159.0,16655,34094
8,160.0,16655,34094
8,161.0,16655,34094
8,162.0,16655,34094
8,163.0,16655,34094
8,164.0,16655,34094
8,165.0,16655,34094
8,166.0,16655,34094
9,1.0,3000,400
9,2.0,3000,400
9,3.0,3000,400
9,4.0,3000,400
9,5.0,3000,400
9,6.0,3000,400
9,7.0,3000,400
9,8.0,3000,400
9,9.0,3000,400
9,10.0,3000,400
9,11.0,3000,400
9,12.0,3000,400
9,13.0,3000,400
9,14.0,3000,400
9,15.0,3000,400
9,16.0,3000,400
9,17.0,3000,400
9,18.0,3000,400
9,19.0,3000,400
9,20.0,3000,400
9,21.0,3000,400
9,22.0,3000,400
9,23.0,3000,400
9,24.0,3000,400
9,25.0,3000,400
9,26.0,3000,400
9,27.0,3000,400
9,28.0,3000,400
9,29.0,3000,400
9,30.0,3000,400
9,31.0,3000,400
9,32.0,7006,400
9,33.0,7006,400
9,34.0,7006,400
9,35.0,11059,400
9,36.0,15026,400
9,37.0,15026,400
9,38.0,19040,400
9,39.0,19040,400
9,40.0,19040,400
9,41.0,19040,400
9,42.0,19040,400
9,43.0,19040,400
9,44.0,19040,400
9,45.0,19040,400
9,46.0,19040,400
9,47.0,19040,400
9,48.0,19040,400
9,49.0,19040,400
9,50.0,19040,400
9,51.0,19040,400
9,52.0,19040,400
9,53.0,25684,3144
9,54.0,31713,3977
9,55.0,30965,3977
9,56.0,30965,3977
9,57.0,30186,3977
9,58.0,30186,3977
9,59.0,29455,3977
9,60.0,29455,3977
9,61.0,28713,3977
9,62.0,28713,3977
9,63.0,28713,3977
9,64.0,28713,3977
9,65.0,28713,3977
9,66.0,28713,3977
9,67.0,28713,3977
9,68.0,28713,3977
9,69.0,28713,3977
9,70.0,28713,3977
9,71.0,39342,3977
9,72.0,28713,3977
9,73.0,28713,3977
9,74.0,28713,3977
9,75.0,28713,3977
9,76.0,28713,3977
9,77.0,28713,3977
9,78.0,28713,3977
9,79.0,28713,3977
9,80.0,28713,3977
9,81.0,28713,3977
9,82.0,28713,3977
9,83.0,28713,3977
9,84.0,21552,3977
9,85.0,21552,3977
9,86.0,21552,3977
9,87.0,21552,3977
9,88.0,21552,3977
9,89.0,21552,3977
9,90.0,21552,3977
9,91.0,21552,3977
9,92.0,21552,3977
9,93.0,21396,3977
9,94.0,21134,3977
9,95.0,13918,3977
9,96.0,13748,3977
9,97.0,13661,3977
9,98.0,13661,3977
9,99.0,14809,3977
9,100.0,15962,29821
9,101.0,9619,29821
9,102.0,9619,29821
9,103.0,9583,29821
9,104.0,9546,29821
9,105.0,9498,29821
9,106.0,9467,29821
9,107.0,9384,29821
9,108.0,9358,29821
9,109.0,9307,29821
9,110.0,9287,29821
9,111.0,9268,29821
9,112.0,9268,29821
9,113.0,9241,31418
9,114.0,9241,32942
9,115.0,10398,32942
9,116.0,12500,34532
9,117.0,7572,34532
9,118.0,7572,34532
9,119.0,7572,34532
9,120.0,7572,34532
9,121.0,7572,34532
9,122.0,7572,34532
9,123.0,7572,34532
9,124.0,7572,34532
9,125.0,7572,34532
9,126.0,7572,34532
9,127.0,7572,34532
9,128.0,7572,34532
9,129.0,7572,34532
9,130.0,7572,34532
9,131.0,7572,34532
9,132.0,7572,34532
9,133.0,7572,34532
9,134.0,7572,34532
9,135.0,7572,34532
9,136.0,7572,34532
9,137.0,7572,34532
9,138.0,7572,34532
9,139.0,7572,34532
9,140.0,7572,34532
9,141.0,7572,34532
9,142.0,7572,34532
9,143.0,7572,34532
9,144.0,7572,34532
9,145.0,7572,34532
9,146.0,7572,34532
9,147.0,7572,34532
9,148.0,7572,34532
9,149.0,7572,34532
9,150.0,7572,34532
9,151.0,7572,34532
9,152.0,7572,34532
9,153.0,7572,34532
9,154.0,7572,34532
9,155.0,7572,34532
9,156.0,7572,34532
9,157.0,7572,34532
9,158.0,7572,34532
9,159.0,7572,34532
9,160.0,7572,34532
9,161.0,7572,34532
9,162.0,7572,34532
9,163.0,7572,34532
9,164.0,7572,34532
9,165.0,7572,34532
9,166.0,7572,34532
10,1.0,3000,400
10,2.0,3000,400
10,3.0,3000,400
10,4.0,3000,400
10,5.0,3000,400
10,6.0,3000,400
10,7.0,3000,400
10,8.0,3000,400
10,9.0,3000,400
10,10.0,3000,400
10,11.0,3000,400
10,12.0,3000,400
10,13.0,3000,400
10,14.0,3000,400
10,15.0,3000,400
10,16.0,3000,400
10,17.0,3000,400
10,18.0,3000,400
10,19.0,3000,400
10,20.0,3000,400
10,21.0,3000,400
10,22.0,3000,400
10,23.0,3000,400
10,24.0,3000,400
10,25.0,3000,400
10,26.0,3000,400
10,27.0,3000,400
10,28.0,3000,400
10,29.0,3000,400
10,30.0,3000,400
10,31.0,3000,400
10,32.0,7048,400
10,33.0,7048,400
10,34.0,7048,400
10,35.0,11090,400
10,36.0,15150,400
10,37.0,15150,400
10,38.0,19122,400
10,39.0,19122,400
10,40.0,19122,400
10,41.0,19122,400
10,42.0,19122,400
10,43.0,19122,400
10,44.0,19122,400
10,45.0,19122,400
10,46.0,19122,400
10,47.0,19122,400
10,48.0,19122,400
10,49.0,19122,400
10,50.0,19122,400
10,51.0,19122,400
10,52.0,19122,400
10,53.0,25852,3102
10,54.0,31814,3923
10,55.0,31083,3923
10,56.0,31083,3923
10,57.0,30313,3923
10,58.0,30313,3923
10,59.0,29579,3923
10,60.0,29579,3923
10,61.0,28814,3923
10,62.0,28814,3923
10,63.0,28814,3923
10,64.0,28814,3923
10,65.0,28814,3923
10,66.0,28814,3923
10,67.0,28814,3923
10,68.0,28814,3923
10,69.0,28814,3923
10,70.0,28814,3923
10,71.0,39665,3923
10,72.0,28814,3923
10,73.0,28814,3923
10,74.0,28814,3923
10,75.0,28814,3923
10,76.0,28814,3923
10,77.0,28814,3923
10,78.0,28814,3923
10,79.0,28814,3923
10,80.0,28814,3923
10,81.0,28814,3923
10,82.0,28814,3923
10,83.0,28814,3923
10,84.0,21680,3923
10,85.0,21680,3923
10,86.0,21680,3923
10,87.0,21680,3923
10,88.0,21680,3923
10,89.0,21680,3923
10,90.0,21680,3923
10,91.0,23186,3923
10,92.0,22913,3923
10,93.0,22667,3923
10,94.0,22405,3923
10,95.0,15422,3923
10,96.0,15422,3923
10,97.0,15422,3923
10,98.0,15373,3923
10,99.0,16446,3923
10,100.0,17384,29419
10,101.0,11081,29419
10,102.0,11023,29419
10,103.0,11001,29419
10,104.0,10899,29419
10,105.0,10870,29419
10,106.0,10813,29419
10,107.0,10783,29419
10,108.0,10728,29419
10,109.0,10728,29419
10,110.0,10699,29419
10,111.0,13026,29419
10,112.0,13026,29419
10,113.0,15387,31005
10,114.0,15387,32595
10,115.0,18829,32595
10,116.0,23023,34195
10,117.0,17359,34195
10,118.0,17359,34195
10,119.0,17359,34195
10,120.0,17359,34195
10,121.0,17359,34195
10,122.0,17359,34195
10,123.0,17359,34195
10,124.0,17359,34195
10,125.0,17359,34195
10,126.0,17359,34195
10,127.0,17359,34195
10,128.0,17359,34195
10,129.0,17359,34195
10,130.0,17359,34195
10,131.0,17359,34195
10,132.0,17359,34195
10,133.0,17359,34195
10,134.0,17359,34195
10,135.0,17359,34195
10,136.0,17359,34195
10,137.0,17359,34195
10,138.0,17359,34195
10,139.0,17359,34195
10,140.0,17359,34195
10,141.0,17359,34195
10,142.0,17359,34195
10,143.0,17359,34195
10,144.0,17359,34195
10,145.0,17359,34195
10,146.0,17359,34195
10,147.0,17359,34195
10,148.0,17359,34195
10,149.0,17359,34195
10,150.0,17359,34195
10,151.0,17359,34195
10,152.0,17359,34195
10,153.0,17359,34195
10,154.0,17359,34195
10,155.0,17359,34195
10,156.0,17359,34195
10,157.0,17359,34195
10,158.0,17359,34195
10,159.0,17359,34195
10,160.0,17359,34195
10,161.0,17359,34195
10,162.0,17359,34195
10,163.0,17359,34195
10,164.0,17359,34195
10,165.0,17359,34195
10,166.0,17359,34195
