"run","tick","GRCount","STCount"
1,1.0,200,7500
1,2.0,200,7500
1,3.0,200,7500
1,4.0,200,7500
1,5.0,200,7500
1,6.0,200,7500
1,7.0,200,7500
1,8.0,200,7500
1,9.0,200,7500
1,10.0,200,7500
1,11.0,200,7500
1,12.0,200,7500
1,13.0,200,7500
1,14.0,200,7500
1,15.0,200,7500
1,16.0,200,7500
1,17.0,200,7500
1,18.0,200,7500
1,19.0,200,7500
1,20.0,200,7500
1,21.0,200,7500
1,22.0,200,7500
1,23.0,200,7500
1,24.0,200,7500
1,25.0,200,7500
1,26.0,200,8725
1,27.0,324,8725
1,28.0,324,8725
1,29.0,517,8725
1,30.0,517,8725
1,31.0,517,8725
1,32.0,517,8725
1,33.0,517,8725
1,34.0,517,8725
1,35.0,917,8725
1,36.0,917,8725
1,37.0,917,8725
1,38.0,1182,8725
1,39.0,1182,8725
1,40.0,1182,8725
1,41.0,1182,8725
1,42.0,1182,8725
1,43.0,1182,8725
1,44.0,1182,8725
1,45.0,1182,56323
1,46.0,1182,56323
1,47.0,1182,56323
1,48.0,1766,56323
1,49.0,2311,56323
1,50.0,2311,56323
1,51.0,2311,56323
1,52.0,2990,56323
1,53.0,3639,56323
1,54.0,3639,56323
1,55.0,3639,56323
1,56.0,3639,56323
1,57.0,3639,56323
1,58.0,3639,56323
1,59.0,3639,56323
1,60.0,3639,56323
1,61.0,3639,56323
1,62.0,3639,56323
1,63.0,3639,56323
1,64.0,3639,56323
1,65.0,3639,56323
1,66.0,3639,56323
1,67.0,3639,56323
1,68.0,3639,56323
1,69.0,5218,56323
1,70.0,5218,62115
1,71.0,6794,62115
1,72.0,6794,68556
1,73.0,6794,68556
1,74.0,6794,68556
1,75.0,6794,68556
1,76.0,6794,68556
1,77.0,6794,68556
1,78.0,6794,68556
1,79.0,11419,68556
1,80.0,16270,68556
1,81.0,16270,80569
1,82.0,16270,80569
1,83.0,16270,80569
1,84.0,15344,80569
1,85.0,15344,80569
1,86.0,15344,80569
1,87.0,15344,80569
1,88.0,15344,80569
1,89.0,15344,80569
1,90.0,15344,80569
1,91.0,15344,80569
1,92.0,15344,80569
1,93.0,15344,80569
1,94.0,15344,80569
1,95.0,13639,80569
1,96.0,13639,80569
1,97.0,13639,80569
1,98.0,13639,80569
1,99.0,13639,80569
1,100.0,13639,80569
1,101.0,27675,80569
1,102.0,40413,80569
1,103.0,40413,80569
1,104.0,53126,90563
1,105.0,65862,90563
1,106.0,65862,90563
1,107.0,65862,90563
1,108.0,65862,90563
1,109.0,65862,90563
1,110.0,65862,90563
1,111.0,65862,90563
1,112.0,65862,90563
1,113.0,66612,90563
1,114.0,66612,90563
1,115.0,66612,90563
1,116.0,66612,90563
1,117.0,48203,90563
1,118.0,48203,90563
1,119.0,48203,90563
1,120.0,48203,90563
1,121.0,48203,90563
1,122.0,48203,90563
1,123.0,48203,90563
1,124.0,48203,90563
1,125.0,48203,90563
1,126.0,48203,90563
1,127.0,48203,90563
1,128.0,48203,90563
1,129.0,48203,90563
1,130.0,48203,90563
1,131.0,48203,90563
1,132.0,48203,90563
1,133.0,48203,90563
1,134.0,48203,90563
1,135.0,48203,90563
1,136.0,48203,90563
1,137.0,48203,90563
1,138.0,48203,90563
1,139.0,48203,90563
1,140.0,48203,90563
1,141.0,48203,90563
1,142.0,48203,90563
1,143.0,48203,90563
1,144.0,48203,90563
1,145.0,48203,90563
1,146.0,48203,90563
1,147.0,48203,90563
1,148.0,48203,90563
1,149.0,48203,90563
1,150.0,48203,90563
1,151.0,48203,90563
1,152.0,48203,90563
1,153.0,48203,90563
1,154.0,48203,90563
1,155.0,48203,90563
1,156.0,48203,90563
1,157.0,48203,90563
1,158.0,48203,90563
1,159.0,48203,90563
1,160.0,48203,90563
1,161.0,48203,90563
1,162.0,48203,90563
1,163.0,48203,90563
1,164.0,48203,90563
1,165.0,48203,90563
1,166.0,48203,90563
3,1.0,200,7500
3,2.0,200,7500
3,3.0,200,7500
3,4.0,200,7500
3,5.0,200,7500
3,6.0,200,7500
3,7.0,200,7500
3,8.0,200,7500
3,9.0,200,7500
3,10.0,200,7500
3,11.0,200,7500
3,12.0,200,7500
3,13.0,200,7500
3,14.0,200,7500
3,15.0,200,7500
3,16.0,200,7500
3,17.0,200,7500
3,18.0,200,7500
3,19.0,200,7500
3,20.0,200,7500
3,21.0,200,7500
3,22.0,200,7500
3,23.0,200,7500
3,24.0,200,7500
3,25.0,200,7500
3,26.0,200,8452
3,27.0,330,8452
3,28.0,330,8452
3,29.0,534,8452
3,30.0,534,8452
3,31.0,534,8452
3,32.0,534,8452
3,33.0,534,8452
3,34.0,534,8452
3,35.0,934,8452
3,36.0,934,8452
3,37.0,934,8452
3,38.0,1200,8452
3,39.0,1200,8452
3,40.0,1200,8452
3,41.0,1200,8452
3,42.0,1200,8452
3,43.0,1200,8452
3,44.0,1200,8452
3,45.0,1200,55636
3,46.0,1200,55636
3,47.0,1200,55636
3,48.0,1760,55636
3,49.0,2309,55636
3,50.0,2309,55636
3,51.0,2309,55636
3,52.0,3028,55636
3,53.0,3762,55636
3,54.0,3762,55636
3,55.0,3762,55636
3,56.0,3762,55636
3,57.0,3762,55636
3,58.0,3762,55636
3,59.0,3762,55636
3,60.0,3762,55636
3,61.0,3762,55636
3,62.0,3762,55636
3,63.0,3762,55636
3,64.0,3762,55636
3,65.0,3762,55636
3,66.0,3762,55636
3,67.0,3762,55636
3,68.0,3762,55636
3,69.0,5424,55636
3,70.0,5424,61266
3,71.0,7022,61266
3,72.0,7022,67678
3,73.0,7022,67678
3,74.0,7022,67678
3,75.0,7022,67678
3,76.0,7022,67678
3,77.0,7022,67678
3,78.0,7022,67678
3,79.0,11801,67678
3,80.0,16864,67678
3,81.0,16864,78941
3,82.0,16864,78941
3,83.0,16864,78941
3,84.0,15888,78941
3,85.0,15888,78941
3,86.0,15888,78941
3,87.0,15888,78941
3,88.0,15888,78941
3,89.0,15888,78941
3,90.0,15888,78941
3,91.0,15888,78941
3,92.0,15888,78941
3,93.0,15888,78941
3,94.0,15888,78941
3,95.0,14116,78941
3,96.0,14116,78941
3,97.0,14116,78941
3,98.0,14116,78941
3,99.0,14116,78941
3,100.0,14116,78941
3,101.0,28716,78941
3,102.0,41992,78941
3,103.0,41992,78941
3,104.0,55252,88571
3,105.0,68482,88571
3,106.0,68482,88571
3,107.0,68482,88571
3,108.0,68482,88571
3,109.0,68482,88571
3,110.0,68482,88571
3,111.0,68482,88571
3,112.0,68482,88571
3,113.0,69299,88571
3,114.0,69299,88571
3,115.0,69299,88571
3,116.0,69299,88571
3,117.0,50389,88571
3,118.0,50389,88571
3,119.0,50389,88571
3,120.0,50389,88571
3,121.0,50389,88571
3,122.0,50389,88571
3,123.0,50389,88571
3,124.0,50389,88571
3,125.0,50389,88571
3,126.0,50389,88571
3,127.0,50389,88571
3,128.0,50389,88571
3,129.0,50389,88571
3,130.0,50389,88571
3,131.0,50389,88571
3,132.0,50389,88571
3,133.0,50389,88571
3,134.0,50389,88571
3,135.0,50389,88571
3,136.0,50389,88571
3,137.0,50389,88571
3,138.0,50389,88571
3,139.0,50389,88571
3,140.0,50389,88571
3,141.0,50389,88571
3,142.0,50389,88571
3,143.0,50389,88571
3,144.0,50389,88571
3,145.0,50389,88571
3,146.0,50389,88571
3,147.0,50389,88571
3,148.0,50389,88571
3,149.0,50389,88571
3,150.0,50389,88571
3,151.0,50389,88571
3,152.0,50389,88571
3,153.0,50389,88571
3,154.0,50389,88571
3,155.0,50389,88571
3,156.0,50389,88571
3,157.0,50389,88571
3,158.0,50389,88571
3,159.0,50389,88571
3,160.0,50389,88571
3,161.0,50389,88571
3,162.0,50389,88571
3,163.0,50389,88571
3,164.0,50389,88571
3,165.0,50389,88571
3,166.0,50389,88571
5,1.0,200,7500
5,2.0,200,7500
5,3.0,200,7500
5,4.0,200,7500
5,5.0,200,7500
5,6.0,200,7500
5,7.0,200,7500
5,8.0,200,7500
5,9.0,200,7500
5,10.0,200,7500
5,11.0,200,7500
5,12.0,200,7500
5,13.0,200,7500
5,14.0,200,7500
5,15.0,200,7500
5,16.0,200,7500
5,17.0,200,7500
5,18.0,200,7500
5,19.0,200,7500
5,20.0,200,7500
5,21.0,200,7500
5,22.0,200,7500
5,23.0,200,7500
5,24.0,200,7500
5,25.0,200,7500
5,26.0,200,8802
5,27.0,332,8802
5,28.0,332,8802
5,29.0,513,8802
5,30.0,513,8802
5,31.0,513,8802
5,32.0,513,8802
5,33.0,513,8802
5,34.0,513,8802
5,35.0,913,8802
5,36.0,913,8802
5,37.0,913,8802
5,38.0,1179,8802
5,39.0,1179,8802
5,40.0,1179,8802
5,41.0,1179,8802
5,42.0,1179,8802
5,43.0,1179,8802
5,44.0,1179,8802
5,45.0,1179,55736
5,46.0,1179,55736
5,47.0,1179,55736
5,48.0,1708,55736
5,49.0,2246,55736
5,50.0,2246,55736
5,51.0,2246,55736
5,52.0,2930,55736
5,53.0,3611,55736
5,54.0,3611,55736
5,55.0,3611,55736
5,56.0,3611,55736
5,57.0,3611,55736
5,58.0,3611,55736
5,59.0,3611,55736
5,60.0,3611,55736
5,61.0,3611,55736
5,62.0,3611,55736
5,63.0,3611,55736
5,64.0,3611,55736
5,65.0,3611,55736
5,66.0,3611,55736
5,67.0,3611,55736
5,68.0,3611,55736
5,69.0,5194,55736
5,70.0,5194,61454
5,71.0,6829,61454
5,72.0,6829,67930
5,73.0,6829,67930
5,74.0,6829,67930
5,75.0,6829,67930
5,76.0,6829,67930
5,77.0,6829,67930
5,78.0,6829,67930
5,79.0,11366,67930
5,80.0,16144,67930
5,81.0,16144,80159
5,82.0,16144,80159
5,83.0,16144,80159
5,84.0,15252,80159
5,85.0,15252,80159
5,86.0,15252,80159
5,87.0,15252,80159
5,88.0,15252,80159
5,89.0,15252,80159
5,90.0,15252,80159
5,91.0,15252,80159
5,92.0,15252,80159
5,93.0,15252,80159
5,94.0,15252,80159
5,95.0,13576,80159
5,96.0,13576,80159
5,97.0,13576,80159
5,98.0,13576,80159
5,99.0,13576,80159
5,100.0,13576,80159
5,101.0,27781,80159
5,102.0,40476,80159
5,103.0,40476,80159
5,104.0,53290,90117
5,105.0,54021,90117
5,106.0,54021,90117
5,107.0,54021,90117
5,108.0,54021,90117
5,109.0,54021,90117
5,110.0,54021,90117
5,111.0,54021,90117
5,112.0,54021,90117
5,113.0,54817,90117
5,114.0,54817,90117
5,115.0,54817,90117
5,116.0,54817,90117
5,117.0,39412,90117
5,118.0,39412,90117
5,119.0,39412,90117
5,120.0,39412,90117
5,121.0,39412,90117
5,122.0,39412,90117
5,123.0,39412,90117
5,124.0,39412,90117
5,125.0,39412,90117
5,126.0,39412,90117
5,127.0,39412,90117
5,128.0,39412,90117
5,129.0,39412,90117
5,130.0,39412,90117
5,131.0,39412,90117
5,132.0,39412,90117
5,133.0,39412,90117
5,134.0,39412,90117
5,135.0,39412,90117
5,136.0,39412,90117
5,137.0,39412,90117
5,138.0,39412,90117
5,139.0,39412,90117
5,140.0,39412,90117
5,141.0,39412,90117
5,142.0,39412,90117
5,143.0,39412,90117
5,144.0,39412,90117
5,145.0,39412,90117
5,146.0,39412,90117
5,147.0,39412,90117
5,148.0,39412,90117
5,149.0,39412,90117
5,150.0,39412,90117
5,151.0,39412,90117
5,152.0,39412,90117
5,153.0,39412,90117
5,154.0,39412,90117
5,155.0,39412,90117
5,156.0,39412,90117
5,157.0,39412,90117
5,158.0,39412,90117
5,159.0,39412,90117
5,160.0,39412,90117
5,161.0,39412,90117
5,162.0,39412,90117
5,163.0,39412,90117
5,164.0,39412,90117
5,165.0,39412,90117
5,166.0,39412,90117
7,1.0,200,7500
7,2.0,200,7500
7,3.0,200,7500
7,4.0,200,7500
7,5.0,200,7500
7,6.0,200,7500
7,7.0,200,7500
7,8.0,200,7500
7,9.0,200,7500
7,10.0,200,7500
7,11.0,200,7500
7,12.0,200,7500
7,13.0,200,7500
7,14.0,200,7500
7,15.0,200,7500
7,16.0,200,7500
7,17.0,200,7500
7,18.0,200,7500
7,19.0,200,7500
7,20.0,200,7500
7,21.0,200,7500
7,22.0,200,7500
7,23.0,200,7500
7,24.0,200,7500
7,25.0,200,7500
7,26.0,200,8627
7,27.0,332,8627
7,28.0,332,8627
7,29.0,529,8627
7,30.0,529,8627
7,31.0,529,8627
7,32.0,529,8627
7,33.0,529,8627
7,34.0,529,8627
7,35.0,929,8627
7,36.0,929,8627
7,37.0,929,8627
7,38.0,1194,8627
7,39.0,1194,8627
7,40.0,1194,8627
7,41.0,1194,8627
7,42.0,1194,8627
7,43.0,1194,8627
7,44.0,1194,8627
7,45.0,1194,55669
7,46.0,1194,55669
7,47.0,1194,55669
7,48.0,1726,55669
7,49.0,2268,55669
7,50.0,2268,55669
7,51.0,2268,55669
7,52.0,2949,55669
7,53.0,3643,55669
7,54.0,3643,55669
7,55.0,3643,55669
7,56.0,3643,55669
7,57.0,3643,55669
7,58.0,3643,55669
7,59.0,3643,55669
7,60.0,3643,55669
7,61.0,3643,55669
7,62.0,3643,55669
7,63.0,3643,55669
7,64.0,3643,55669
7,65.0,3643,55669
7,66.0,3643,55669
7,67.0,3643,55669
7,68.0,3643,55669
7,69.0,5238,55669
7,70.0,5238,61362
7,71.0,6824,61362
7,72.0,6824,67703
7,73.0,6824,67703
7,74.0,6824,67703
7,75.0,6824,67703
7,76.0,6824,67703
7,77.0,6824,67703
7,78.0,6824,67703
7,79.0,11401,67703
7,80.0,16293,67703
7,81.0,16293,79323
7,82.0,16293,79323
7,83.0,16293,79323
7,84.0,15318,79323
7,85.0,15318,79323
7,86.0,15318,79323
7,87.0,15318,79323
7,88.0,15318,79323
7,89.0,15318,79323
7,90.0,15318,79323
7,91.0,15318,79323
7,92.0,15318,79323
7,93.0,15318,79323
7,94.0,15318,79323
7,95.0,13626,79323
7,96.0,13626,79323
7,97.0,13626,79323
7,98.0,13626,79323
7,99.0,13626,79323
7,100.0,13626,79323
7,101.0,27773,79323
7,102.0,40416,79323
7,103.0,40416,79323
7,104.0,53167,88771
7,105.0,65879,88771
7,106.0,65879,88771
7,107.0,65879,88771
7,108.0,65879,88771
7,109.0,65879,88771
7,110.0,65879,88771
7,111.0,65879,88771
7,112.0,65879,88771
7,113.0,66634,88771
7,114.0,66634,88771
7,115.0,66634,88771
7,116.0,66634,88771
7,117.0,48478,88771
7,118.0,48478,88771
7,119.0,48478,88771
7,120.0,48478,88771
7,121.0,48478,88771
7,122.0,48478,88771
7,123.0,48478,88771
7,124.0,48478,88771
7,125.0,48478,88771
7,126.0,48478,88771
7,127.0,48478,88771
7,128.0,48478,88771
7,129.0,48478,88771
7,130.0,48478,88771
7,131.0,48478,88771
7,132.0,48478,88771
7,133.0,48478,88771
7,134.0,48478,88771
7,135.0,48478,88771
7,136.0,48478,88771
7,137.0,48478,88771
7,138.0,48478,88771
7,139.0,48478,88771
7,140.0,48478,88771
7,141.0,48478,88771
7,142.0,48478,88771
7,143.0,48478,88771
7,144.0,48478,88771
7,145.0,48478,88771
7,146.0,48478,88771
7,147.0,48478,88771
7,148.0,48478,88771
7,149.0,48478,88771
7,150.0,48478,88771
7,151.0,48478,88771
7,152.0,48478,88771
7,153.0,48478,88771
7,154.0,48478,88771
7,155.0,48478,88771
7,156.0,48478,88771
7,157.0,48478,88771
7,158.0,48478,88771
7,159.0,48478,88771
7,160.0,48478,88771
7,161.0,48478,88771
7,162.0,48478,88771
7,163.0,48478,88771
7,164.0,48478,88771
7,165.0,48478,88771
7,166.0,48478,88771
9,1.0,200,7500
9,2.0,200,7500
9,3.0,200,7500
9,4.0,200,7500
9,5.0,200,7500
9,6.0,200,7500
9,7.0,200,7500
9,8.0,200,7500
9,9.0,200,7500
9,10.0,200,7500
9,11.0,200,7500
9,12.0,200,7500
9,13.0,200,7500
9,14.0,200,7500
9,15.0,200,7500
9,16.0,200,7500
9,17.0,200,7500
9,18.0,200,7500
9,19.0,200,7500
9,20.0,200,7500
9,21.0,200,7500
9,22.0,200,7500
9,23.0,200,7500
9,24.0,200,7500
9,25.0,200,7500
9,26.0,200,8557
9,27.0,326,8557
9,28.0,326,8557
9,29.0,545,8557
9,30.0,545,8557
9,31.0,545,8557
9,32.0,545,8557
9,33.0,545,8557
9,34.0,545,8557
9,35.0,945,8557
9,36.0,945,8557
9,37.0,945,8557
9,38.0,1200,8557
9,39.0,1200,8557
9,40.0,1200,8557
9,41.0,1200,8557
9,42.0,1200,8557
9,43.0,1200,8557
9,44.0,1200,8557
9,45.0,1200,55840
9,46.0,1200,55840
9,47.0,1200,55840
9,48.0,1748,55840
9,49.0,2327,55840
9,50.0,2327,55840
9,51.0,2327,55840
9,52.0,3060,55840
9,53.0,3805,55840
9,54.0,3805,55840
9,55.0,3805,55840
9,56.0,3805,55840
9,57.0,3805,55840
9,58.0,3805,55840
9,59.0,3805,55840
9,60.0,3805,55840
9,61.0,3805,55840
9,62.0,3805,55840
9,63.0,3805,55840
9,64.0,3805,55840
9,65.0,3805,55840
9,66.0,3805,55840
9,67.0,3805,55840
9,68.0,3805,55840
9,69.0,5388,55840
9,70.0,5388,61464
9,71.0,6973,61464
9,72.0,6973,67806
9,73.0,6973,67806
9,74.0,6973,67806
9,75.0,6973,67806
9,76.0,6973,67806
9,77.0,6973,67806
9,78.0,6973,67806
9,79.0,11789,67806
9,80.0,16886,67806
9,81.0,16886,79150
9,82.0,16886,79150
9,83.0,16886,79150
9,84.0,15901,79150
9,85.0,15901,79150
9,86.0,15901,79150
9,87.0,15901,79150
9,88.0,15901,79150
9,89.0,15901,79150
9,90.0,15901,79150
9,91.0,15901,79150
9,92.0,15901,79150
9,93.0,15901,79150
9,94.0,15901,79150
9,95.0,14206,79150
9,96.0,14206,79150
9,97.0,14206,79150
9,98.0,14206,79150
9,99.0,14206,79150
9,100.0,14206,79150
9,101.0,28814,79150
9,102.0,42035,79150
9,103.0,42035,79150
9,104.0,55431,88636
9,105.0,68706,88636
9,106.0,68706,88636
9,107.0,68706,88636
9,108.0,68706,88636
9,109.0,68706,88636
9,110.0,68706,88636
9,111.0,68706,88636
9,112.0,68706,88636
9,113.0,69518,88636
9,114.0,69518,88636
9,115.0,69518,88636
9,116.0,69518,88636
9,117.0,50523,88636
9,118.0,50523,88636
9,119.0,50523,88636
9,120.0,50523,88636
9,121.0,50523,88636
9,122.0,50523,88636
9,123.0,50523,88636
9,124.0,50523,88636
9,125.0,50523,88636
9,126.0,50523,88636
9,127.0,50523,88636
9,128.0,50523,88636
9,129.0,50523,88636
9,130.0,50523,88636
9,131.0,50523,88636
9,132.0,50523,88636
9,133.0,50523,88636
9,134.0,50523,88636
9,135.0,50523,88636
9,136.0,50523,88636
9,137.0,50523,88636
9,138.0,50523,88636
9,139.0,50523,88636
9,140.0,50523,88636
9,141.0,50523,88636
9,142.0,50523,88636
9,143.0,50523,88636
9,144.0,50523,88636
9,145.0,50523,88636
9,146.0,50523,88636
9,147.0,50523,88636
9,148.0,50523,88636
9,149.0,50523,88636
9,150.0,50523,88636
9,151.0,50523,88636
9,152.0,50523,88636
9,153.0,50523,88636
9,154.0,50523,88636
9,155.0,50523,88636
9,156.0,50523,88636
9,157.0,50523,88636
9,158.0,50523,88636
9,159.0,50523,88636
9,160.0,50523,88636
9,161.0,50523,88636
9,162.0,50523,88636
9,163.0,50523,88636
9,164.0,50523,88636
9,165.0,50523,88636
9,166.0,50523,88636
2,1.0,200,7500
2,2.0,200,7500
2,3.0,200,7500
2,4.0,200,7500
2,5.0,200,7500
2,6.0,200,7500
2,7.0,200,7500
2,8.0,200,7500
2,9.0,200,7500
2,10.0,200,7500
2,11.0,200,7500
2,12.0,200,7500
2,13.0,200,7500
2,14.0,200,7500
2,15.0,200,7500
2,16.0,200,7500
2,17.0,200,7500
2,18.0,200,7500
2,19.0,200,7500
2,20.0,200,7500
2,21.0,200,7500
2,22.0,200,7500
2,23.0,200,7500
2,24.0,200,7500
2,25.0,200,7500
2,26.0,200,8676
2,27.0,352,8676
2,28.0,352,8676
2,29.0,566,8676
2,30.0,566,8676
2,31.0,566,8676
2,32.0,566,8676
2,33.0,566,8676
2,34.0,566,8676
2,35.0,966,8676
2,36.0,966,8676
2,37.0,966,8676
2,38.0,1235,8676
2,39.0,1235,8676
2,40.0,1235,8676
2,41.0,1235,8676
2,42.0,1235,8676
2,43.0,1235,8676
2,44.0,1235,8676
2,45.0,1235,55846
2,46.0,1235,55846
2,47.0,1235,55846
2,48.0,1784,55846
2,49.0,2371,55846
2,50.0,2371,55846
2,51.0,2371,55846
2,52.0,3145,55846
2,53.0,3895,55846
2,54.0,3895,55846
2,55.0,3895,55846
2,56.0,3895,55846
2,57.0,3895,55846
2,58.0,3895,55846
2,59.0,3895,55846
2,60.0,3895,55846
2,61.0,3895,55846
2,62.0,3895,55846
2,63.0,3895,55846
2,64.0,3895,55846
2,65.0,3895,55846
2,66.0,3895,55846
2,67.0,3895,55846
2,68.0,3895,55846
2,69.0,5533,55846
2,70.0,5533,61502
2,71.0,7194,61502
2,72.0,7194,67790
2,73.0,7194,67790
2,74.0,7194,67790
2,75.0,7194,67790
2,76.0,7194,67790
2,77.0,7194,67790
2,78.0,7194,67790
2,79.0,12224,67790
2,80.0,17326,67790
2,81.0,17326,79442
2,82.0,17326,79442
2,83.0,17326,79442
2,84.0,16333,79442
2,85.0,16333,79442
2,86.0,16333,79442
2,87.0,16333,79442
2,88.0,16333,79442
2,89.0,16333,79442
2,90.0,16333,79442
2,91.0,16333,79442
2,92.0,16333,79442
2,93.0,16333,79442
2,94.0,16333,79442
2,95.0,14568,79442
2,96.0,14568,79442
2,97.0,14568,79442
2,98.0,14568,79442
2,99.0,14568,79442
2,100.0,14568,79442
2,101.0,29709,79442
2,102.0,43417,79442
2,103.0,43417,79442
2,104.0,57032,89179
2,105.0,70757,89179
2,106.0,70757,89179
2,107.0,70757,89179
2,108.0,70757,89179
2,109.0,70757,89179
2,110.0,70757,89179
2,111.0,70757,89179
2,112.0,70757,89179
2,113.0,71579,89179
2,114.0,71579,89179
2,115.0,71579,89179
2,116.0,71579,89179
2,117.0,51727,89179
2,118.0,51727,89179
2,119.0,51727,89179
2,120.0,51727,89179
2,121.0,51727,89179
2,122.0,51727,89179
2,123.0,51727,89179
2,124.0,51727,89179
2,125.0,51727,89179
2,126.0,51727,89179
2,127.0,51727,89179
2,128.0,51727,89179
2,129.0,51727,89179
2,130.0,51727,89179
2,131.0,51727,89179
2,132.0,51727,89179
2,133.0,51727,89179
2,134.0,51727,89179
2,135.0,51727,89179
2,136.0,51727,89179
2,137.0,51727,89179
2,138.0,51727,89179
2,139.0,51727,89179
2,140.0,51727,89179
2,141.0,51727,89179
2,142.0,51727,89179
2,143.0,51727,89179
2,144.0,51727,89179
2,145.0,51727,89179
2,146.0,51727,89179
2,147.0,51727,89179
2,148.0,51727,89179
2,149.0,51727,89179
2,150.0,51727,89179
2,151.0,51727,89179
2,152.0,51727,89179
2,153.0,51727,89179
2,154.0,51727,89179
2,155.0,51727,89179
2,156.0,51727,89179
2,157.0,51727,89179
2,158.0,51727,89179
2,159.0,51727,89179
2,160.0,51727,89179
2,161.0,51727,89179
2,162.0,51727,89179
2,163.0,51727,89179
2,164.0,51727,89179
2,165.0,51727,89179
2,166.0,51727,89179
4,1.0,200,7500
4,2.0,200,7500
4,3.0,200,7500
4,4.0,200,7500
4,5.0,200,7500
4,6.0,200,7500
4,7.0,200,7500
4,8.0,200,7500
4,9.0,200,7500
4,10.0,200,7500
4,11.0,200,7500
4,12.0,200,7500
4,13.0,200,7500
4,14.0,200,7500
4,15.0,200,7500
4,16.0,200,7500
4,17.0,200,7500
4,18.0,200,7500
4,19.0,200,7500
4,20.0,200,7500
4,21.0,200,7500
4,22.0,200,7500
4,23.0,200,7500
4,24.0,200,7500
4,25.0,200,7500
4,26.0,200,8732
4,27.0,352,8732
4,28.0,352,8732
4,29.0,538,8732
4,30.0,538,8732
4,31.0,538,8732
4,32.0,538,8732
4,33.0,538,8732
4,34.0,538,8732
4,35.0,938,8732
4,36.0,938,8732
4,37.0,938,8732
4,38.0,1208,8732
4,39.0,1208,8732
4,40.0,1208,8732
4,41.0,1208,8732
4,42.0,1208,8732
4,43.0,1208,8732
4,44.0,1208,8732
4,45.0,1208,55791
4,46.0,1208,55791
4,47.0,1208,55791
4,48.0,1744,55791
4,49.0,2272,55791
4,50.0,2272,55791
4,51.0,2272,55791
4,52.0,2943,55791
4,53.0,3670,55791
4,54.0,3670,55791
4,55.0,3670,55791
4,56.0,3670,55791
4,57.0,3670,55791
4,58.0,3670,55791
4,59.0,3670,55791
4,60.0,3670,55791
4,61.0,3670,55791
4,62.0,3670,55791
4,63.0,3670,55791
4,64.0,3670,55791
4,65.0,3670,55791
4,66.0,3670,55791
4,67.0,3670,55791
4,68.0,3670,55791
4,69.0,5266,55791
4,70.0,5266,61376
4,71.0,6867,61376
4,72.0,6867,67739
4,73.0,6867,67739
4,74.0,6867,67739
4,75.0,6867,67739
4,76.0,6867,67739
4,77.0,6867,67739
4,78.0,6867,67739
4,79.0,11534,67739
4,80.0,16495,67739
4,81.0,16495,79041
4,82.0,16495,79041
4,83.0,16495,79041
4,84.0,15540,79041
4,85.0,15540,79041
4,86.0,15540,79041
4,87.0,15540,79041
4,88.0,15540,79041
4,89.0,15540,79041
4,90.0,15540,79041
4,91.0,15540,79041
4,92.0,15540,79041
4,93.0,15540,79041
4,94.0,15540,79041
4,95.0,13846,79041
4,96.0,13846,79041
4,97.0,13846,79041
4,98.0,13846,79041
4,99.0,13846,79041
4,100.0,13846,79041
4,101.0,28238,79041
4,102.0,41143,79041
4,103.0,41143,79041
4,104.0,54179,88702
4,105.0,67191,88702
4,106.0,67191,88702
4,107.0,67191,88702
4,108.0,67191,88702
4,109.0,67191,88702
4,110.0,67191,88702
4,111.0,67191,88702
4,112.0,67191,88702
4,113.0,67989,88702
4,114.0,67989,88702
4,115.0,67989,88702
4,116.0,67989,88702
4,117.0,49304,88702
4,118.0,49304,88702
4,119.0,49304,88702
4,120.0,49304,88702
4,121.0,49304,88702
4,122.0,49304,88702
4,123.0,49304,88702
4,124.0,49304,88702
4,125.0,49304,88702
4,126.0,49304,88702
4,127.0,49304,88702
4,128.0,49304,88702
4,129.0,49304,88702
4,130.0,49304,88702
4,131.0,49304,88702
4,132.0,49304,88702
4,133.0,49304,88702
4,134.0,49304,88702
4,135.0,49304,88702
4,136.0,49304,88702
4,137.0,49304,88702
4,138.0,49304,88702
4,139.0,49304,88702
4,140.0,49304,88702
4,141.0,49304,88702
4,142.0,49304,88702
4,143.0,49304,88702
4,144.0,49304,88702
4,145.0,49304,88702
4,146.0,49304,88702
4,147.0,49304,88702
4,148.0,49304,88702
4,149.0,49304,88702
4,150.0,49304,88702
4,151.0,49304,88702
4,152.0,49304,88702
4,153.0,49304,88702
4,154.0,49304,88702
4,155.0,49304,88702
4,156.0,49304,88702
4,157.0,49304,88702
4,158.0,49304,88702
4,159.0,49304,88702
4,160.0,49304,88702
4,161.0,49304,88702
4,162.0,49304,88702
4,163.0,49304,88702
4,164.0,49304,88702
4,165.0,49304,88702
4,166.0,49304,88702
6,1.0,200,7500
6,2.0,200,7500
6,3.0,200,7500
6,4.0,200,7500
6,5.0,200,7500
6,6.0,200,7500
6,7.0,200,7500
6,8.0,200,7500
6,9.0,200,7500
6,10.0,200,7500
6,11.0,200,7500
6,12.0,200,7500
6,13.0,200,7500
6,14.0,200,7500
6,15.0,200,7500
6,16.0,200,7500
6,17.0,200,7500
6,18.0,200,7500
6,19.0,200,7500
6,20.0,200,7500
6,21.0,200,7500
6,22.0,200,7500
6,23.0,200,7500
6,24.0,200,7500
6,25.0,200,7500
6,26.0,200,8669
6,27.0,347,8669
6,28.0,347,8669
6,29.0,565,8669
6,30.0,565,8669
6,31.0,565,8669
6,32.0,565,8669
6,33.0,565,8669
6,34.0,565,8669
6,35.0,965,8669
6,36.0,965,8669
6,37.0,965,8669
6,38.0,1229,8669
6,39.0,1229,8669
6,40.0,1229,8669
6,41.0,1229,8669
6,42.0,1229,8669
6,43.0,1229,8669
6,44.0,1229,8669
6,45.0,1229,55761
6,46.0,1229,55761
6,47.0,1229,55761
6,48.0,1754,55761
6,49.0,2310,55761
6,50.0,2310,55761
6,51.0,2310,55761
6,52.0,3076,55761
6,53.0,3840,55761
6,54.0,3840,55761
6,55.0,3840,55761
6,56.0,3840,55761
6,57.0,3840,55761
6,58.0,3840,55761
6,59.0,3840,55761
6,60.0,3840,55761
6,61.0,3840,55761
6,62.0,3840,55761
6,63.0,3840,55761
6,64.0,3840,55761
6,65.0,3840,55761
6,66.0,3840,55761
6,67.0,3840,55761
6,68.0,3840,55761
6,69.0,5463,55761
6,70.0,5463,61328
6,71.0,7073,61328
6,72.0,7073,67801
6,73.0,7073,67801
6,74.0,7073,67801
6,75.0,7073,67801
6,76.0,7073,67801
6,77.0,7073,67801
6,78.0,7073,67801
6,79.0,11916,67801
6,80.0,17073,67801
6,81.0,17073,79429
6,82.0,17073,79429
6,83.0,17073,79429
6,84.0,16141,79429
6,85.0,16141,79429
6,86.0,16141,79429
6,87.0,16141,79429
6,88.0,16141,79429
6,89.0,16141,79429
6,90.0,16141,79429
6,91.0,16141,79429
6,92.0,16141,79429
6,93.0,16141,79429
6,94.0,16141,79429
6,95.0,14341,79429
6,96.0,14341,79429
6,97.0,14341,79429
6,98.0,14341,79429
6,99.0,14341,79429
6,100.0,14341,79429
6,101.0,29094,79429
6,102.0,42688,79429
6,103.0,42688,79429
6,104.0,56174,89055
6,105.0,69604,89055
6,106.0,69604,89055
6,107.0,69604,89055
6,108.0,69604,89055
6,109.0,69604,89055
6,110.0,69604,89055
6,111.0,69604,89055
6,112.0,69604,89055
6,113.0,70447,89055
6,114.0,70447,89055
6,115.0,70447,89055
6,116.0,70447,89055
6,117.0,51131,89055
6,118.0,51131,89055
6,119.0,51131,89055
6,120.0,51131,89055
6,121.0,51131,89055
6,122.0,51131,89055
6,123.0,51131,89055
6,124.0,51131,89055
6,125.0,51131,89055
6,126.0,51131,89055
6,127.0,51131,89055
6,128.0,51131,89055
6,129.0,51131,89055
6,130.0,51131,89055
6,131.0,51131,89055
6,132.0,51131,89055
6,133.0,51131,89055
6,134.0,51131,89055
6,135.0,51131,89055
6,136.0,51131,89055
6,137.0,51131,89055
6,138.0,51131,89055
6,139.0,51131,89055
6,140.0,51131,89055
6,141.0,51131,89055
6,142.0,51131,89055
6,143.0,51131,89055
6,144.0,51131,89055
6,145.0,51131,89055
6,146.0,51131,89055
6,147.0,51131,89055
6,148.0,51131,89055
6,149.0,51131,89055
6,150.0,51131,89055
6,151.0,51131,89055
6,152.0,51131,89055
6,153.0,51131,89055
6,154.0,51131,89055
6,155.0,51131,89055
6,156.0,51131,89055
6,157.0,51131,89055
6,158.0,51131,89055
6,159.0,51131,89055
6,160.0,51131,89055
6,161.0,51131,89055
6,162.0,51131,89055
6,163.0,51131,89055
6,164.0,51131,89055
6,165.0,51131,89055
6,166.0,51131,89055
8,1.0,200,7500
8,2.0,200,7500
8,3.0,200,7500
8,4.0,200,7500
8,5.0,200,7500
8,6.0,200,7500
8,7.0,200,7500
8,8.0,200,7500
8,9.0,200,7500
8,10.0,200,7500
8,11.0,200,7500
8,12.0,200,7500
8,13.0,200,7500
8,14.0,200,7500
8,15.0,200,7500
8,16.0,200,7500
8,17.0,200,7500
8,18.0,200,7500
8,19.0,200,7500
8,20.0,200,7500
8,21.0,200,7500
8,22.0,200,7500
8,23.0,200,7500
8,24.0,200,7500
8,25.0,200,7500
8,26.0,200,8704
8,27.0,340,8704
8,28.0,340,8704
8,29.0,543,8704
8,30.0,543,8704
8,31.0,543,8704
8,32.0,543,8704
8,33.0,543,8704
8,34.0,543,8704
8,35.0,943,8704
8,36.0,943,8704
8,37.0,943,8704
8,38.0,1208,8704
8,39.0,1208,8704
8,40.0,1208,8704
8,41.0,1208,8704
8,42.0,1208,8704
8,43.0,1208,8704
8,44.0,1208,8704
8,45.0,1208,55833
8,46.0,1208,55833
8,47.0,1208,55833
8,48.0,1718,55833
8,49.0,2257,55833
8,50.0,2257,55833
8,51.0,2257,55833
8,52.0,2973,55833
8,53.0,3674,55833
8,54.0,3674,55833
8,55.0,3674,55833
8,56.0,3674,55833
8,57.0,3674,55833
8,58.0,3674,55833
8,59.0,3674,55833
8,60.0,3674,55833
8,61.0,3674,55833
8,62.0,3674,55833
8,63.0,3674,55833
8,64.0,3674,55833
8,65.0,3674,55833
8,66.0,3674,55833
8,67.0,3674,55833
8,68.0,3674,55833
8,69.0,5284,55833
8,70.0,5284,61663
8,71.0,6892,61663
8,72.0,6892,67876
8,73.0,6892,67876
8,74.0,6892,67876
8,75.0,6892,67876
8,76.0,6892,67876
8,77.0,6892,67876
8,78.0,6892,67876
8,79.0,11583,67876
8,80.0,16479,67876
8,81.0,16479,79526
8,82.0,16479,79526
8,83.0,16479,79526
8,84.0,15542,79526
8,85.0,15542,79526
8,86.0,15542,79526
8,87.0,15542,79526
8,88.0,15542,79526
8,89.0,15542,79526
8,90.0,15542,79526
8,91.0,15542,79526
8,92.0,15542,79526
8,93.0,15542,79526
8,94.0,15542,79526
8,95.0,13843,79526
8,96.0,13843,79526
8,97.0,13843,79526
8,98.0,13843,79526
8,99.0,13843,79526
8,100.0,13843,79526
8,101.0,28032,79526
8,102.0,40835,79526
8,103.0,40835,79526
8,104.0,53758,89246
8,105.0,66566,89246
8,106.0,66566,89246
8,107.0,66566,89246
8,108.0,66566,89246
8,109.0,66566,89246
8,110.0,66566,89246
8,111.0,66566,89246
8,112.0,66566,89246
8,113.0,67350,89246
8,114.0,67350,89246
8,115.0,67350,89246
8,116.0,67350,89246
8,117.0,48902,89246
8,118.0,48902,89246
8,119.0,48902,89246
8,120.0,48902,89246
8,121.0,48902,89246
8,122.0,48902,89246
8,123.0,48902,89246
8,124.0,48902,89246
8,125.0,48902,89246
8,126.0,48902,89246
8,127.0,48902,89246
8,128.0,48902,89246
8,129.0,48902,89246
8,130.0,48902,89246
8,131.0,48902,89246
8,132.0,48902,89246
8,133.0,48902,89246
8,134.0,48902,89246
8,135.0,48902,89246
8,136.0,48902,89246
8,137.0,48902,89246
8,138.0,48902,89246
8,139.0,48902,89246
8,140.0,48902,89246
8,141.0,48902,89246
8,142.0,48902,89246
8,143.0,48902,89246
8,144.0,48902,89246
8,145.0,48902,89246
8,146.0,48902,89246
8,147.0,48902,89246
8,148.0,48902,89246
8,149.0,48902,89246
8,150.0,48902,89246
8,151.0,48902,89246
8,152.0,48902,89246
8,153.0,48902,89246
8,154.0,48902,89246
8,155.0,48902,89246
8,156.0,48902,89246
8,157.0,48902,89246
8,158.0,48902,89246
8,159.0,48902,89246
8,160.0,48902,89246
8,161.0,48902,89246
8,162.0,48902,89246
8,163.0,48902,89246
8,164.0,48902,89246
8,165.0,48902,89246
8,166.0,48902,89246
10,1.0,200,7500
10,2.0,200,7500
10,3.0,200,7500
10,4.0,200,7500
10,5.0,200,7500
10,6.0,200,7500
10,7.0,200,7500
10,8.0,200,7500
10,9.0,200,7500
10,10.0,200,7500
10,11.0,200,7500
10,12.0,200,7500
10,13.0,200,7500
10,14.0,200,7500
10,15.0,200,7500
10,16.0,200,7500
10,17.0,200,7500
10,18.0,200,7500
10,19.0,200,7500
10,20.0,200,7500
10,21.0,200,7500
10,22.0,200,7500
10,23.0,200,7500
10,24.0,200,7500
10,25.0,200,7500
10,26.0,200,8655
10,27.0,319,8655
10,28.0,319,8655
10,29.0,504,8655
10,30.0,504,8655
10,31.0,504,8655
10,32.0,504,8655
10,33.0,504,8655
10,34.0,504,8655
10,35.0,904,8655
10,36.0,904,8655
10,37.0,904,8655
10,38.0,1181,8655
10,39.0,1181,8655
10,40.0,1181,8655
10,41.0,1181,8655
10,42.0,1181,8655
10,43.0,1181,8655
10,44.0,1181,8655
10,45.0,1181,56002
10,46.0,1181,56002
10,47.0,1181,56002
10,48.0,1662,56002
10,49.0,2155,56002
10,50.0,2155,56002
10,51.0,2155,56002
10,52.0,2830,56002
10,53.0,3490,56002
10,54.0,3490,56002
10,55.0,3490,56002
10,56.0,3490,56002
10,57.0,3490,56002
10,58.0,3490,56002
10,59.0,3490,56002
10,60.0,3490,56002
10,61.0,3490,56002
10,62.0,3490,56002
10,63.0,3490,56002
10,64.0,3490,56002
10,65.0,3490,56002
10,66.0,3490,56002
10,67.0,3490,56002
10,68.0,3490,56002
10,69.0,5090,56002
10,70.0,5090,61788
10,71.0,6691,61788
10,72.0,6691,68325
10,73.0,6691,68325
10,74.0,6691,68325
10,75.0,6691,68325
10,76.0,6691,68325
10,77.0,6691,68325
10,78.0,6691,68325
10,79.0,11139,68325
10,80.0,15787,68325
10,81.0,15787,79823
10,82.0,15787,79823
10,83.0,15787,79823
10,84.0,14911,79823
10,85.0,14911,79823
10,86.0,14911,79823
10,87.0,14911,79823
10,88.0,14911,79823
10,89.0,14911,79823
10,90.0,14911,79823
10,91.0,14911,79823
10,92.0,14911,79823
10,93.0,14911,79823
10,94.0,14911,79823
10,95.0,13200,79823
10,96.0,13200,79823
10,97.0,13200,79823
10,98.0,13200,79823
10,99.0,13200,79823
10,100.0,13200,79823
10,101.0,26903,79823
10,102.0,39260,79823
10,103.0,39260,79823
10,104.0,51798,89559
10,105.0,64108,89559
10,106.0,64108,89559
10,107.0,64108,89559
10,108.0,64108,89559
10,109.0,64108,89559
10,110.0,64108,89559
10,111.0,64108,89559
10,112.0,64108,89559
10,113.0,64844,89559
10,114.0,64844,89559
10,115.0,64844,89559
10,116.0,64844,89559
10,117.0,47145,89559
10,118.0,47145,89559
10,119.0,47145,89559
10,120.0,47145,89559
10,121.0,47145,89559
10,122.0,47145,89559
10,123.0,47145,89559
10,124.0,47145,89559
10,125.0,47145,89559
10,126.0,47145,89559
10,127.0,47145,89559
10,128.0,47145,89559
10,129.0,47145,89559
10,130.0,47145,89559
10,131.0,47145,89559
10,132.0,47145,89559
10,133.0,47145,89559
10,134.0,47145,89559
10,135.0,47145,89559
10,136.0,47145,89559
10,137.0,47145,89559
10,138.0,47145,89559
10,139.0,47145,89559
10,140.0,47145,89559
10,141.0,47145,89559
10,142.0,47145,89559
10,143.0,47145,89559
10,144.0,47145,89559
10,145.0,47145,89559
10,146.0,47145,89559
10,147.0,47145,89559
10,148.0,47145,89559
10,149.0,47145,89559
10,150.0,47145,89559
10,151.0,47145,89559
10,152.0,47145,89559
10,153.0,47145,89559
10,154.0,47145,89559
10,155.0,47145,89559
10,156.0,47145,89559
10,157.0,47145,89559
10,158.0,47145,89559
10,159.0,47145,89559
10,160.0,47145,89559
10,161.0,47145,89559
10,162.0,47145,89559
10,163.0,47145,89559
10,164.0,47145,89559
10,165.0,47145,89559
10,166.0,47145,89559
