"run","tick","GRCount","STCount"
1,1.0,20,550
1,2.0,20,550
1,3.0,20,550
1,4.0,20,550
1,5.0,20,550
1,6.0,20,550
1,7.0,20,550
1,8.0,20,550
1,9.0,20,550
1,10.0,20,550
1,11.0,20,550
1,12.0,20,550
1,13.0,20,550
1,14.0,20,550
1,15.0,20,550
1,16.0,20,550
1,17.0,20,550
1,18.0,20,550
1,19.0,20,550
1,20.0,20,550
1,21.0,20,550
1,22.0,20,550
1,23.0,20,550
1,24.0,20,550
1,25.0,20,550
1,26.0,20,616
1,27.0,36,616
1,28.0,36,616
1,29.0,56,616
1,30.0,56,616
1,31.0,56,616
1,32.0,56,616
1,33.0,56,616
1,34.0,56,616
1,35.0,96,616
1,36.0,96,616
1,37.0,96,616
1,38.0,126,616
1,39.0,126,616
1,40.0,126,616
1,41.0,126,616
1,42.0,126,616
1,43.0,126,616
1,44.0,126,616
1,45.0,126,3584
1,46.0,126,3584
1,47.0,126,3584
1,48.0,181,3584
1,49.0,237,3584
1,50.0,237,3584
1,51.0,237,3584
1,52.0,309,3584
1,53.0,392,3584
1,54.0,392,3584
1,55.0,392,3584
1,56.0,392,3584
1,57.0,392,3584
1,58.0,392,3584
1,59.0,392,3584
1,60.0,392,3584
1,61.0,392,3584
1,62.0,392,3584
1,63.0,392,3584
1,64.0,392,3584
1,65.0,392,3584
1,66.0,392,3584
1,67.0,392,3584
1,68.0,392,3584
1,69.0,543,3584
1,70.0,543,4027
1,71.0,716,4027
1,72.0,716,4540
1,73.0,716,4540
1,74.0,716,4540
1,75.0,716,4540
1,76.0,716,4540
1,77.0,716,4540
1,78.0,716,4540
1,79.0,1203,4540
1,80.0,1723,4540
1,81.0,1723,5429
1,82.0,1723,5429
1,83.0,1723,5429
1,84.0,1626,5429
1,85.0,1626,5429
1,86.0,1626,5429
1,87.0,1626,5429
1,88.0,1626,5429
1,89.0,1626,5429
1,90.0,1626,5429
1,91.0,1626,5429
1,92.0,1626,5429
1,93.0,1626,5429
1,94.0,1626,5429
1,95.0,1429,5429
1,96.0,1429,5429
1,97.0,1429,5429
1,98.0,1429,5429
1,99.0,1429,5429
1,100.0,1429,5429
1,101.0,2888,5429
1,102.0,4225,5429
1,103.0,4225,5429
1,104.0,5583,6131
1,105.0,5654,6131
1,106.0,5654,6131
1,107.0,5654,6131
1,108.0,5654,6131
1,109.0,5654,6131
1,110.0,5654,6131
1,111.0,5654,6131
1,112.0,5654,6131
1,113.0,5729,6131
1,114.0,5729,6131
1,115.0,5729,6131
1,116.0,5729,6131
1,117.0,4118,6131
1,118.0,4118,6131
1,119.0,4118,6131
1,120.0,4118,6131
1,121.0,4118,6131
1,122.0,4118,6131
1,123.0,4118,6131
1,124.0,4118,6131
1,125.0,4118,6131
1,126.0,4118,6131
1,127.0,4118,6131
1,128.0,4118,6131
1,129.0,4118,6131
1,130.0,4118,6131
1,131.0,4118,6131
1,132.0,4118,6131
1,133.0,4118,6131
1,134.0,4118,6131
1,135.0,4118,6131
1,136.0,4118,6131
1,137.0,4118,6131
1,138.0,4118,6131
1,139.0,4118,6131
1,140.0,4118,6131
1,141.0,4118,6131
1,142.0,4118,6131
1,143.0,4118,6131
1,144.0,4118,6131
1,145.0,4118,6131
1,146.0,4118,6131
1,147.0,4118,6131
1,148.0,4118,6131
1,149.0,4118,6131
1,150.0,4118,6131
1,151.0,4118,6131
1,152.0,4118,6131
1,153.0,4118,6131
1,154.0,4118,6131
1,155.0,4118,6131
1,156.0,4118,6131
1,157.0,4118,6131
1,158.0,4118,6131
1,159.0,4118,6131
1,160.0,4118,6131
1,161.0,4118,6131
1,162.0,4118,6131
1,163.0,4118,6131
1,164.0,4118,6131
1,165.0,4118,6131
1,166.0,4118,6131
2,1.0,20,550
2,2.0,20,550
2,3.0,20,550
2,4.0,20,550
2,5.0,20,550
2,6.0,20,550
2,7.0,20,550
2,8.0,20,550
2,9.0,20,550
2,10.0,20,550
2,11.0,20,550
2,12.0,20,550
2,13.0,20,550
2,14.0,20,550
2,15.0,20,550
2,16.0,20,550
2,17.0,20,550
2,18.0,20,550
2,19.0,20,550
2,20.0,20,550
2,21.0,20,550
2,22.0,20,550
2,23.0,20,550
2,24.0,20,550
2,25.0,20,550
2,26.0,20,646
2,27.0,36,646
2,28.0,36,646
2,29.0,55,646
2,30.0,55,646
2,31.0,55,646
2,32.0,55,646
2,33.0,55,646
2,34.0,55,646
2,35.0,95,646
2,36.0,95,646
2,37.0,95,646
2,38.0,121,646
2,39.0,121,646
2,40.0,121,646
2,41.0,121,646
2,42.0,121,646
2,43.0,121,646
2,44.0,121,646
2,45.0,121,3626
2,46.0,121,3626
2,47.0,121,3626
2,48.0,165,3626
2,49.0,206,3626
2,50.0,206,3626
2,51.0,206,3626
2,52.0,278,3626
2,53.0,353,3626
2,54.0,353,3626
2,55.0,353,3626
2,56.0,353,3626
2,57.0,353,3626
2,58.0,353,3626
2,59.0,353,3626
2,60.0,353,3626
2,61.0,353,3626
2,62.0,353,3626
2,63.0,353,3626
2,64.0,353,3626
2,65.0,353,3626
2,66.0,353,3626
2,67.0,353,3626
2,68.0,353,3626
2,69.0,507,3626
2,70.0,507,4091
2,71.0,672,4091
2,72.0,672,4645
2,73.0,672,4645
2,74.0,672,4645
2,75.0,672,4645
2,76.0,672,4645
2,77.0,672,4645
2,78.0,672,4645
2,79.0,1132,4645
2,80.0,1610,4645
2,81.0,1610,5592
2,82.0,1610,5592
2,83.0,1610,5592
2,84.0,1518,5592
2,85.0,1518,5592
2,86.0,1518,5592
2,87.0,1518,5592
2,88.0,1518,5592
2,89.0,1518,5592
2,90.0,1518,5592
2,91.0,1518,5592
2,92.0,1518,5592
2,93.0,1518,5592
2,94.0,1518,5592
2,95.0,1348,5592
2,96.0,1348,5592
2,97.0,1348,5592
2,98.0,1348,5592
2,99.0,1348,5592
2,100.0,1348,5592
2,101.0,2694,5592
2,102.0,3930,5592
2,103.0,3930,5592
2,104.0,4000,6318
2,105.0,4083,6318
2,106.0,4083,6318
2,107.0,4083,6318
2,108.0,4083,6318
2,109.0,4083,6318
2,110.0,4083,6318
2,111.0,4083,6318
2,112.0,4083,6318
2,113.0,4160,6318
2,114.0,4160,6318
2,115.0,4160,6318
2,116.0,4160,6318
2,117.0,2969,6318
2,118.0,2969,6318
2,119.0,2969,6318
2,120.0,2969,6318
2,121.0,2969,6318
2,122.0,2969,6318
2,123.0,2969,6318
2,124.0,2969,6318
2,125.0,2969,6318
2,126.0,2969,6318
2,127.0,2969,6318
2,128.0,2969,6318
2,129.0,2969,6318
2,130.0,2969,6318
2,131.0,2969,6318
2,132.0,2969,6318
2,133.0,2969,6318
2,134.0,2969,6318
2,135.0,2969,6318
2,136.0,2969,6318
2,137.0,2969,6318
2,138.0,2969,6318
2,139.0,2969,6318
2,140.0,2969,6318
2,141.0,2969,6318
2,142.0,2969,6318
2,143.0,2969,6318
2,144.0,2969,6318
2,145.0,2969,6318
2,146.0,2969,6318
2,147.0,2969,6318
2,148.0,2969,6318
2,149.0,2969,6318
2,150.0,2969,6318
2,151.0,2969,6318
2,152.0,2969,6318
2,153.0,2969,6318
2,154.0,2969,6318
2,155.0,2969,6318
2,156.0,2969,6318
2,157.0,2969,6318
2,158.0,2969,6318
2,159.0,2969,6318
2,160.0,2969,6318
2,161.0,2969,6318
2,162.0,2969,6318
2,163.0,2969,6318
2,164.0,2969,6318
2,165.0,2969,6318
2,166.0,2969,6318
3,1.0,20,550
3,2.0,20,550
3,3.0,20,550
3,4.0,20,550
3,5.0,20,550
3,6.0,20,550
3,7.0,20,550
3,8.0,20,550
3,9.0,20,550
3,10.0,20,550
3,11.0,20,550
3,12.0,20,550
3,13.0,20,550
3,14.0,20,550
3,15.0,20,550
3,16.0,20,550
3,17.0,20,550
3,18.0,20,550
3,19.0,20,550
3,20.0,20,550
3,21.0,20,550
3,22.0,20,550
3,23.0,20,550
3,24.0,20,550
3,25.0,20,550
3,26.0,20,622
3,27.0,36,622
3,28.0,36,622
3,29.0,60,622
3,30.0,60,622
3,31.0,60,622
3,32.0,60,622
3,33.0,60,622
3,34.0,60,622
3,35.0,100,622
3,36.0,100,622
3,37.0,100,622
3,38.0,126,622
3,39.0,126,622
3,40.0,126,622
3,41.0,126,622
3,42.0,126,622
3,43.0,126,622
3,44.0,126,622
3,45.0,126,3624
3,46.0,126,3624
3,47.0,126,3624
3,48.0,184,3624
3,49.0,235,3624
3,50.0,235,3624
3,51.0,235,3624
3,52.0,311,3624
3,53.0,400,3624
3,54.0,400,3624
3,55.0,400,3624
3,56.0,400,3624
3,57.0,400,3624
3,58.0,400,3624
3,59.0,400,3624
3,60.0,400,3624
3,61.0,400,3624
3,62.0,400,3624
3,63.0,400,3624
3,64.0,400,3624
3,65.0,400,3624
3,66.0,400,3624
3,67.0,400,3624
3,68.0,400,3624
3,69.0,560,3624
3,70.0,560,4046
3,71.0,723,4046
3,72.0,723,4478
3,73.0,723,4478
3,74.0,723,4478
3,75.0,723,4478
3,76.0,723,4478
3,77.0,723,4478
3,78.0,723,4478
3,79.0,1217,4478
3,80.0,1743,4478
3,81.0,1743,5496
3,82.0,1743,5496
3,83.0,1743,5496
3,84.0,1650,5496
3,85.0,1650,5496
3,86.0,1650,5496
3,87.0,1650,5496
3,88.0,1650,5496
3,89.0,1650,5496
3,90.0,1650,5496
3,91.0,1650,5496
3,92.0,1650,5496
3,93.0,1650,5496
3,94.0,1650,5496
3,95.0,1451,5496
3,96.0,1451,5496
3,97.0,1451,5496
3,98.0,1451,5496
3,99.0,1451,5496
3,100.0,1451,5496
3,101.0,2969,5496
3,102.0,4287,5496
3,103.0,4287,5496
3,104.0,5673,6192
3,105.0,5761,6192
3,106.0,5761,6192
3,107.0,5761,6192
3,108.0,5761,6192
3,109.0,5761,6192
3,110.0,5761,6192
3,111.0,5761,6192
3,112.0,5761,6192
3,113.0,5855,6192
3,114.0,5855,6192
3,115.0,5855,6192
3,116.0,5855,6192
3,117.0,4269,6192
3,118.0,4269,6192
3,119.0,4269,6192
3,120.0,4269,6192
3,121.0,4269,6192
3,122.0,4269,6192
3,123.0,4269,6192
3,124.0,4269,6192
3,125.0,4269,6192
3,126.0,4269,6192
3,127.0,4269,6192
3,128.0,4269,6192
3,129.0,4269,6192
3,130.0,4269,6192
3,131.0,4269,6192
3,132.0,4269,6192
3,133.0,4269,6192
3,134.0,4269,6192
3,135.0,4269,6192
3,136.0,4269,6192
3,137.0,4269,6192
3,138.0,4269,6192
3,139.0,4269,6192
3,140.0,4269,6192
3,141.0,4269,6192
3,142.0,4269,6192
3,143.0,4269,6192
3,144.0,4269,6192
3,145.0,4269,6192
3,146.0,4269,6192
3,147.0,4269,6192
3,148.0,4269,6192
3,149.0,4269,6192
3,150.0,4269,6192
3,151.0,4269,6192
3,152.0,4269,6192
3,153.0,4269,6192
3,154.0,4269,6192
3,155.0,4269,6192
3,156.0,4269,6192
3,157.0,4269,6192
3,158.0,4269,6192
3,159.0,4269,6192
3,160.0,4269,6192
3,161.0,4269,6192
3,162.0,4269,6192
3,163.0,4269,6192
3,164.0,4269,6192
3,165.0,4269,6192
3,166.0,4269,6192
4,1.0,20,550
4,2.0,20,550
4,3.0,20,550
4,4.0,20,550
4,5.0,20,550
4,6.0,20,550
4,7.0,20,550
4,8.0,20,550
4,9.0,20,550
4,10.0,20,550
4,11.0,20,550
4,12.0,20,550
4,13.0,20,550
4,14.0,20,550
4,15.0,20,550
4,16.0,20,550
4,17.0,20,550
4,18.0,20,550
4,19.0,20,550
4,20.0,20,550
4,21.0,20,550
4,22.0,20,550
4,23.0,20,550
4,24.0,20,550
4,25.0,20,550
4,26.0,20,616
4,27.0,31,616
4,28.0,31,616
4,29.0,50,616
4,30.0,50,616
4,31.0,50,616
4,32.0,50,616
4,33.0,50,616
4,34.0,50,616
4,35.0,90,616
4,36.0,90,616
4,37.0,90,616
4,38.0,113,616
4,39.0,113,616
4,40.0,113,616
4,41.0,113,616
4,42.0,113,616
4,43.0,113,616
4,44.0,113,616
4,45.0,113,3666
4,46.0,113,3666
4,47.0,113,3666
4,48.0,172,3666
4,49.0,223,3666
4,50.0,223,3666
4,51.0,223,3666
4,52.0,294,3666
4,53.0,364,3666
4,54.0,364,3666
4,55.0,364,3666
4,56.0,364,3666
4,57.0,364,3666
4,58.0,364,3666
4,59.0,364,3666
4,60.0,364,3666
4,61.0,364,3666
4,62.0,364,3666
4,63.0,364,3666
4,64.0,364,3666
4,65.0,364,3666
4,66.0,364,3666
4,67.0,364,3666
4,68.0,364,3666
4,69.0,519,3666
4,70.0,519,4116
4,71.0,673,4116
4,72.0,673,4629
4,73.0,673,4629
4,74.0,673,4629
4,75.0,673,4629
4,76.0,673,4629
4,77.0,673,4629
4,78.0,673,4629
4,79.0,1133,4629
4,80.0,1634,4629
4,81.0,1634,5602
4,82.0,1634,5602
4,83.0,1634,5602
4,84.0,1545,5602
4,85.0,1545,5602
4,86.0,1545,5602
4,87.0,1545,5602
4,88.0,1545,5602
4,89.0,1545,5602
4,90.0,1545,5602
4,91.0,1545,5602
4,92.0,1545,5602
4,93.0,1545,5602
4,94.0,1545,5602
4,95.0,1379,5602
4,96.0,1379,5602
4,97.0,1379,5602
4,98.0,1379,5602
4,99.0,1379,5602
4,100.0,1379,5602
4,101.0,2790,5602
4,102.0,4053,5602
4,103.0,4053,5602
4,104.0,5294,6278
4,105.0,5382,6278
4,106.0,5382,6278
4,107.0,5382,6278
4,108.0,5382,6278
4,109.0,5382,6278
4,110.0,5382,6278
4,111.0,5382,6278
4,112.0,5382,6278
4,113.0,5479,6278
4,114.0,5479,6278
4,115.0,5479,6278
4,116.0,5479,6278
4,117.0,3993,6278
4,118.0,3993,6278
4,119.0,3993,6278
4,120.0,3993,6278
4,121.0,3993,6278
4,122.0,3993,6278
4,123.0,3993,6278
4,124.0,3993,6278
4,125.0,3993,6278
4,126.0,3993,6278
4,127.0,3993,6278
4,128.0,3993,6278
4,129.0,3993,6278
4,130.0,3993,6278
4,131.0,3993,6278
4,132.0,3993,6278
4,133.0,3993,6278
4,134.0,3993,6278
4,135.0,3993,6278
4,136.0,3993,6278
4,137.0,3993,6278
4,138.0,3993,6278
4,139.0,3993,6278
4,140.0,3993,6278
4,141.0,3993,6278
4,142.0,3993,6278
4,143.0,3993,6278
4,144.0,3993,6278
4,145.0,3993,6278
4,146.0,3993,6278
4,147.0,3993,6278
4,148.0,3993,6278
4,149.0,3993,6278
4,150.0,3993,6278
4,151.0,3993,6278
4,152.0,3993,6278
4,153.0,3993,6278
4,154.0,3993,6278
4,155.0,3993,6278
4,156.0,3993,6278
4,157.0,3993,6278
4,158.0,3993,6278
4,159.0,3993,6278
4,160.0,3993,6278
4,161.0,3993,6278
4,162.0,3993,6278
4,163.0,3993,6278
4,164.0,3993,6278
4,165.0,3993,6278
4,166.0,3993,6278
5,1.0,20,550
5,2.0,20,550
5,3.0,20,550
5,4.0,20,550
5,5.0,20,550
5,6.0,20,550
5,7.0,20,550
5,8.0,20,550
5,9.0,20,550
5,10.0,20,550
5,11.0,20,550
5,12.0,20,550
5,13.0,20,550
5,14.0,20,550
5,15.0,20,550
5,16.0,20,550
5,17.0,20,550
5,18.0,20,550
5,19.0,20,550
5,20.0,20,550
5,21.0,20,550
5,22.0,20,550
5,23.0,20,550
5,24.0,20,550
5,25.0,20,550
5,26.0,20,622
5,27.0,33,622
5,28.0,33,622
5,29.0,57,622
5,30.0,57,622
5,31.0,57,622
5,32.0,57,622
5,33.0,57,622
5,34.0,57,622
5,35.0,97,622
5,36.0,97,622
5,37.0,97,622
5,38.0,122,622
5,39.0,122,622
5,40.0,122,622
5,41.0,122,622
5,42.0,122,622
5,43.0,122,622
5,44.0,122,622
5,45.0,122,3616
5,46.0,122,3616
5,47.0,122,3616
5,48.0,183,3616
5,49.0,242,3616
5,50.0,242,3616
5,51.0,242,3616
5,52.0,314,3616
5,53.0,395,3616
5,54.0,395,3616
5,55.0,395,3616
5,56.0,395,3616
5,57.0,395,3616
5,58.0,395,3616
5,59.0,395,3616
5,60.0,395,3616
5,61.0,395,3616
5,62.0,395,3616
5,63.0,395,3616
5,64.0,395,3616
5,65.0,395,3616
5,66.0,395,3616
5,67.0,395,3616
5,68.0,395,3616
5,69.0,567,3616
5,70.0,567,4049
5,71.0,730,4049
5,72.0,730,4545
5,73.0,730,4545
5,74.0,730,4545
5,75.0,730,4545
5,76.0,730,4545
5,77.0,730,4545
5,78.0,730,4545
5,79.0,1220,4545
5,80.0,1767,4545
5,81.0,1767,5547
5,82.0,1767,5547
5,83.0,1767,5547
5,84.0,1684,5547
5,85.0,1684,5547
5,86.0,1684,5547
5,87.0,1684,5547
5,88.0,1684,5547
5,89.0,1684,5547
5,90.0,1684,5547
5,91.0,1684,5547
5,92.0,1684,5547
5,93.0,1684,5547
5,94.0,1684,5547
5,95.0,1499,5547
5,96.0,1499,5547
5,97.0,1499,5547
5,98.0,1499,5547
5,99.0,1499,5547
5,100.0,1499,5547
5,101.0,3081,5547
5,102.0,4477,5547
5,103.0,4477,5547
5,104.0,5894,6235
5,105.0,7315,6235
5,106.0,7315,6235
5,107.0,7315,6235
5,108.0,7315,6235
5,109.0,7315,6235
5,110.0,7315,6235
5,111.0,7315,6235
5,112.0,7315,6235
5,113.0,8702,6235
5,114.0,8702,6235
5,115.0,8702,6235
5,116.0,8702,6235
5,117.0,6290,6235
5,118.0,6290,6235
5,119.0,6290,6235
5,120.0,6290,6235
5,121.0,6290,6235
5,122.0,6290,6235
5,123.0,6290,6235
5,124.0,6290,6235
5,125.0,6290,6235
5,126.0,6290,6235
5,127.0,6290,6235
5,128.0,6290,6235
5,129.0,6290,6235
5,130.0,6290,6235
5,131.0,6290,6235
5,132.0,6290,6235
5,133.0,6290,6235
5,134.0,6290,6235
5,135.0,6290,6235
5,136.0,6290,6235
5,137.0,6290,6235
5,138.0,6290,6235
5,139.0,6290,6235
5,140.0,6290,6235
5,141.0,6290,6235
5,142.0,6290,6235
5,143.0,6290,6235
5,144.0,6290,6235
5,145.0,6290,6235
5,146.0,6290,6235
5,147.0,6290,6235
5,148.0,6290,6235
5,149.0,6290,6235
5,150.0,6290,6235
5,151.0,6290,6235
5,152.0,6290,6235
5,153.0,6290,6235
5,154.0,6290,6235
5,155.0,6290,6235
5,156.0,6290,6235
5,157.0,6290,6235
5,158.0,6290,6235
5,159.0,6290,6235
5,160.0,6290,6235
5,161.0,6290,6235
5,162.0,6290,6235
5,163.0,6290,6235
5,164.0,6290,6235
5,165.0,6290,6235
5,166.0,6290,6235
6,1.0,20,550
6,2.0,20,550
6,3.0,20,550
6,4.0,20,550
6,5.0,20,550
6,6.0,20,550
6,7.0,20,550
6,8.0,20,550
6,9.0,20,550
6,10.0,20,550
6,11.0,20,550
6,12.0,20,550
6,13.0,20,550
6,14.0,20,550
6,15.0,20,550
6,16.0,20,550
6,17.0,20,550
6,18.0,20,550
6,19.0,20,550
6,20.0,20,550
6,21.0,20,550
6,22.0,20,550
6,23.0,20,550
6,24.0,20,550
6,25.0,20,550
6,26.0,20,664
6,27.0,36,664
6,28.0,36,664
6,29.0,61,664
6,30.0,61,664
6,31.0,61,664
6,32.0,61,664
6,33.0,61,664
6,34.0,61,664
6,35.0,101,664
6,36.0,101,664
6,37.0,101,664
6,38.0,128,664
6,39.0,128,664
6,40.0,128,664
6,41.0,128,664
6,42.0,128,664
6,43.0,128,664
6,44.0,128,664
6,45.0,128,3652
6,46.0,128,3652
6,47.0,128,3652
6,48.0,185,3652
6,49.0,243,3652
6,50.0,243,3652
6,51.0,243,3652
6,52.0,322,3652
6,53.0,407,3652
6,54.0,407,3652
6,55.0,407,3652
6,56.0,407,3652
6,57.0,407,3652
6,58.0,407,3652
6,59.0,407,3652
6,60.0,407,3652
6,61.0,407,3652
6,62.0,407,3652
6,63.0,407,3652
6,64.0,407,3652
6,65.0,407,3652
6,66.0,407,3652
6,67.0,407,3652
6,68.0,407,3652
6,69.0,578,3652
6,70.0,578,4105
6,71.0,751,4105
6,72.0,751,4620
6,73.0,751,4620
6,74.0,751,4620
6,75.0,751,4620
6,76.0,751,4620
6,77.0,751,4620
6,78.0,751,4620
6,79.0,1281,4620
6,80.0,1827,4620
6,81.0,1827,5497
6,82.0,1827,5497
6,83.0,1827,5497
6,84.0,1731,5497
6,85.0,1731,5497
6,86.0,1731,5497
6,87.0,1731,5497
6,88.0,1731,5497
6,89.0,1731,5497
6,90.0,1731,5497
6,91.0,1731,5497
6,92.0,1731,5497
6,93.0,1731,5497
6,94.0,1731,5497
6,95.0,1541,5497
6,96.0,1541,5497
6,97.0,1541,5497
6,98.0,1541,5497
6,99.0,1541,5497
6,100.0,1541,5497
6,101.0,3114,5497
6,102.0,4564,5497
6,103.0,4564,5497
6,104.0,6032,6197
6,105.0,7509,6197
6,106.0,7509,6197
6,107.0,7509,6197
6,108.0,7509,6197
6,109.0,7509,6197
6,110.0,7509,6197
6,111.0,7509,6197
6,112.0,7509,6197
6,113.0,8951,6197
6,114.0,8951,6197
6,115.0,8951,6197
6,116.0,8951,6197
6,117.0,6534,6197
6,118.0,6534,6197
6,119.0,6534,6197
6,120.0,6534,6197
6,121.0,6534,6197
6,122.0,6534,6197
6,123.0,6534,6197
6,124.0,6534,6197
6,125.0,6534,6197
6,126.0,6534,6197
6,127.0,6534,6197
6,128.0,6534,6197
6,129.0,6534,6197
6,130.0,6534,6197
6,131.0,6534,6197
6,132.0,6534,6197
6,133.0,6534,6197
6,134.0,6534,6197
6,135.0,6534,6197
6,136.0,6534,6197
6,137.0,6534,6197
6,138.0,6534,6197
6,139.0,6534,6197
6,140.0,6534,6197
6,141.0,6534,6197
6,142.0,6534,6197
6,143.0,6534,6197
6,144.0,6534,6197
6,145.0,6534,6197
6,146.0,6534,6197
6,147.0,6534,6197
6,148.0,6534,6197
6,149.0,6534,6197
6,150.0,6534,6197
6,151.0,6534,6197
6,152.0,6534,6197
6,153.0,6534,6197
6,154.0,6534,6197
6,155.0,6534,6197
6,156.0,6534,6197
6,157.0,6534,6197
6,158.0,6534,6197
6,159.0,6534,6197
6,160.0,6534,6197
6,161.0,6534,6197
6,162.0,6534,6197
6,163.0,6534,6197
6,164.0,6534,6197
6,165.0,6534,6197
6,166.0,6534,6197
7,1.0,20,550
7,2.0,20,550
7,3.0,20,550
7,4.0,20,550
7,5.0,20,550
7,6.0,20,550
7,7.0,20,550
7,8.0,20,550
7,9.0,20,550
7,10.0,20,550
7,11.0,20,550
7,12.0,20,550
7,13.0,20,550
7,14.0,20,550
7,15.0,20,550
7,16.0,20,550
7,17.0,20,550
7,18.0,20,550
7,19.0,20,550
7,20.0,20,550
7,21.0,20,550
7,22.0,20,550
7,23.0,20,550
7,24.0,20,550
7,25.0,20,550
7,26.0,20,634
7,27.0,38,634
7,28.0,38,634
7,29.0,60,634
7,30.0,60,634
7,31.0,60,634
7,32.0,60,634
7,33.0,60,634
7,34.0,60,634
7,35.0,100,634
7,36.0,100,634
7,37.0,100,634
7,38.0,126,634
7,39.0,126,634
7,40.0,126,634
7,41.0,126,634
7,42.0,126,634
7,43.0,126,634
7,44.0,126,634
7,45.0,126,3614
7,46.0,126,3614
7,47.0,126,3614
7,48.0,191,3614
7,49.0,251,3614
7,50.0,251,3614
7,51.0,251,3614
7,52.0,339,3614
7,53.0,413,3614
7,54.0,413,3614
7,55.0,413,3614
7,56.0,413,3614
7,57.0,413,3614
7,58.0,413,3614
7,59.0,413,3614
7,60.0,413,3614
7,61.0,413,3614
7,62.0,413,3614
7,63.0,413,3614
7,64.0,413,3614
7,65.0,413,3614
7,66.0,413,3614
7,67.0,413,3614
7,68.0,413,3614
7,69.0,582,3614
7,70.0,582,4083
7,71.0,743,4083
7,72.0,743,4631
7,73.0,743,4631
7,74.0,743,4631
7,75.0,743,4631
7,76.0,743,4631
7,77.0,743,4631
7,78.0,743,4631
7,79.0,1278,4631
7,80.0,1823,4631
7,81.0,1823,5585
7,82.0,1823,5585
7,83.0,1823,5585
7,84.0,1721,5585
7,85.0,1721,5585
7,86.0,1721,5585
7,87.0,1721,5585
7,88.0,1721,5585
7,89.0,1721,5585
7,90.0,1721,5585
7,91.0,1721,5585
7,92.0,1721,5585
7,93.0,1721,5585
7,94.0,1721,5585
7,95.0,1553,5585
7,96.0,1553,5585
7,97.0,1553,5585
7,98.0,1553,5585
7,99.0,1553,5585
7,100.0,1553,5585
7,101.0,3066,5585
7,102.0,4499,5585
7,103.0,4499,5585
7,104.0,5919,6266
7,105.0,6006,6266
7,106.0,6006,6266
7,107.0,6006,6266
7,108.0,6006,6266
7,109.0,6006,6266
7,110.0,6006,6266
7,111.0,6006,6266
7,112.0,6006,6266
7,113.0,6095,6266
7,114.0,6095,6266
7,115.0,6095,6266
7,116.0,6095,6266
7,117.0,4402,6266
7,118.0,4402,6266
7,119.0,4402,6266
7,120.0,4402,6266
7,121.0,4402,6266
7,122.0,4402,6266
7,123.0,4402,6266
7,124.0,4402,6266
7,125.0,4402,6266
7,126.0,4402,6266
7,127.0,4402,6266
7,128.0,4402,6266
7,129.0,4402,6266
7,130.0,4402,6266
7,131.0,4402,6266
7,132.0,4402,6266
7,133.0,4402,6266
7,134.0,4402,6266
7,135.0,4402,6266
7,136.0,4402,6266
7,137.0,4402,6266
7,138.0,4402,6266
7,139.0,4402,6266
7,140.0,4402,6266
7,141.0,4402,6266
7,142.0,4402,6266
7,143.0,4402,6266
7,144.0,4402,6266
7,145.0,4402,6266
7,146.0,4402,6266
7,147.0,4402,6266
7,148.0,4402,6266
7,149.0,4402,6266
7,150.0,4402,6266
7,151.0,4402,6266
7,152.0,4402,6266
7,153.0,4402,6266
7,154.0,4402,6266
7,155.0,4402,6266
7,156.0,4402,6266
7,157.0,4402,6266
7,158.0,4402,6266
7,159.0,4402,6266
7,160.0,4402,6266
7,161.0,4402,6266
7,162.0,4402,6266
7,163.0,4402,6266
7,164.0,4402,6266
7,165.0,4402,6266
7,166.0,4402,6266
8,1.0,20,550
8,2.0,20,550
8,3.0,20,550
8,4.0,20,550
8,5.0,20,550
8,6.0,20,550
8,7.0,20,550
8,8.0,20,550
8,9.0,20,550
8,10.0,20,550
8,11.0,20,550
8,12.0,20,550
8,13.0,20,550
8,14.0,20,550
8,15.0,20,550
8,16.0,20,550
8,17.0,20,550
8,18.0,20,550
8,19.0,20,550
8,20.0,20,550
8,21.0,20,550
8,22.0,20,550
8,23.0,20,550
8,24.0,20,550
8,25.0,20,550
8,26.0,20,604
8,27.0,31,604
8,28.0,31,604
8,29.0,53,604
8,30.0,53,604
8,31.0,53,604
8,32.0,53,604
8,33.0,53,604
8,34.0,53,604
8,35.0,93,604
8,36.0,93,604
8,37.0,93,604
8,38.0,119,604
8,39.0,119,604
8,40.0,119,604
8,41.0,119,604
8,42.0,119,604
8,43.0,119,604
8,44.0,119,604
8,45.0,119,3670
8,46.0,119,3670
8,47.0,119,3670
8,48.0,170,3670
8,49.0,218,3670
8,50.0,218,3670
8,51.0,218,3670
8,52.0,286,3670
8,53.0,358,3670
8,54.0,358,3670
8,55.0,358,3670
8,56.0,358,3670
8,57.0,358,3670
8,58.0,358,3670
8,59.0,358,3670
8,60.0,358,3670
8,61.0,358,3670
8,62.0,358,3670
8,63.0,358,3670
8,64.0,358,3670
8,65.0,358,3670
8,66.0,358,3670
8,67.0,358,3670
8,68.0,358,3670
8,69.0,514,3670
8,70.0,514,4105
8,71.0,679,4105
8,72.0,679,4549
8,73.0,679,4549
8,74.0,679,4549
8,75.0,679,4549
8,76.0,679,4549
8,77.0,679,4549
8,78.0,679,4549
8,79.0,1111,4549
8,80.0,1585,4549
8,81.0,1585,5597
8,82.0,1585,5597
8,83.0,1585,5597
8,84.0,1495,5597
8,85.0,1495,5597
8,86.0,1495,5597
8,87.0,1495,5597
8,88.0,1495,5597
8,89.0,1495,5597
8,90.0,1495,5597
8,91.0,1495,5597
8,92.0,1495,5597
8,93.0,1495,5597
8,94.0,1495,5597
8,95.0,1333,5597
8,96.0,1333,5597
8,97.0,1333,5597
8,98.0,1333,5597
8,99.0,1333,5597
8,100.0,1333,5597
8,101.0,2691,5597
8,102.0,3981,5597
8,103.0,3981,5597
8,104.0,5236,6254
8,105.0,6494,6254
8,106.0,6494,6254
8,107.0,6494,6254
8,108.0,6494,6254
8,109.0,6494,6254
8,110.0,6494,6254
8,111.0,6494,6254
8,112.0,6494,6254
8,113.0,7753,6254
8,114.0,7753,6254
8,115.0,7753,6254
8,116.0,7753,6254
8,117.0,5651,6254
8,118.0,5651,6254
8,119.0,5651,6254
8,120.0,5651,6254
8,121.0,5651,6254
8,122.0,5651,6254
8,123.0,5651,6254
8,124.0,5651,6254
8,125.0,5651,6254
8,126.0,5651,6254
8,127.0,5651,6254
8,128.0,5651,6254
8,129.0,5651,6254
8,130.0,5651,6254
8,131.0,5651,6254
8,132.0,5651,6254
8,133.0,5651,6254
8,134.0,5651,6254
8,135.0,5651,6254
8,136.0,5651,6254
8,137.0,5651,6254
8,138.0,5651,6254
8,139.0,5651,6254
8,140.0,5651,6254
8,141.0,5651,6254
8,142.0,5651,6254
8,143.0,5651,6254
8,144.0,5651,6254
8,145.0,5651,6254
8,146.0,5651,6254
8,147.0,5651,6254
8,148.0,5651,6254
8,149.0,5651,6254
8,150.0,5651,6254
8,151.0,5651,6254
8,152.0,5651,6254
8,153.0,5651,6254
8,154.0,5651,6254
8,155.0,5651,6254
8,156.0,5651,6254
8,157.0,5651,6254
8,158.0,5651,6254
8,159.0,5651,6254
8,160.0,5651,6254
8,161.0,5651,6254
8,162.0,5651,6254
8,163.0,5651,6254
8,164.0,5651,6254
8,165.0,5651,6254
8,166.0,5651,6254
9,1.0,20,550
9,2.0,20,550
9,3.0,20,550
9,4.0,20,550
9,5.0,20,550
9,6.0,20,550
9,7.0,20,550
9,8.0,20,550
9,9.0,20,550
9,10.0,20,550
9,11.0,20,550
9,12.0,20,550
9,13.0,20,550
9,14.0,20,550
9,15.0,20,550
9,16.0,20,550
9,17.0,20,550
9,18.0,20,550
9,19.0,20,550
9,20.0,20,550
9,21.0,20,550
9,22.0,20,550
9,23.0,20,550
9,24.0,20,550
9,25.0,20,550
9,26.0,20,634
9,27.0,31,634
9,28.0,31,634
9,29.0,47,634
9,30.0,47,634
9,31.0,47,634
9,32.0,47,634
9,33.0,47,634
9,34.0,47,634
9,35.0,87,634
9,36.0,87,634
9,37.0,87,634
9,38.0,114,634
9,39.0,114,634
9,40.0,114,634
9,41.0,114,634
9,42.0,114,634
9,43.0,114,634
9,44.0,114,634
9,45.0,114,3638
9,46.0,114,3638
9,47.0,114,3638
9,48.0,156,3638
9,49.0,200,3638
9,50.0,200,3638
9,51.0,200,3638
9,52.0,261,3638
9,53.0,323,3638
9,54.0,323,3638
9,55.0,323,3638
9,56.0,323,3638
9,57.0,323,3638
9,58.0,323,3638
9,59.0,323,3638
9,60.0,323,3638
9,61.0,323,3638
9,62.0,323,3638
9,63.0,323,3638
9,64.0,323,3638
9,65.0,323,3638
9,66.0,323,3638
9,67.0,323,3638
9,68.0,323,3638
9,69.0,459,3638
9,70.0,459,4098
9,71.0,613,4098
9,72.0,613,4610
9,73.0,613,4610
9,74.0,613,4610
9,75.0,613,4610
9,76.0,613,4610
9,77.0,613,4610
9,78.0,613,4610
9,79.0,1023,4610
9,80.0,1454,4610
9,81.0,1454,5590
9,82.0,1454,5590
9,83.0,1454,5590
9,84.0,1368,5590
9,85.0,1368,5590
9,86.0,1368,5590
9,87.0,1368,5590
9,88.0,1368,5590
9,89.0,1368,5590
9,90.0,1368,5590
9,91.0,1368,5590
9,92.0,1368,5590
9,93.0,1368,5590
9,94.0,1368,5590
9,95.0,1202,5590
9,96.0,1202,5590
9,97.0,1202,5590
9,98.0,1202,5590
9,99.0,1202,5590
9,100.0,1202,5590
9,101.0,2399,5590
9,102.0,3471,5590
9,103.0,3471,5590
9,104.0,4556,6278
9,105.0,4630,6278
9,106.0,4630,6278
9,107.0,4630,6278
9,108.0,4630,6278
9,109.0,4630,6278
9,110.0,4630,6278
9,111.0,4630,6278
9,112.0,4630,6278
9,113.0,4700,6278
9,114.0,4700,6278
9,115.0,4700,6278
9,116.0,4700,6278
9,117.0,3370,6278
9,118.0,3370,6278
9,119.0,3370,6278
9,120.0,3370,6278
9,121.0,3370,6278
9,122.0,3370,6278
9,123.0,3370,6278
9,124.0,3370,6278
9,125.0,3370,6278
9,126.0,3370,6278
9,127.0,3370,6278
9,128.0,3370,6278
9,129.0,3370,6278
9,130.0,3370,6278
9,131.0,3370,6278
9,132.0,3370,6278
9,133.0,3370,6278
9,134.0,3370,6278
9,135.0,3370,6278
9,136.0,3370,6278
9,137.0,3370,6278
9,138.0,3370,6278
9,139.0,3370,6278
9,140.0,3370,6278
9,141.0,3370,6278
9,142.0,3370,6278
9,143.0,3370,6278
9,144.0,3370,6278
9,145.0,3370,6278
9,146.0,3370,6278
9,147.0,3370,6278
9,148.0,3370,6278
9,149.0,3370,6278
9,150.0,3370,6278
9,151.0,3370,6278
9,152.0,3370,6278
9,153.0,3370,6278
9,154.0,3370,6278
9,155.0,3370,6278
9,156.0,3370,6278
9,157.0,3370,6278
9,158.0,3370,6278
9,159.0,3370,6278
9,160.0,3370,6278
9,161.0,3370,6278
9,162.0,3370,6278
9,163.0,3370,6278
9,164.0,3370,6278
9,165.0,3370,6278
9,166.0,3370,6278
10,1.0,20,550
10,2.0,20,550
10,3.0,20,550
10,4.0,20,550
10,5.0,20,550
10,6.0,20,550
10,7.0,20,550
10,8.0,20,550
10,9.0,20,550
10,10.0,20,550
10,11.0,20,550
10,12.0,20,550
10,13.0,20,550
10,14.0,20,550
10,15.0,20,550
10,16.0,20,550
10,17.0,20,550
10,18.0,20,550
10,19.0,20,550
10,20.0,20,550
10,21.0,20,550
10,22.0,20,550
10,23.0,20,550
10,24.0,20,550
10,25.0,20,550
10,26.0,20,610
10,27.0,35,610
10,28.0,35,610
10,29.0,58,610
10,30.0,58,610
10,31.0,58,610
10,32.0,58,610
10,33.0,58,610
10,34.0,58,610
10,35.0,98,610
10,36.0,98,610
10,37.0,98,610
10,38.0,123,610
10,39.0,123,610
10,40.0,123,610
10,41.0,123,610
10,42.0,123,610
10,43.0,123,610
10,44.0,123,610
10,45.0,123,3650
10,46.0,123,3650
10,47.0,123,3650
10,48.0,186,3650
10,49.0,249,3650
10,50.0,249,3650
10,51.0,249,3650
10,52.0,320,3650
10,53.0,393,3650
10,54.0,393,3650
10,55.0,393,3650
10,56.0,393,3650
10,57.0,393,3650
10,58.0,393,3650
10,59.0,393,3650
10,60.0,393,3650
10,61.0,393,3650
10,62.0,393,3650
10,63.0,393,3650
10,64.0,393,3650
10,65.0,393,3650
10,66.0,393,3650
10,67.0,393,3650
10,68.0,393,3650
10,69.0,557,3650
10,70.0,557,4057
10,71.0,715,4057
10,72.0,715,4535
10,73.0,715,4535
10,74.0,715,4535
10,75.0,715,4535
10,76.0,715,4535
10,77.0,715,4535
10,78.0,715,4535
10,79.0,1247,4535
10,80.0,1808,4535
10,81.0,1808,5487
10,82.0,1808,5487
10,83.0,1808,5487
10,84.0,1710,5487
10,85.0,1710,5487
10,86.0,1710,5487
10,87.0,1710,5487
10,88.0,1710,5487
10,89.0,1710,5487
10,90.0,1710,5487
10,91.0,1710,5487
10,92.0,1710,5487
10,93.0,1710,5487
10,94.0,1710,5487
10,95.0,1531,5487
10,96.0,1531,5487
10,97.0,1531,5487
10,98.0,1531,5487
10,99.0,1531,5487
10,100.0,1531,5487
10,101.0,3110,5487
10,102.0,4536,5487
10,103.0,4536,5487
10,104.0,6004,6159
10,105.0,6082,6159
10,106.0,6082,6159
10,107.0,6082,6159
10,108.0,6082,6159
10,109.0,6082,6159
10,110.0,6082,6159
10,111.0,6082,6159
10,112.0,6082,6159
10,113.0,6175,6159
10,114.0,6175,6159
10,115.0,6175,6159
10,116.0,6175,6159
10,117.0,4479,6159
10,118.0,4479,6159
10,119.0,4479,6159
10,120.0,4479,6159
10,121.0,4479,6159
10,122.0,4479,6159
10,123.0,4479,6159
10,124.0,4479,6159
10,125.0,4479,6159
10,126.0,4479,6159
10,127.0,4479,6159
10,128.0,4479,6159
10,129.0,4479,6159
10,130.0,4479,6159
10,131.0,4479,6159
10,132.0,4479,6159
10,133.0,4479,6159
10,134.0,4479,6159
10,135.0,4479,6159
10,136.0,4479,6159
10,137.0,4479,6159
10,138.0,4479,6159
10,139.0,4479,6159
10,140.0,4479,6159
10,141.0,4479,6159
10,142.0,4479,6159
10,143.0,4479,6159
10,144.0,4479,6159
10,145.0,4479,6159
10,146.0,4479,6159
10,147.0,4479,6159
10,148.0,4479,6159
10,149.0,4479,6159
10,150.0,4479,6159
10,151.0,4479,6159
10,152.0,4479,6159
10,153.0,4479,6159
10,154.0,4479,6159
10,155.0,4479,6159
10,156.0,4479,6159
10,157.0,4479,6159
10,158.0,4479,6159
10,159.0,4479,6159
10,160.0,4479,6159
10,161.0,4479,6159
10,162.0,4479,6159
10,163.0,4479,6159
10,164.0,4479,6159
10,165.0,4479,6159
10,166.0,4479,6159
11,1.0,20,550
11,2.0,20,550
11,3.0,20,550
11,4.0,20,550
11,5.0,20,550
11,6.0,20,550
11,7.0,20,550
11,8.0,20,550
11,9.0,20,550
11,10.0,20,550
11,11.0,20,550
11,12.0,20,550
11,13.0,20,550
11,14.0,20,550
11,15.0,20,550
11,16.0,20,550
11,17.0,20,550
11,18.0,20,550
11,19.0,20,550
11,20.0,20,550
11,21.0,20,550
11,22.0,20,550
11,23.0,20,550
11,24.0,20,550
11,25.0,20,550
11,26.0,20,646
11,27.0,34,646
11,28.0,34,646
11,29.0,51,646
11,30.0,51,646
11,31.0,51,646
11,32.0,51,646
11,33.0,51,646
11,34.0,51,646
11,35.0,91,646
11,36.0,91,646
11,37.0,91,646
11,38.0,116,646
11,39.0,116,646
11,40.0,116,646
11,41.0,116,646
11,42.0,116,646
11,43.0,116,646
11,44.0,116,646
11,45.0,116,3638
11,46.0,116,3638
11,47.0,116,3638
11,48.0,176,3638
11,49.0,232,3638
11,50.0,232,3638
11,51.0,232,3638
11,52.0,307,3638
11,53.0,378,3638
11,54.0,378,3638
11,55.0,378,3638
11,56.0,378,3638
11,57.0,378,3638
11,58.0,378,3638
11,59.0,378,3638
11,60.0,378,3638
11,61.0,378,3638
11,62.0,378,3638
11,63.0,378,3638
11,64.0,378,3638
11,65.0,378,3638
11,66.0,378,3638
11,67.0,378,3638
11,68.0,378,3638
11,69.0,539,3638
11,70.0,539,4148
11,71.0,688,4148
11,72.0,688,4678
11,73.0,688,4678
11,74.0,688,4678
11,75.0,688,4678
11,76.0,688,4678
11,77.0,688,4678
11,78.0,688,4678
11,79.0,1164,4678
11,80.0,1676,4678
11,81.0,1676,5717
11,82.0,1676,5717
11,83.0,1676,5717
11,84.0,1605,5717
11,85.0,1605,5717
11,86.0,1605,5717
11,87.0,1605,5717
11,88.0,1605,5717
11,89.0,1605,5717
11,90.0,1605,5717
11,91.0,1605,5717
11,92.0,1605,5717
11,93.0,1605,5717
11,94.0,1605,5717
11,95.0,1435,5717
11,96.0,1435,5717
11,97.0,1435,5717
11,98.0,1435,5717
11,99.0,1435,5717
11,100.0,1435,5717
11,101.0,2931,5717
11,102.0,4241,5717
11,103.0,4241,5717
11,104.0,4311,6473
11,105.0,4386,6473
11,106.0,4386,6473
11,107.0,4386,6473
11,108.0,4386,6473
11,109.0,4386,6473
11,110.0,4386,6473
11,111.0,4386,6473
11,112.0,4386,6473
11,113.0,4466,6473
11,114.0,4466,6473
11,115.0,4466,6473
11,116.0,4466,6473
11,117.0,3139,6473
11,118.0,3139,6473
11,119.0,3139,6473
11,120.0,3139,6473
11,121.0,3139,6473
11,122.0,3139,6473
11,123.0,3139,6473
11,124.0,3139,6473
11,125.0,3139,6473
11,126.0,3139,6473
11,127.0,3139,6473
11,128.0,3139,6473
11,129.0,3139,6473
11,130.0,3139,6473
11,131.0,3139,6473
11,132.0,3139,6473
11,133.0,3139,6473
11,134.0,3139,6473
11,135.0,3139,6473
11,136.0,3139,6473
11,137.0,3139,6473
11,138.0,3139,6473
11,139.0,3139,6473
11,140.0,3139,6473
11,141.0,3139,6473
11,142.0,3139,6473
11,143.0,3139,6473
11,144.0,3139,6473
11,145.0,3139,6473
11,146.0,3139,6473
11,147.0,3139,6473
11,148.0,3139,6473
11,149.0,3139,6473
11,150.0,3139,6473
11,151.0,3139,6473
11,152.0,3139,6473
11,153.0,3139,6473
11,154.0,3139,6473
11,155.0,3139,6473
11,156.0,3139,6473
11,157.0,3139,6473
11,158.0,3139,6473
11,159.0,3139,6473
11,160.0,3139,6473
11,161.0,3139,6473
11,162.0,3139,6473
11,163.0,3139,6473
11,164.0,3139,6473
11,165.0,3139,6473
11,166.0,3139,6473
12,1.0,20,550
12,2.0,20,550
12,3.0,20,550
12,4.0,20,550
12,5.0,20,550
12,6.0,20,550
12,7.0,20,550
12,8.0,20,550
12,9.0,20,550
12,10.0,20,550
12,11.0,20,550
12,12.0,20,550
12,13.0,20,550
12,14.0,20,550
12,15.0,20,550
12,16.0,20,550
12,17.0,20,550
12,18.0,20,550
12,19.0,20,550
12,20.0,20,550
12,21.0,20,550
12,22.0,20,550
12,23.0,20,550
12,24.0,20,550
12,25.0,20,550
12,26.0,20,640
12,27.0,36,640
12,28.0,36,640
12,29.0,53,640
12,30.0,53,640
12,31.0,53,640
12,32.0,53,640
12,33.0,53,640
12,34.0,53,640
12,35.0,93,640
12,36.0,93,640
12,37.0,93,640
12,38.0,120,640
12,39.0,120,640
12,40.0,120,640
12,41.0,120,640
12,42.0,120,640
12,43.0,120,640
12,44.0,120,640
12,45.0,120,3552
12,46.0,120,3552
12,47.0,120,3552
12,48.0,174,3552
12,49.0,227,3552
12,50.0,227,3552
12,51.0,227,3552
12,52.0,301,3552
12,53.0,372,3552
12,54.0,372,3552
12,55.0,372,3552
12,56.0,372,3552
12,57.0,372,3552
12,58.0,372,3552
12,59.0,372,3552
12,60.0,372,3552
12,61.0,372,3552
12,62.0,372,3552
12,63.0,372,3552
12,64.0,372,3552
12,65.0,372,3552
12,66.0,372,3552
12,67.0,372,3552
12,68.0,372,3552
12,69.0,535,3552
12,70.0,535,3990
12,71.0,697,3990
12,72.0,697,4482
12,73.0,697,4482
12,74.0,697,4482
12,75.0,697,4482
12,76.0,697,4482
12,77.0,697,4482
12,78.0,697,4482
12,79.0,1186,4482
12,80.0,1672,4482
12,81.0,1672,5405
12,82.0,1672,5405
12,83.0,1672,5405
12,84.0,1596,5405
12,85.0,1596,5405
12,86.0,1596,5405
12,87.0,1596,5405
12,88.0,1596,5405
12,89.0,1596,5405
12,90.0,1596,5405
12,91.0,1596,5405
12,92.0,1596,5405
12,93.0,1596,5405
12,94.0,1596,5405
12,95.0,1421,5405
12,96.0,1421,5405
12,97.0,1421,5405
12,98.0,1421,5405
12,99.0,1421,5405
12,100.0,1421,5405
12,101.0,2927,5405
12,102.0,4292,5405
12,103.0,4292,5405
12,104.0,4377,6028
12,105.0,4458,6028
12,106.0,4458,6028
12,107.0,4458,6028
12,108.0,4458,6028
12,109.0,4458,6028
12,110.0,4458,6028
12,111.0,4458,6028
12,112.0,4458,6028
12,113.0,4548,6028
12,114.0,4548,6028
12,115.0,4548,6028
12,116.0,4548,6028
12,117.0,3212,6028
12,118.0,3212,6028
12,119.0,3212,6028
12,120.0,3212,6028
12,121.0,3212,6028
12,122.0,3212,6028
12,123.0,3212,6028
12,124.0,3212,6028
12,125.0,3212,6028
12,126.0,3212,6028
12,127.0,3212,6028
12,128.0,3212,6028
12,129.0,3212,6028
12,130.0,3212,6028
12,131.0,3212,6028
12,132.0,3212,6028
12,133.0,3212,6028
12,134.0,3212,6028
12,135.0,3212,6028
12,136.0,3212,6028
12,137.0,3212,6028
12,138.0,3212,6028
12,139.0,3212,6028
12,140.0,3212,6028
12,141.0,3212,6028
12,142.0,3212,6028
12,143.0,3212,6028
12,144.0,3212,6028
12,145.0,3212,6028
12,146.0,3212,6028
12,147.0,3212,6028
12,148.0,3212,6028
12,149.0,3212,6028
12,150.0,3212,6028
12,151.0,3212,6028
12,152.0,3212,6028
12,153.0,3212,6028
12,154.0,3212,6028
12,155.0,3212,6028
12,156.0,3212,6028
12,157.0,3212,6028
12,158.0,3212,6028
12,159.0,3212,6028
12,160.0,3212,6028
12,161.0,3212,6028
12,162.0,3212,6028
12,163.0,3212,6028
12,164.0,3212,6028
12,165.0,3212,6028
12,166.0,3212,6028
13,1.0,20,550
13,2.0,20,550
13,3.0,20,550
13,4.0,20,550
13,5.0,20,550
13,6.0,20,550
13,7.0,20,550
13,8.0,20,550
13,9.0,20,550
13,10.0,20,550
13,11.0,20,550
13,12.0,20,550
13,13.0,20,550
13,14.0,20,550
13,15.0,20,550
13,16.0,20,550
13,17.0,20,550
13,18.0,20,550
13,19.0,20,550
13,20.0,20,550
13,21.0,20,550
13,22.0,20,550
13,23.0,20,550
13,24.0,20,550
13,25.0,20,550
13,26.0,20,652
13,27.0,39,652
13,28.0,39,652
13,29.0,63,652
13,30.0,63,652
13,31.0,63,652
13,32.0,63,652
13,33.0,63,652
13,34.0,63,652
13,35.0,103,652
13,36.0,103,652
13,37.0,103,652
13,38.0,130,652
13,39.0,130,652
13,40.0,130,652
13,41.0,130,652
13,42.0,130,652
13,43.0,130,652
13,44.0,130,652
13,45.0,130,3656
13,46.0,130,3656
13,47.0,130,3656
13,48.0,184,3656
13,49.0,234,3656
13,50.0,234,3656
13,51.0,234,3656
13,52.0,328,3656
13,53.0,403,3656
13,54.0,403,3656
13,55.0,403,3656
13,56.0,403,3656
13,57.0,403,3656
13,58.0,403,3656
13,59.0,403,3656
13,60.0,403,3656
13,61.0,403,3656
13,62.0,403,3656
13,63.0,403,3656
13,64.0,403,3656
13,65.0,403,3656
13,66.0,403,3656
13,67.0,403,3656
13,68.0,403,3656
13,69.0,585,3656
13,70.0,585,4093
13,71.0,751,4093
13,72.0,751,4584
13,73.0,751,4584
13,74.0,751,4584
13,75.0,751,4584
13,76.0,751,4584
13,77.0,751,4584
13,78.0,751,4584
13,79.0,1239,4584
13,80.0,1759,4584
13,81.0,1759,5556
13,82.0,1759,5556
13,83.0,1759,5556
13,84.0,1656,5556
13,85.0,1656,5556
13,86.0,1656,5556
13,87.0,1656,5556
13,88.0,1656,5556
13,89.0,1656,5556
13,90.0,1656,5556
13,91.0,1656,5556
13,92.0,1656,5556
13,93.0,1656,5556
13,94.0,1656,5556
13,95.0,1463,5556
13,96.0,1463,5556
13,97.0,1463,5556
13,98.0,1463,5556
13,99.0,1463,5556
13,100.0,1463,5556
13,101.0,2984,5556
13,102.0,4325,5556
13,103.0,4325,5556
13,104.0,5699,6243
13,105.0,5786,6243
13,106.0,5786,6243
13,107.0,5786,6243
13,108.0,5786,6243
13,109.0,5786,6243
13,110.0,5786,6243
13,111.0,5786,6243
13,112.0,5786,6243
13,113.0,5853,6243
13,114.0,5853,6243
13,115.0,5853,6243
13,116.0,5853,6243
13,117.0,4170,6243
13,118.0,4170,6243
13,119.0,4170,6243
13,120.0,4170,6243
13,121.0,4170,6243
13,122.0,4170,6243
13,123.0,4170,6243
13,124.0,4170,6243
13,125.0,4170,6243
13,126.0,4170,6243
13,127.0,4170,6243
13,128.0,4170,6243
13,129.0,4170,6243
13,130.0,4170,6243
13,131.0,4170,6243
13,132.0,4170,6243
13,133.0,4170,6243
13,134.0,4170,6243
13,135.0,4170,6243
13,136.0,4170,6243
13,137.0,4170,6243
13,138.0,4170,6243
13,139.0,4170,6243
13,140.0,4170,6243
13,141.0,4170,6243
13,142.0,4170,6243
13,143.0,4170,6243
13,144.0,4170,6243
13,145.0,4170,6243
13,146.0,4170,6243
13,147.0,4170,6243
13,148.0,4170,6243
13,149.0,4170,6243
13,150.0,4170,6243
13,151.0,4170,6243
13,152.0,4170,6243
13,153.0,4170,6243
13,154.0,4170,6243
13,155.0,4170,6243
13,156.0,4170,6243
13,157.0,4170,6243
13,158.0,4170,6243
13,159.0,4170,6243
13,160.0,4170,6243
13,161.0,4170,6243
13,162.0,4170,6243
13,163.0,4170,6243
13,164.0,4170,6243
13,165.0,4170,6243
13,166.0,4170,6243
14,1.0,20,550
14,2.0,20,550
14,3.0,20,550
14,4.0,20,550
14,5.0,20,550
14,6.0,20,550
14,7.0,20,550
14,8.0,20,550
14,9.0,20,550
14,10.0,20,550
14,11.0,20,550
14,12.0,20,550
14,13.0,20,550
14,14.0,20,550
14,15.0,20,550
14,16.0,20,550
14,17.0,20,550
14,18.0,20,550
14,19.0,20,550
14,20.0,20,550
14,21.0,20,550
14,22.0,20,550
14,23.0,20,550
14,24.0,20,550
14,25.0,20,550
14,26.0,20,628
14,27.0,30,628
14,28.0,30,628
14,29.0,48,628
14,30.0,48,628
14,31.0,48,628
14,32.0,48,628
14,33.0,48,628
14,34.0,48,628
14,35.0,88,628
14,36.0,88,628
14,37.0,88,628
14,38.0,114,628
14,39.0,114,628
14,40.0,114,628
14,41.0,114,628
14,42.0,114,628
14,43.0,114,628
14,44.0,114,628
14,45.0,114,3636
14,46.0,114,3636
14,47.0,114,3636
14,48.0,159,3636
14,49.0,212,3636
14,50.0,212,3636
14,51.0,212,3636
14,52.0,276,3636
14,53.0,340,3636
14,54.0,340,3636
14,55.0,340,3636
14,56.0,340,3636
14,57.0,340,3636
14,58.0,340,3636
14,59.0,340,3636
14,60.0,340,3636
14,61.0,340,3636
14,62.0,340,3636
14,63.0,340,3636
14,64.0,340,3636
14,65.0,340,3636
14,66.0,340,3636
14,67.0,340,3636
14,68.0,340,3636
14,69.0,490,3636
14,70.0,490,4059
14,71.0,637,4059
14,72.0,637,4562
14,73.0,637,4562
14,74.0,637,4562
14,75.0,637,4562
14,76.0,637,4562
14,77.0,637,4562
14,78.0,637,4562
14,79.0,1064,4562
14,80.0,1518,4562
14,81.0,1518,5556
14,82.0,1518,5556
14,83.0,1518,5556
14,84.0,1426,5556
14,85.0,1426,5556
14,86.0,1426,5556
14,87.0,1426,5556
14,88.0,1426,5556
14,89.0,1426,5556
14,90.0,1426,5556
14,91.0,1426,5556
14,92.0,1426,5556
14,93.0,1426,5556
14,94.0,1426,5556
14,95.0,1267,5556
14,96.0,1267,5556
14,97.0,1267,5556
14,98.0,1267,5556
14,99.0,1267,5556
14,100.0,1267,5556
14,101.0,2592,5556
14,102.0,3777,5556
14,103.0,3777,5556
14,104.0,4986,6231
14,105.0,6197,6231
14,106.0,6197,6231
14,107.0,6197,6231
14,108.0,6197,6231
14,109.0,6197,6231
14,110.0,6197,6231
14,111.0,6197,6231
14,112.0,6197,6231
14,113.0,6269,6231
14,114.0,6269,6231
14,115.0,6269,6231
14,116.0,6269,6231
14,117.0,4517,6231
14,118.0,4517,6231
14,119.0,4517,6231
14,120.0,4517,6231
14,121.0,4517,6231
14,122.0,4517,6231
14,123.0,4517,6231
14,124.0,4517,6231
14,125.0,4517,6231
14,126.0,4517,6231
14,127.0,4517,6231
14,128.0,4517,6231
14,129.0,4517,6231
14,130.0,4517,6231
14,131.0,4517,6231
14,132.0,4517,6231
14,133.0,4517,6231
14,134.0,4517,6231
14,135.0,4517,6231
14,136.0,4517,6231
14,137.0,4517,6231
14,138.0,4517,6231
14,139.0,4517,6231
14,140.0,4517,6231
14,141.0,4517,6231
14,142.0,4517,6231
14,143.0,4517,6231
14,144.0,4517,6231
14,145.0,4517,6231
14,146.0,4517,6231
14,147.0,4517,6231
14,148.0,4517,6231
14,149.0,4517,6231
14,150.0,4517,6231
14,151.0,4517,6231
14,152.0,4517,6231
14,153.0,4517,6231
14,154.0,4517,6231
14,155.0,4517,6231
14,156.0,4517,6231
14,157.0,4517,6231
14,158.0,4517,6231
14,159.0,4517,6231
14,160.0,4517,6231
14,161.0,4517,6231
14,162.0,4517,6231
14,163.0,4517,6231
14,164.0,4517,6231
14,165.0,4517,6231
14,166.0,4517,6231
15,1.0,20,550
15,2.0,20,550
15,3.0,20,550
15,4.0,20,550
15,5.0,20,550
15,6.0,20,550
15,7.0,20,550
15,8.0,20,550
15,9.0,20,550
15,10.0,20,550
15,11.0,20,550
15,12.0,20,550
15,13.0,20,550
15,14.0,20,550
15,15.0,20,550
15,16.0,20,550
15,17.0,20,550
15,18.0,20,550
15,19.0,20,550
15,20.0,20,550
15,21.0,20,550
15,22.0,20,550
15,23.0,20,550
15,24.0,20,550
15,25.0,20,550
15,26.0,20,616
15,27.0,34,616
15,28.0,34,616
15,29.0,58,616
15,30.0,58,616
15,31.0,58,616
15,32.0,58,616
15,33.0,58,616
15,34.0,58,616
15,35.0,98,616
15,36.0,98,616
15,37.0,98,616
15,38.0,125,616
15,39.0,125,616
15,40.0,125,616
15,41.0,125,616
15,42.0,125,616
15,43.0,125,616
15,44.0,125,616
15,45.0,125,3566
15,46.0,125,3566
15,47.0,125,3566
15,48.0,194,3566
15,49.0,244,3566
15,50.0,244,3566
15,51.0,244,3566
15,52.0,318,3566
15,53.0,403,3566
15,54.0,403,3566
15,55.0,403,3566
15,56.0,403,3566
15,57.0,403,3566
15,58.0,403,3566
15,59.0,403,3566
15,60.0,403,3566
15,61.0,403,3566
15,62.0,403,3566
15,63.0,403,3566
15,64.0,403,3566
15,65.0,403,3566
15,66.0,403,3566
15,67.0,403,3566
15,68.0,403,3566
15,69.0,563,3566
15,70.0,563,3998
15,71.0,741,3998
15,72.0,741,4554
15,73.0,741,4554
15,74.0,741,4554
15,75.0,741,4554
15,76.0,741,4554
15,77.0,741,4554
15,78.0,741,4554
15,79.0,1241,4554
15,80.0,1771,4554
15,81.0,1771,5588
15,82.0,1771,5588
15,83.0,1771,5588
15,84.0,1672,5588
15,85.0,1672,5588
15,86.0,1672,5588
15,87.0,1672,5588
15,88.0,1672,5588
15,89.0,1672,5588
15,90.0,1672,5588
15,91.0,1672,5588
15,92.0,1672,5588
15,93.0,1672,5588
15,94.0,1672,5588
15,95.0,1487,5588
15,96.0,1487,5588
15,97.0,1487,5588
15,98.0,1487,5588
15,99.0,1487,5588
15,100.0,1487,5588
15,101.0,3016,5588
15,102.0,4356,5588
15,103.0,4356,5588
15,104.0,5752,6364
15,105.0,5836,6364
15,106.0,5836,6364
15,107.0,5836,6364
15,108.0,5836,6364
15,109.0,5836,6364
15,110.0,5836,6364
15,111.0,5836,6364
15,112.0,5836,6364
15,113.0,5930,6364
15,114.0,5930,6364
15,115.0,5930,6364
15,116.0,5930,6364
15,117.0,4294,6364
15,118.0,4294,6364
15,119.0,4294,6364
15,120.0,4294,6364
15,121.0,4294,6364
15,122.0,4294,6364
15,123.0,4294,6364
15,124.0,4294,6364
15,125.0,4294,6364
15,126.0,4294,6364
15,127.0,4294,6364
15,128.0,4294,6364
15,129.0,4294,6364
15,130.0,4294,6364
15,131.0,4294,6364
15,132.0,4294,6364
15,133.0,4294,6364
15,134.0,4294,6364
15,135.0,4294,6364
15,136.0,4294,6364
15,137.0,4294,6364
15,138.0,4294,6364
15,139.0,4294,6364
15,140.0,4294,6364
15,141.0,4294,6364
15,142.0,4294,6364
15,143.0,4294,6364
15,144.0,4294,6364
15,145.0,4294,6364
15,146.0,4294,6364
15,147.0,4294,6364
15,148.0,4294,6364
15,149.0,4294,6364
15,150.0,4294,6364
15,151.0,4294,6364
15,152.0,4294,6364
15,153.0,4294,6364
15,154.0,4294,6364
15,155.0,4294,6364
15,156.0,4294,6364
15,157.0,4294,6364
15,158.0,4294,6364
15,159.0,4294,6364
15,160.0,4294,6364
15,161.0,4294,6364
15,162.0,4294,6364
15,163.0,4294,6364
15,164.0,4294,6364
15,165.0,4294,6364
15,166.0,4294,6364
16,1.0,20,550
16,2.0,20,550
16,3.0,20,550
16,4.0,20,550
16,5.0,20,550
16,6.0,20,550
16,7.0,20,550
16,8.0,20,550
16,9.0,20,550
16,10.0,20,550
16,11.0,20,550
16,12.0,20,550
16,13.0,20,550
16,14.0,20,550
16,15.0,20,550
16,16.0,20,550
16,17.0,20,550
16,18.0,20,550
16,19.0,20,550
16,20.0,20,550
16,21.0,20,550
16,22.0,20,550
16,23.0,20,550
16,24.0,20,550
16,25.0,20,550
16,26.0,20,634
16,27.0,35,634
16,28.0,35,634
16,29.0,51,634
16,30.0,51,634
16,31.0,51,634
16,32.0,51,634
16,33.0,51,634
16,34.0,51,634
16,35.0,91,634
16,36.0,91,634
16,37.0,91,634
16,38.0,119,634
16,39.0,119,634
16,40.0,119,634
16,41.0,119,634
16,42.0,119,634
16,43.0,119,634
16,44.0,119,634
16,45.0,119,3612
16,46.0,119,3612
16,47.0,119,3612
16,48.0,161,3612
16,49.0,213,3612
16,50.0,213,3612
16,51.0,213,3612
16,52.0,274,3612
16,53.0,347,3612
16,54.0,347,3612
16,55.0,347,3612
16,56.0,347,3612
16,57.0,347,3612
16,58.0,347,3612
16,59.0,347,3612
16,60.0,347,3612
16,61.0,347,3612
16,62.0,347,3612
16,63.0,347,3612
16,64.0,347,3612
16,65.0,347,3612
16,66.0,347,3612
16,67.0,347,3612
16,68.0,347,3612
16,69.0,509,3612
16,70.0,509,4076
16,71.0,660,4076
16,72.0,660,4611
16,73.0,660,4611
16,74.0,660,4611
16,75.0,660,4611
16,76.0,660,4611
16,77.0,660,4611
16,78.0,660,4611
16,79.0,1122,4611
16,80.0,1569,4611
16,81.0,1569,5456
16,82.0,1569,5456
16,83.0,1569,5456
16,84.0,1474,5456
16,85.0,1474,5456
16,86.0,1474,5456
16,87.0,1474,5456
16,88.0,1474,5456
16,89.0,1474,5456
16,90.0,1474,5456
16,91.0,1474,5456
16,92.0,1474,5456
16,93.0,1474,5456
16,94.0,1474,5456
16,95.0,1323,5456
16,96.0,1323,5456
16,97.0,1323,5456
16,98.0,1323,5456
16,99.0,1323,5456
16,100.0,1323,5456
16,101.0,2688,5456
16,102.0,3919,5456
16,103.0,3919,5456
16,104.0,5153,6127
16,105.0,5222,6127
16,106.0,5222,6127
16,107.0,5222,6127
16,108.0,5222,6127
16,109.0,5222,6127
16,110.0,5222,6127
16,111.0,5222,6127
16,112.0,5222,6127
16,113.0,5305,6127
16,114.0,5305,6127
16,115.0,5305,6127
16,116.0,5305,6127
16,117.0,3822,6127
16,118.0,3822,6127
16,119.0,3822,6127
16,120.0,3822,6127
16,121.0,3822,6127
16,122.0,3822,6127
16,123.0,3822,6127
16,124.0,3822,6127
16,125.0,3822,6127
16,126.0,3822,6127
16,127.0,3822,6127
16,128.0,3822,6127
16,129.0,3822,6127
16,130.0,3822,6127
16,131.0,3822,6127
16,132.0,3822,6127
16,133.0,3822,6127
16,134.0,3822,6127
16,135.0,3822,6127
16,136.0,3822,6127
16,137.0,3822,6127
16,138.0,3822,6127
16,139.0,3822,6127
16,140.0,3822,6127
16,141.0,3822,6127
16,142.0,3822,6127
16,143.0,3822,6127
16,144.0,3822,6127
16,145.0,3822,6127
16,146.0,3822,6127
16,147.0,3822,6127
16,148.0,3822,6127
16,149.0,3822,6127
16,150.0,3822,6127
16,151.0,3822,6127
16,152.0,3822,6127
16,153.0,3822,6127
16,154.0,3822,6127
16,155.0,3822,6127
16,156.0,3822,6127
16,157.0,3822,6127
16,158.0,3822,6127
16,159.0,3822,6127
16,160.0,3822,6127
16,161.0,3822,6127
16,162.0,3822,6127
16,163.0,3822,6127
16,164.0,3822,6127
16,165.0,3822,6127
16,166.0,3822,6127
17,1.0,20,550
17,2.0,20,550
17,3.0,20,550
17,4.0,20,550
17,5.0,20,550
17,6.0,20,550
17,7.0,20,550
17,8.0,20,550
17,9.0,20,550
17,10.0,20,550
17,11.0,20,550
17,12.0,20,550
17,13.0,20,550
17,14.0,20,550
17,15.0,20,550
17,16.0,20,550
17,17.0,20,550
17,18.0,20,550
17,19.0,20,550
17,20.0,20,550
17,21.0,20,550
17,22.0,20,550
17,23.0,20,550
17,24.0,20,550
17,25.0,20,550
17,26.0,20,628
17,27.0,36,628
17,28.0,36,628
17,29.0,57,628
17,30.0,57,628
17,31.0,57,628
17,32.0,57,628
17,33.0,57,628
17,34.0,57,628
17,35.0,97,628
17,36.0,97,628
17,37.0,97,628
17,38.0,131,628
17,39.0,131,628
17,40.0,131,628
17,41.0,131,628
17,42.0,131,628
17,43.0,131,628
17,44.0,131,628
17,45.0,131,3640
17,46.0,131,3640
17,47.0,131,3640
17,48.0,191,3640
17,49.0,251,3640
17,50.0,251,3640
17,51.0,251,3640
17,52.0,329,3640
17,53.0,406,3640
17,54.0,406,3640
17,55.0,406,3640
17,56.0,406,3640
17,57.0,406,3640
17,58.0,406,3640
17,59.0,406,3640
17,60.0,406,3640
17,61.0,406,3640
17,62.0,406,3640
17,63.0,406,3640
17,64.0,406,3640
17,65.0,406,3640
17,66.0,406,3640
17,67.0,406,3640
17,68.0,406,3640
17,69.0,569,3640
17,70.0,569,4124
17,71.0,734,4124
17,72.0,734,4647
17,73.0,734,4647
17,74.0,734,4647
17,75.0,734,4647
17,76.0,734,4647
17,77.0,734,4647
17,78.0,734,4647
17,79.0,1248,4647
17,80.0,1767,4647
17,81.0,1767,5594
17,82.0,1767,5594
17,83.0,1767,5594
17,84.0,1660,5594
17,85.0,1660,5594
17,86.0,1660,5594
17,87.0,1660,5594
17,88.0,1660,5594
17,89.0,1660,5594
17,90.0,1660,5594
17,91.0,1660,5594
17,92.0,1660,5594
17,93.0,1660,5594
17,94.0,1660,5594
17,95.0,1461,5594
17,96.0,1461,5594
17,97.0,1461,5594
17,98.0,1461,5594
17,99.0,1461,5594
17,100.0,1461,5594
17,101.0,3017,5594
17,102.0,4354,5594
17,103.0,4354,5594
17,104.0,5773,6319
17,105.0,5858,6319
17,106.0,5858,6319
17,107.0,5858,6319
17,108.0,5858,6319
17,109.0,5858,6319
17,110.0,5858,6319
17,111.0,5858,6319
17,112.0,5858,6319
17,113.0,5935,6319
17,114.0,5935,6319
17,115.0,5935,6319
17,116.0,5935,6319
17,117.0,4276,6319
17,118.0,4276,6319
17,119.0,4276,6319
17,120.0,4276,6319
17,121.0,4276,6319
17,122.0,4276,6319
17,123.0,4276,6319
17,124.0,4276,6319
17,125.0,4276,6319
17,126.0,4276,6319
17,127.0,4276,6319
17,128.0,4276,6319
17,129.0,4276,6319
17,130.0,4276,6319
17,131.0,4276,6319
17,132.0,4276,6319
17,133.0,4276,6319
17,134.0,4276,6319
17,135.0,4276,6319
17,136.0,4276,6319
17,137.0,4276,6319
17,138.0,4276,6319
17,139.0,4276,6319
17,140.0,4276,6319
17,141.0,4276,6319
17,142.0,4276,6319
17,143.0,4276,6319
17,144.0,4276,6319
17,145.0,4276,6319
17,146.0,4276,6319
17,147.0,4276,6319
17,148.0,4276,6319
17,149.0,4276,6319
17,150.0,4276,6319
17,151.0,4276,6319
17,152.0,4276,6319
17,153.0,4276,6319
17,154.0,4276,6319
17,155.0,4276,6319
17,156.0,4276,6319
17,157.0,4276,6319
17,158.0,4276,6319
17,159.0,4276,6319
17,160.0,4276,6319
17,161.0,4276,6319
17,162.0,4276,6319
17,163.0,4276,6319
17,164.0,4276,6319
17,165.0,4276,6319
17,166.0,4276,6319
18,1.0,20,550
18,2.0,20,550
18,3.0,20,550
18,4.0,20,550
18,5.0,20,550
18,6.0,20,550
18,7.0,20,550
18,8.0,20,550
18,9.0,20,550
18,10.0,20,550
18,11.0,20,550
18,12.0,20,550
18,13.0,20,550
18,14.0,20,550
18,15.0,20,550
18,16.0,20,550
18,17.0,20,550
18,18.0,20,550
18,19.0,20,550
18,20.0,20,550
18,21.0,20,550
18,22.0,20,550
18,23.0,20,550
18,24.0,20,550
18,25.0,20,550
18,26.0,20,640
18,27.0,33,640
18,28.0,33,640
18,29.0,53,640
18,30.0,53,640
18,31.0,53,640
18,32.0,53,640
18,33.0,53,640
18,34.0,53,640
18,35.0,93,640
18,36.0,93,640
18,37.0,93,640
18,38.0,116,640
18,39.0,116,640
18,40.0,116,640
18,41.0,116,640
18,42.0,116,640
18,43.0,116,640
18,44.0,116,640
18,45.0,116,3622
18,46.0,116,3622
18,47.0,116,3622
18,48.0,171,3622
18,49.0,224,3622
18,50.0,224,3622
18,51.0,224,3622
18,52.0,304,3622
18,53.0,378,3622
18,54.0,378,3622
18,55.0,378,3622
18,56.0,378,3622
18,57.0,378,3622
18,58.0,378,3622
18,59.0,378,3622
18,60.0,378,3622
18,61.0,378,3622
18,62.0,378,3622
18,63.0,378,3622
18,64.0,378,3622
18,65.0,378,3622
18,66.0,378,3622
18,67.0,378,3622
18,68.0,378,3622
18,69.0,537,3622
18,70.0,537,4061
18,71.0,702,4061
18,72.0,702,4557
18,73.0,702,4557
18,74.0,702,4557
18,75.0,702,4557
18,76.0,702,4557
18,77.0,702,4557
18,78.0,702,4557
18,79.0,1191,4557
18,80.0,1676,4557
18,81.0,1676,5396
18,82.0,1676,5396
18,83.0,1676,5396
18,84.0,1575,5396
18,85.0,1575,5396
18,86.0,1575,5396
18,87.0,1575,5396
18,88.0,1575,5396
18,89.0,1575,5396
18,90.0,1575,5396
18,91.0,1575,5396
18,92.0,1575,5396
18,93.0,1575,5396
18,94.0,1575,5396
18,95.0,1399,5396
18,96.0,1399,5396
18,97.0,1399,5396
18,98.0,1399,5396
18,99.0,1399,5396
18,100.0,1399,5396
18,101.0,2880,5396
18,102.0,4193,5396
18,103.0,4193,5396
18,104.0,5485,6059
18,105.0,6795,6059
18,106.0,6795,6059
18,107.0,6795,6059
18,108.0,6795,6059
18,109.0,6795,6059
18,110.0,6795,6059
18,111.0,6795,6059
18,112.0,6795,6059
18,113.0,6878,6059
18,114.0,6878,6059
18,115.0,6878,6059
18,116.0,6878,6059
18,117.0,4926,6059
18,118.0,4926,6059
18,119.0,4926,6059
18,120.0,4926,6059
18,121.0,4926,6059
18,122.0,4926,6059
18,123.0,4926,6059
18,124.0,4926,6059
18,125.0,4926,6059
18,126.0,4926,6059
18,127.0,4926,6059
18,128.0,4926,6059
18,129.0,4926,6059
18,130.0,4926,6059
18,131.0,4926,6059
18,132.0,4926,6059
18,133.0,4926,6059
18,134.0,4926,6059
18,135.0,4926,6059
18,136.0,4926,6059
18,137.0,4926,6059
18,138.0,4926,6059
18,139.0,4926,6059
18,140.0,4926,6059
18,141.0,4926,6059
18,142.0,4926,6059
18,143.0,4926,6059
18,144.0,4926,6059
18,145.0,4926,6059
18,146.0,4926,6059
18,147.0,4926,6059
18,148.0,4926,6059
18,149.0,4926,6059
18,150.0,4926,6059
18,151.0,4926,6059
18,152.0,4926,6059
18,153.0,4926,6059
18,154.0,4926,6059
18,155.0,4926,6059
18,156.0,4926,6059
18,157.0,4926,6059
18,158.0,4926,6059
18,159.0,4926,6059
18,160.0,4926,6059
18,161.0,4926,6059
18,162.0,4926,6059
18,163.0,4926,6059
18,164.0,4926,6059
18,165.0,4926,6059
18,166.0,4926,6059
19,1.0,20,550
19,2.0,20,550
19,3.0,20,550
19,4.0,20,550
19,5.0,20,550
19,6.0,20,550
19,7.0,20,550
19,8.0,20,550
19,9.0,20,550
19,10.0,20,550
19,11.0,20,550
19,12.0,20,550
19,13.0,20,550
19,14.0,20,550
19,15.0,20,550
19,16.0,20,550
19,17.0,20,550
19,18.0,20,550
19,19.0,20,550
19,20.0,20,550
19,21.0,20,550
19,22.0,20,550
19,23.0,20,550
19,24.0,20,550
19,25.0,20,550
19,26.0,20,658
19,27.0,40,658
19,28.0,40,658
19,29.0,65,658
19,30.0,65,658
19,31.0,65,658
19,32.0,65,658
19,33.0,65,658
19,34.0,65,658
19,35.0,105,658
19,36.0,105,658
19,37.0,105,658
19,38.0,132,658
19,39.0,132,658
19,40.0,132,658
19,41.0,132,658
19,42.0,132,658
19,43.0,132,658
19,44.0,132,658
19,45.0,132,3660
19,46.0,132,3660
19,47.0,132,3660
19,48.0,182,3660
19,49.0,235,3660
19,50.0,235,3660
19,51.0,235,3660
19,52.0,336,3660
19,53.0,423,3660
19,54.0,423,3660
19,55.0,423,3660
19,56.0,423,3660
19,57.0,423,3660
19,58.0,423,3660
19,59.0,423,3660
19,60.0,423,3660
19,61.0,423,3660
19,62.0,423,3660
19,63.0,423,3660
19,64.0,423,3660
19,65.0,423,3660
19,66.0,423,3660
19,67.0,423,3660
19,68.0,423,3660
19,69.0,590,3660
19,70.0,590,4129
19,71.0,749,4129
19,72.0,749,4648
19,73.0,749,4648
19,74.0,749,4648
19,75.0,749,4648
19,76.0,749,4648
19,77.0,749,4648
19,78.0,749,4648
19,79.0,1290,4648
19,80.0,1848,4648
19,81.0,1848,5661
19,82.0,1848,5661
19,83.0,1848,5661
19,84.0,1741,5661
19,85.0,1741,5661
19,86.0,1741,5661
19,87.0,1741,5661
19,88.0,1741,5661
19,89.0,1741,5661
19,90.0,1741,5661
19,91.0,1741,5661
19,92.0,1741,5661
19,93.0,1741,5661
19,94.0,1741,5661
19,95.0,1553,5661
19,96.0,1553,5661
19,97.0,1553,5661
19,98.0,1553,5661
19,99.0,1553,5661
19,100.0,1553,5661
19,101.0,3157,5661
19,102.0,4582,5661
19,103.0,4582,5661
19,104.0,6072,6398
19,105.0,6152,6398
19,106.0,6152,6398
19,107.0,6152,6398
19,108.0,6152,6398
19,109.0,6152,6398
19,110.0,6152,6398
19,111.0,6152,6398
19,112.0,6152,6398
19,113.0,6240,6398
19,114.0,6240,6398
19,115.0,6240,6398
19,116.0,6240,6398
19,117.0,4461,6398
19,118.0,4461,6398
19,119.0,4461,6398
19,120.0,4461,6398
19,121.0,4461,6398
19,122.0,4461,6398
19,123.0,4461,6398
19,124.0,4461,6398
19,125.0,4461,6398
19,126.0,4461,6398
19,127.0,4461,6398
19,128.0,4461,6398
19,129.0,4461,6398
19,130.0,4461,6398
19,131.0,4461,6398
19,132.0,4461,6398
19,133.0,4461,6398
19,134.0,4461,6398
19,135.0,4461,6398
19,136.0,4461,6398
19,137.0,4461,6398
19,138.0,4461,6398
19,139.0,4461,6398
19,140.0,4461,6398
19,141.0,4461,6398
19,142.0,4461,6398
19,143.0,4461,6398
19,144.0,4461,6398
19,145.0,4461,6398
19,146.0,4461,6398
19,147.0,4461,6398
19,148.0,4461,6398
19,149.0,4461,6398
19,150.0,4461,6398
19,151.0,4461,6398
19,152.0,4461,6398
19,153.0,4461,6398
19,154.0,4461,6398
19,155.0,4461,6398
19,156.0,4461,6398
19,157.0,4461,6398
19,158.0,4461,6398
19,159.0,4461,6398
19,160.0,4461,6398
19,161.0,4461,6398
19,162.0,4461,6398
19,163.0,4461,6398
19,164.0,4461,6398
19,165.0,4461,6398
19,166.0,4461,6398
20,1.0,20,550
20,2.0,20,550
20,3.0,20,550
20,4.0,20,550
20,5.0,20,550
20,6.0,20,550
20,7.0,20,550
20,8.0,20,550
20,9.0,20,550
20,10.0,20,550
20,11.0,20,550
20,12.0,20,550
20,13.0,20,550
20,14.0,20,550
20,15.0,20,550
20,16.0,20,550
20,17.0,20,550
20,18.0,20,550
20,19.0,20,550
20,20.0,20,550
20,21.0,20,550
20,22.0,20,550
20,23.0,20,550
20,24.0,20,550
20,25.0,20,550
20,26.0,20,634
20,27.0,34,634
20,28.0,34,634
20,29.0,53,634
20,30.0,53,634
20,31.0,53,634
20,32.0,53,634
20,33.0,53,634
20,34.0,53,634
20,35.0,93,634
20,36.0,93,634
20,37.0,93,634
20,38.0,124,634
20,39.0,124,634
20,40.0,124,634
20,41.0,124,634
20,42.0,124,634
20,43.0,124,634
20,44.0,124,634
20,45.0,124,3638
20,46.0,124,3638
20,47.0,124,3638
20,48.0,164,3638
20,49.0,217,3638
20,50.0,217,3638
20,51.0,217,3638
20,52.0,290,3638
20,53.0,359,3638
20,54.0,359,3638
20,55.0,359,3638
20,56.0,359,3638
20,57.0,359,3638
20,58.0,359,3638
20,59.0,359,3638
20,60.0,359,3638
20,61.0,359,3638
20,62.0,359,3638
20,63.0,359,3638
20,64.0,359,3638
20,65.0,359,3638
20,66.0,359,3638
20,67.0,359,3638
20,68.0,359,3638
20,69.0,525,3638
20,70.0,525,4089
20,71.0,686,4089
20,72.0,686,4611
20,73.0,686,4611
20,74.0,686,4611
20,75.0,686,4611
20,76.0,686,4611
20,77.0,686,4611
20,78.0,686,4611
20,79.0,1167,4611
20,80.0,1638,4611
20,81.0,1638,5646
20,82.0,1638,5646
20,83.0,1638,5646
20,84.0,1551,5646
20,85.0,1551,5646
20,86.0,1551,5646
20,87.0,1551,5646
20,88.0,1551,5646
20,89.0,1551,5646
20,90.0,1551,5646
20,91.0,1551,5646
20,92.0,1551,5646
20,93.0,1551,5646
20,94.0,1551,5646
20,95.0,1372,5646
20,96.0,1372,5646
20,97.0,1372,5646
20,98.0,1372,5646
20,99.0,1372,5646
20,100.0,1372,5646
20,101.0,2801,5646
20,102.0,4094,5646
20,103.0,4094,5646
20,104.0,4171,6417
20,105.0,4250,6417
20,106.0,4250,6417
20,107.0,4250,6417
20,108.0,4250,6417
20,109.0,4250,6417
20,110.0,4250,6417
20,111.0,4250,6417
20,112.0,4250,6417
20,113.0,4336,6417
20,114.0,4336,6417
20,115.0,4336,6417
20,116.0,4336,6417
20,117.0,3056,6417
20,118.0,3056,6417
20,119.0,3056,6417
20,120.0,3056,6417
20,121.0,3056,6417
20,122.0,3056,6417
20,123.0,3056,6417
20,124.0,3056,6417
20,125.0,3056,6417
20,126.0,3056,6417
20,127.0,3056,6417
20,128.0,3056,6417
20,129.0,3056,6417
20,130.0,3056,6417
20,131.0,3056,6417
20,132.0,3056,6417
20,133.0,3056,6417
20,134.0,3056,6417
20,135.0,3056,6417
20,136.0,3056,6417
20,137.0,3056,6417
20,138.0,3056,6417
20,139.0,3056,6417
20,140.0,3056,6417
20,141.0,3056,6417
20,142.0,3056,6417
20,143.0,3056,6417
20,144.0,3056,6417
20,145.0,3056,6417
20,146.0,3056,6417
20,147.0,3056,6417
20,148.0,3056,6417
20,149.0,3056,6417
20,150.0,3056,6417
20,151.0,3056,6417
20,152.0,3056,6417
20,153.0,3056,6417
20,154.0,3056,6417
20,155.0,3056,6417
20,156.0,3056,6417
20,157.0,3056,6417
20,158.0,3056,6417
20,159.0,3056,6417
20,160.0,3056,6417
20,161.0,3056,6417
20,162.0,3056,6417
20,163.0,3056,6417
20,164.0,3056,6417
20,165.0,3056,6417
20,166.0,3056,6417
