"run","tick","GRCount","STCount"
1,1.0,390,140
1,2.0,390,140
1,3.0,390,140
1,4.0,390,140
1,5.0,390,140
1,6.0,390,140
1,7.0,390,140
1,8.0,390,140
1,9.0,390,140
1,10.0,390,140
1,11.0,390,140
1,12.0,390,140
1,13.0,390,140
1,14.0,390,140
1,15.0,390,140
1,16.0,390,140
1,17.0,390,140
1,18.0,390,140
1,19.0,390,140
1,20.0,390,140
1,21.0,390,140
1,22.0,390,140
1,23.0,390,140
1,24.0,390,140
1,25.0,390,140
1,26.0,390,146
1,27.0,535,146
1,28.0,535,146
1,29.0,774,146
1,30.0,774,146
1,31.0,774,146
1,32.0,774,146
1,33.0,774,146
1,34.0,774,146
1,35.0,1198,146
1,36.0,1198,146
1,37.0,1198,146
1,38.0,1482,146
1,39.0,1482,146
1,40.0,1482,146
1,41.0,1482,146
1,42.0,1482,146
1,43.0,1482,146
1,44.0,1482,146
1,45.0,1482,578
1,46.0,1482,578
1,47.0,1482,578
1,48.0,1946,578
1,49.0,2359,578
1,50.0,2359,578
1,51.0,2359,578
1,52.0,2921,578
1,53.0,3454,578
1,54.0,3998,578
1,55.0,4557,578
1,56.0,4454,578
1,57.0,4454,578
1,58.0,4347,578
1,59.0,4347,578
1,60.0,4838,578
1,61.0,4838,578
1,62.0,5454,578
1,63.0,5454,578
1,64.0,5454,578
1,65.0,5454,578
1,66.0,5454,578
1,67.0,5454,578
1,68.0,5454,578
1,69.0,6239,578
1,70.0,6239,834
1,71.0,7044,834
1,72.0,7044,1135
1,73.0,7044,1135
1,74.0,7044,1135
1,75.0,7014,1135
1,76.0,6907,1135
1,77.0,6817,1135
1,78.0,6817,1135
1,79.0,9278,1135
1,80.0,12096,1135
1,81.0,12042,1499
1,82.0,12042,1499
1,83.0,12042,1499
1,84.0,10978,1499
1,85.0,10978,1499
1,86.0,10900,1499
1,87.0,10900,1499
1,88.0,10826,1499
1,89.0,10826,1499
1,90.0,10703,1499
1,91.0,10703,1499
1,92.0,10639,1499
1,93.0,10639,1499
1,94.0,10589,1499
1,95.0,9101,1499
1,96.0,9061,1499
1,97.0,9061,1499
1,98.0,9061,1499
1,99.0,9061,1499
1,100.0,9061,1499
1,101.0,12812,1499
1,102.0,17349,1499
1,103.0,17303,1499
1,104.0,21529,2566
1,105.0,25753,2566
1,106.0,25678,2566
1,107.0,25605,2566
1,108.0,25475,2566
1,109.0,25293,2566
1,110.0,25099,2566
1,111.0,24967,2566
1,112.0,24795,2566
1,113.0,28228,2566
1,114.0,28142,2566
1,115.0,28142,2566
1,116.0,28039,2566
1,117.0,20530,2566
1,118.0,20530,2566
1,119.0,20530,2566
1,120.0,20530,2566
1,121.0,20530,2566
1,122.0,20530,2566
1,123.0,20530,2566
1,124.0,20530,2566
1,125.0,20530,2566
1,126.0,20530,2566
1,127.0,20530,2566
1,128.0,20530,2566
1,129.0,20530,2566
1,130.0,20530,2566
1,131.0,20530,2566
1,132.0,20530,2566
1,133.0,20530,2566
1,134.0,20530,2566
1,135.0,20530,2566
1,136.0,20530,2566
1,137.0,20530,2566
1,138.0,20530,2566
1,139.0,20530,2566
1,140.0,20530,2566
1,141.0,20530,2566
1,142.0,20530,2566
1,143.0,20530,2566
1,144.0,20530,2566
1,145.0,20530,2566
1,146.0,20530,2566
1,147.0,20530,2566
1,148.0,20530,2566
1,149.0,20530,2566
1,150.0,20530,2566
1,151.0,20530,2566
1,152.0,20530,2566
1,153.0,20530,2566
1,154.0,20530,2566
1,155.0,20530,2566
1,156.0,20530,2566
1,157.0,20530,2566
1,158.0,20530,2566
1,159.0,20530,2566
1,160.0,20530,2566
1,161.0,20530,2566
1,162.0,20530,2566
1,163.0,20530,2566
1,164.0,20530,2566
1,165.0,20530,2566
1,166.0,20530,2566
3,1.0,390,140
3,2.0,390,140
3,3.0,390,140
3,4.0,390,140
3,5.0,390,140
3,6.0,390,140
3,7.0,390,140
3,8.0,390,140
3,9.0,390,140
3,10.0,390,140
3,11.0,390,140
3,12.0,390,140
3,13.0,390,140
3,14.0,390,140
3,15.0,390,140
3,16.0,390,140
3,17.0,390,140
3,18.0,390,140
3,19.0,390,140
3,20.0,390,140
3,21.0,390,140
3,22.0,390,140
3,23.0,390,140
3,24.0,390,140
3,25.0,390,140
3,26.0,390,148
3,27.0,525,148
3,28.0,525,148
3,29.0,780,148
3,30.0,780,148
3,31.0,780,148
3,32.0,780,148
3,33.0,780,148
3,34.0,780,148
3,35.0,1231,148
3,36.0,1231,148
3,37.0,1231,148
3,38.0,1488,148
3,39.0,1488,148
3,40.0,1488,148
3,41.0,1488,148
3,42.0,1488,148
3,43.0,1488,148
3,44.0,1488,148
3,45.0,1488,566
3,46.0,1488,566
3,47.0,1488,566
3,48.0,1956,566
3,49.0,2386,566
3,50.0,2386,566
3,51.0,2386,566
3,52.0,2959,566
3,53.0,3532,566
3,54.0,4103,566
3,55.0,4606,566
3,56.0,4505,566
3,57.0,4505,566
3,58.0,4414,566
3,59.0,4414,566
3,60.0,4945,566
3,61.0,4945,566
3,62.0,5633,566
3,63.0,5633,566
3,64.0,5633,566
3,65.0,5633,566
3,66.0,5633,566
3,67.0,5633,566
3,68.0,5633,566
3,69.0,6409,566
3,70.0,6409,796
3,71.0,7238,796
3,72.0,7238,1081
3,73.0,7238,1081
3,74.0,7238,1081
3,75.0,7200,1081
3,76.0,7119,1081
3,77.0,7023,1081
3,78.0,7023,1081
3,79.0,9447,1081
3,80.0,12385,1081
3,81.0,12317,1254
3,82.0,12317,1254
3,83.0,12317,1254
3,84.0,11227,1254
3,85.0,11227,1254
3,86.0,11146,1254
3,87.0,11146,1254
3,88.0,11062,1254
3,89.0,11062,1254
3,90.0,10922,1254
3,91.0,10922,1254
3,92.0,10884,1254
3,93.0,10884,1254
3,94.0,10818,1254
3,95.0,9269,1254
3,96.0,9237,1254
3,97.0,9237,1254
3,98.0,9237,1254
3,99.0,9237,1254
3,100.0,9237,1254
3,101.0,12913,1254
3,102.0,17468,1254
3,103.0,17413,1254
3,104.0,21756,1943
3,105.0,26098,1943
3,106.0,25991,1943
3,107.0,25928,1943
3,108.0,25779,1943
3,109.0,25612,1943
3,110.0,25395,1943
3,111.0,25240,1943
3,112.0,25083,1943
3,113.0,28662,1943
3,114.0,28570,1943
3,115.0,28570,1943
3,116.0,28472,1943
3,117.0,20798,1943
3,118.0,20798,1943
3,119.0,20798,1943
3,120.0,20798,1943
3,121.0,20798,1943
3,122.0,20798,1943
3,123.0,20798,1943
3,124.0,20798,1943
3,125.0,20798,1943
3,126.0,20798,1943
3,127.0,20798,1943
3,128.0,20798,1943
3,129.0,20798,1943
3,130.0,20798,1943
3,131.0,20798,1943
3,132.0,20798,1943
3,133.0,20798,1943
3,134.0,20798,1943
3,135.0,20798,1943
3,136.0,20798,1943
3,137.0,20798,1943
3,138.0,20798,1943
3,139.0,20798,1943
3,140.0,20798,1943
3,141.0,20798,1943
3,142.0,20798,1943
3,143.0,20798,1943
3,144.0,20798,1943
3,145.0,20798,1943
3,146.0,20798,1943
3,147.0,20798,1943
3,148.0,20798,1943
3,149.0,20798,1943
3,150.0,20798,1943
3,151.0,20798,1943
3,152.0,20798,1943
3,153.0,20798,1943
3,154.0,20798,1943
3,155.0,20798,1943
3,156.0,20798,1943
3,157.0,20798,1943
3,158.0,20798,1943
3,159.0,20798,1943
3,160.0,20798,1943
3,161.0,20798,1943
3,162.0,20798,1943
3,163.0,20798,1943
3,164.0,20798,1943
3,165.0,20798,1943
3,166.0,20798,1943
5,1.0,390,140
5,2.0,390,140
5,3.0,390,140
5,4.0,390,140
5,5.0,390,140
5,6.0,390,140
5,7.0,390,140
5,8.0,390,140
5,9.0,390,140
5,10.0,390,140
5,11.0,390,140
5,12.0,390,140
5,13.0,390,140
5,14.0,390,140
5,15.0,390,140
5,16.0,390,140
5,17.0,390,140
5,18.0,390,140
5,19.0,390,140
5,20.0,390,140
5,21.0,390,140
5,22.0,390,140
5,23.0,390,140
5,24.0,390,140
5,25.0,390,140
5,26.0,390,145
5,27.0,541,145
5,28.0,541,145
5,29.0,754,145
5,30.0,754,145
5,31.0,754,145
5,32.0,754,145
5,33.0,754,145
5,34.0,754,145
5,35.0,1181,145
5,36.0,1181,145
5,37.0,1181,145
5,38.0,1458,145
5,39.0,1458,145
5,40.0,1458,145
5,41.0,1458,145
5,42.0,1458,145
5,43.0,1458,145
5,44.0,1458,145
5,45.0,1458,597
5,46.0,1458,597
5,47.0,1458,597
5,48.0,1897,597
5,49.0,2329,597
5,50.0,2329,597
5,51.0,2329,597
5,52.0,2871,597
5,53.0,3424,597
5,54.0,3988,597
5,55.0,4524,597
5,56.0,4418,597
5,57.0,4418,597
5,58.0,4301,597
5,59.0,4301,597
5,60.0,4745,597
5,61.0,4745,597
5,62.0,5379,597
5,63.0,5379,597
5,64.0,5379,597
5,65.0,5379,597
5,66.0,5379,597
5,67.0,5379,597
5,68.0,5379,597
5,69.0,6196,597
5,70.0,6196,822
5,71.0,6977,822
5,72.0,6977,1101
5,73.0,6977,1101
5,74.0,6977,1101
5,75.0,6944,1101
5,76.0,6848,1101
5,77.0,6752,1101
5,78.0,6752,1101
5,79.0,9132,1101
5,80.0,11942,1101
5,81.0,11884,1524
5,82.0,11884,1524
5,83.0,11884,1524
5,84.0,10816,1524
5,85.0,10816,1524
5,86.0,10725,1524
5,87.0,10725,1524
5,88.0,10657,1524
5,89.0,10657,1524
5,90.0,10526,1524
5,91.0,10526,1524
5,92.0,10474,1524
5,93.0,10474,1524
5,94.0,10417,1524
5,95.0,8871,1524
5,96.0,8843,1524
5,97.0,8843,1524
5,98.0,8843,1524
5,99.0,8843,1524
5,100.0,8843,1524
5,101.0,12406,1524
5,102.0,16758,1524
5,103.0,16706,1524
5,104.0,20968,2603
5,105.0,25145,2603
5,106.0,25052,2603
5,107.0,24989,2603
5,108.0,24843,2603
5,109.0,24670,2603
5,110.0,24497,2603
5,111.0,24336,2603
5,112.0,24215,2603
5,113.0,27638,2603
5,114.0,27540,2603
5,115.0,27540,2603
5,116.0,27427,2603
5,117.0,20006,2603
5,118.0,20006,2603
5,119.0,20006,2603
5,120.0,20006,2603
5,121.0,20006,2603
5,122.0,20006,2603
5,123.0,20006,2603
5,124.0,20006,2603
5,125.0,20006,2603
5,126.0,20006,2603
5,127.0,20006,2603
5,128.0,20006,2603
5,129.0,20006,2603
5,130.0,20006,2603
5,131.0,20006,2603
5,132.0,20006,2603
5,133.0,20006,2603
5,134.0,20006,2603
5,135.0,20006,2603
5,136.0,20006,2603
5,137.0,20006,2603
5,138.0,20006,2603
5,139.0,20006,2603
5,140.0,20006,2603
5,141.0,20006,2603
5,142.0,20006,2603
5,143.0,20006,2603
5,144.0,20006,2603
5,145.0,20006,2603
5,146.0,20006,2603
5,147.0,20006,2603
5,148.0,20006,2603
5,149.0,20006,2603
5,150.0,20006,2603
5,151.0,20006,2603
5,152.0,20006,2603
5,153.0,20006,2603
5,154.0,20006,2603
5,155.0,20006,2603
5,156.0,20006,2603
5,157.0,20006,2603
5,158.0,20006,2603
5,159.0,20006,2603
5,160.0,20006,2603
5,161.0,20006,2603
5,162.0,20006,2603
5,163.0,20006,2603
5,164.0,20006,2603
5,165.0,20006,2603
5,166.0,20006,2603
7,1.0,390,140
7,2.0,390,140
7,3.0,390,140
7,4.0,390,140
7,5.0,390,140
7,6.0,390,140
7,7.0,390,140
7,8.0,390,140
7,9.0,390,140
7,10.0,390,140
7,11.0,390,140
7,12.0,390,140
7,13.0,390,140
7,14.0,390,140
7,15.0,390,140
7,16.0,390,140
7,17.0,390,140
7,18.0,390,140
7,19.0,390,140
7,20.0,390,140
7,21.0,390,140
7,22.0,390,140
7,23.0,390,140
7,24.0,390,140
7,25.0,390,140
7,26.0,390,158
7,27.0,536,158
7,28.0,536,158
7,29.0,757,158
7,30.0,757,158
7,31.0,757,158
7,32.0,757,158
7,33.0,757,158
7,34.0,757,158
7,35.0,1180,158
7,36.0,1180,158
7,37.0,1180,158
7,38.0,1465,158
7,39.0,1465,158
7,40.0,1465,158
7,41.0,1465,158
7,42.0,1465,158
7,43.0,1465,158
7,44.0,1465,158
7,45.0,1465,580
7,46.0,1465,580
7,47.0,1465,580
7,48.0,1892,580
7,49.0,2323,580
7,50.0,2323,580
7,51.0,2323,580
7,52.0,2870,580
7,53.0,3434,580
7,54.0,3956,580
7,55.0,4516,580
7,56.0,4430,580
7,57.0,4430,580
7,58.0,4329,580
7,59.0,4329,580
7,60.0,4796,580
7,61.0,4796,580
7,62.0,5431,580
7,63.0,5431,580
7,64.0,5431,580
7,65.0,5431,580
7,66.0,5431,580
7,67.0,5431,580
7,68.0,5431,580
7,69.0,6170,580
7,70.0,6170,841
7,71.0,6986,841
7,72.0,6986,1089
7,73.0,6986,1089
7,74.0,6986,1089
7,75.0,6946,1089
7,76.0,6864,1089
7,77.0,6773,1089
7,78.0,6773,1089
7,79.0,9173,1089
7,80.0,12024,1089
7,81.0,11977,1569
7,82.0,11977,1569
7,83.0,11977,1569
7,84.0,10962,1569
7,85.0,10962,1569
7,86.0,10892,1569
7,87.0,10892,1569
7,88.0,10815,1569
7,89.0,10815,1569
7,90.0,10673,1569
7,91.0,10673,1569
7,92.0,10622,1569
7,93.0,10622,1569
7,94.0,10572,1569
7,95.0,9131,1569
7,96.0,9103,1569
7,97.0,9103,1569
7,98.0,9103,1569
7,99.0,9103,1569
7,100.0,9103,1569
7,101.0,12970,1569
7,102.0,17471,1569
7,103.0,17399,1569
7,104.0,21719,2728
7,105.0,26032,2728
7,106.0,25930,2728
7,107.0,25855,2728
7,108.0,25711,2728
7,109.0,25498,2728
7,110.0,25303,2728
7,111.0,25155,2728
7,112.0,25013,2728
7,113.0,28556,2728
7,114.0,28465,2728
7,115.0,28465,2728
7,116.0,28370,2728
7,117.0,20559,2728
7,118.0,20559,2728
7,119.0,20559,2728
7,120.0,20559,2728
7,121.0,20559,2728
7,122.0,20559,2728
7,123.0,20559,2728
7,124.0,20559,2728
7,125.0,20559,2728
7,126.0,20559,2728
7,127.0,20559,2728
7,128.0,20559,2728
7,129.0,20559,2728
7,130.0,20559,2728
7,131.0,20559,2728
7,132.0,20559,2728
7,133.0,20559,2728
7,134.0,20559,2728
7,135.0,20559,2728
7,136.0,20559,2728
7,137.0,20559,2728
7,138.0,20559,2728
7,139.0,20559,2728
7,140.0,20559,2728
7,141.0,20559,2728
7,142.0,20559,2728
7,143.0,20559,2728
7,144.0,20559,2728
7,145.0,20559,2728
7,146.0,20559,2728
7,147.0,20559,2728
7,148.0,20559,2728
7,149.0,20559,2728
7,150.0,20559,2728
7,151.0,20559,2728
7,152.0,20559,2728
7,153.0,20559,2728
7,154.0,20559,2728
7,155.0,20559,2728
7,156.0,20559,2728
7,157.0,20559,2728
7,158.0,20559,2728
7,159.0,20559,2728
7,160.0,20559,2728
7,161.0,20559,2728
7,162.0,20559,2728
7,163.0,20559,2728
7,164.0,20559,2728
7,165.0,20559,2728
7,166.0,20559,2728
9,1.0,390,140
9,2.0,390,140
9,3.0,390,140
9,4.0,390,140
9,5.0,390,140
9,6.0,390,140
9,7.0,390,140
9,8.0,390,140
9,9.0,390,140
9,10.0,390,140
9,11.0,390,140
9,12.0,390,140
9,13.0,390,140
9,14.0,390,140
9,15.0,390,140
9,16.0,390,140
9,17.0,390,140
9,18.0,390,140
9,19.0,390,140
9,20.0,390,140
9,21.0,390,140
9,22.0,390,140
9,23.0,390,140
9,24.0,390,140
9,25.0,390,140
9,26.0,390,155
9,27.0,524,155
9,28.0,524,155
9,29.0,735,155
9,30.0,735,155
9,31.0,735,155
9,32.0,735,155
9,33.0,735,155
9,34.0,735,155
9,35.0,1169,155
9,36.0,1169,155
9,37.0,1169,155
9,38.0,1464,155
9,39.0,1464,155
9,40.0,1464,155
9,41.0,1464,155
9,42.0,1464,155
9,43.0,1464,155
9,44.0,1464,155
9,45.0,1464,569
9,46.0,1464,569
9,47.0,1464,569
9,48.0,1896,569
9,49.0,2290,569
9,50.0,2290,569
9,51.0,2290,569
9,52.0,2810,569
9,53.0,3349,569
9,54.0,3893,569
9,55.0,4396,569
9,56.0,4288,569
9,57.0,4288,569
9,58.0,4193,569
9,59.0,4193,569
9,60.0,4637,569
9,61.0,4637,569
9,62.0,5275,569
9,63.0,5275,569
9,64.0,5275,569
9,65.0,5275,569
9,66.0,5275,569
9,67.0,5275,569
9,68.0,5275,569
9,69.0,6071,569
9,70.0,6071,845
9,71.0,6870,845
9,72.0,6870,1093
9,73.0,6870,1093
9,74.0,6870,1093
9,75.0,6836,1093
9,76.0,6740,1093
9,77.0,6663,1093
9,78.0,6663,1093
9,79.0,9007,1093
9,80.0,11874,1093
9,81.0,11820,1431
9,82.0,11820,1431
9,83.0,11820,1431
9,84.0,10808,1431
9,85.0,10808,1431
9,86.0,10720,1431
9,87.0,10720,1431
9,88.0,10654,1431
9,89.0,10654,1431
9,90.0,10520,1431
9,91.0,10520,1431
9,92.0,10465,1431
9,93.0,10465,1431
9,94.0,10407,1431
9,95.0,8931,1431
9,96.0,8891,1431
9,97.0,8891,1431
9,98.0,8891,1431
9,99.0,8891,1431
9,100.0,8891,1431
9,101.0,12456,1431
9,102.0,16916,1431
9,103.0,16862,1431
9,104.0,21126,2528
9,105.0,25246,2528
9,106.0,25142,2528
9,107.0,25076,2528
9,108.0,24956,2528
9,109.0,24799,2528
9,110.0,24610,2528
9,111.0,24463,2528
9,112.0,24308,2528
9,113.0,27710,2528
9,114.0,27608,2528
9,115.0,27608,2528
9,116.0,27505,2528
9,117.0,20083,2528
9,118.0,20083,2528
9,119.0,20083,2528
9,120.0,20083,2528
9,121.0,20083,2528
9,122.0,20083,2528
9,123.0,20083,2528
9,124.0,20083,2528
9,125.0,20083,2528
9,126.0,20083,2528
9,127.0,20083,2528
9,128.0,20083,2528
9,129.0,20083,2528
9,130.0,20083,2528
9,131.0,20083,2528
9,132.0,20083,2528
9,133.0,20083,2528
9,134.0,20083,2528
9,135.0,20083,2528
9,136.0,20083,2528
9,137.0,20083,2528
9,138.0,20083,2528
9,139.0,20083,2528
9,140.0,20083,2528
9,141.0,20083,2528
9,142.0,20083,2528
9,143.0,20083,2528
9,144.0,20083,2528
9,145.0,20083,2528
9,146.0,20083,2528
9,147.0,20083,2528
9,148.0,20083,2528
9,149.0,20083,2528
9,150.0,20083,2528
9,151.0,20083,2528
9,152.0,20083,2528
9,153.0,20083,2528
9,154.0,20083,2528
9,155.0,20083,2528
9,156.0,20083,2528
9,157.0,20083,2528
9,158.0,20083,2528
9,159.0,20083,2528
9,160.0,20083,2528
9,161.0,20083,2528
9,162.0,20083,2528
9,163.0,20083,2528
9,164.0,20083,2528
9,165.0,20083,2528
9,166.0,20083,2528
2,1.0,390,140
2,2.0,390,140
2,3.0,390,140
2,4.0,390,140
2,5.0,390,140
2,6.0,390,140
2,7.0,390,140
2,8.0,390,140
2,9.0,390,140
2,10.0,390,140
2,11.0,390,140
2,12.0,390,140
2,13.0,390,140
2,14.0,390,140
2,15.0,390,140
2,16.0,390,140
2,17.0,390,140
2,18.0,390,140
2,19.0,390,140
2,20.0,390,140
2,21.0,390,140
2,22.0,390,140
2,23.0,390,140
2,24.0,390,140
2,25.0,390,140
2,26.0,390,160
2,27.0,522,160
2,28.0,522,160
2,29.0,760,160
2,30.0,760,160
2,31.0,760,160
2,32.0,760,160
2,33.0,760,160
2,34.0,760,160
2,35.0,1175,160
2,36.0,1175,160
2,37.0,1175,160
2,38.0,1444,160
2,39.0,1444,160
2,40.0,1444,160
2,41.0,1444,160
2,42.0,1444,160
2,43.0,1444,160
2,44.0,1444,160
2,45.0,1444,593
2,46.0,1444,593
2,47.0,1444,593
2,48.0,1888,593
2,49.0,2338,593
2,50.0,2338,593
2,51.0,2338,593
2,52.0,2879,593
2,53.0,3465,593
2,54.0,4022,593
2,55.0,4600,593
2,56.0,4504,593
2,57.0,4504,593
2,58.0,4407,593
2,59.0,4407,593
2,60.0,4875,593
2,61.0,4875,593
2,62.0,5512,593
2,63.0,5512,593
2,64.0,5512,593
2,65.0,5512,593
2,66.0,5512,593
2,67.0,5512,593
2,68.0,5512,593
2,69.0,6283,593
2,70.0,6283,867
2,71.0,7042,867
2,72.0,7042,1175
2,73.0,7042,1175
2,74.0,7042,1175
2,75.0,7007,1175
2,76.0,6921,1175
2,77.0,6833,1175
2,78.0,6833,1175
2,79.0,9258,1175
2,80.0,12213,1175
2,81.0,12158,1672
2,82.0,12158,1672
2,83.0,12158,1672
2,84.0,11074,1672
2,85.0,11074,1672
2,86.0,10995,1672
2,87.0,10995,1672
2,88.0,10913,1672
2,89.0,10913,1672
2,90.0,10797,1672
2,91.0,10797,1672
2,92.0,10750,1672
2,93.0,10750,1672
2,94.0,10687,1672
2,95.0,9142,1672
2,96.0,9107,1672
2,97.0,9107,1672
2,98.0,9107,1672
2,99.0,9107,1672
2,100.0,9107,1672
2,101.0,12892,1672
2,102.0,17386,1672
2,103.0,17325,1672
2,104.0,21729,2931
2,105.0,26037,2931
2,106.0,25935,2931
2,107.0,25876,2931
2,108.0,25740,2931
2,109.0,25554,2931
2,110.0,25347,2931
2,111.0,25206,2931
2,112.0,25041,2931
2,113.0,28518,2931
2,114.0,28417,2931
2,115.0,28417,2931
2,116.0,28338,2931
2,117.0,20741,2931
2,118.0,20741,2931
2,119.0,20741,2931
2,120.0,20741,2931
2,121.0,20741,2931
2,122.0,20741,2931
2,123.0,20741,2931
2,124.0,20741,2931
2,125.0,20741,2931
2,126.0,20741,2931
2,127.0,20741,2931
2,128.0,20741,2931
2,129.0,20741,2931
2,130.0,20741,2931
2,131.0,20741,2931
2,132.0,20741,2931
2,133.0,20741,2931
2,134.0,20741,2931
2,135.0,20741,2931
2,136.0,20741,2931
2,137.0,20741,2931
2,138.0,20741,2931
2,139.0,20741,2931
2,140.0,20741,2931
2,141.0,20741,2931
2,142.0,20741,2931
2,143.0,20741,2931
2,144.0,20741,2931
2,145.0,20741,2931
2,146.0,20741,2931
2,147.0,20741,2931
2,148.0,20741,2931
2,149.0,20741,2931
2,150.0,20741,2931
2,151.0,20741,2931
2,152.0,20741,2931
2,153.0,20741,2931
2,154.0,20741,2931
2,155.0,20741,2931
2,156.0,20741,2931
2,157.0,20741,2931
2,158.0,20741,2931
2,159.0,20741,2931
2,160.0,20741,2931
2,161.0,20741,2931
2,162.0,20741,2931
2,163.0,20741,2931
2,164.0,20741,2931
2,165.0,20741,2931
2,166.0,20741,2931
4,1.0,390,140
4,2.0,390,140
4,3.0,390,140
4,4.0,390,140
4,5.0,390,140
4,6.0,390,140
4,7.0,390,140
4,8.0,390,140
4,9.0,390,140
4,10.0,390,140
4,11.0,390,140
4,12.0,390,140
4,13.0,390,140
4,14.0,390,140
4,15.0,390,140
4,16.0,390,140
4,17.0,390,140
4,18.0,390,140
4,19.0,390,140
4,20.0,390,140
4,21.0,390,140
4,22.0,390,140
4,23.0,390,140
4,24.0,390,140
4,25.0,390,140
4,26.0,390,153
4,27.0,521,153
4,28.0,521,153
4,29.0,750,153
4,30.0,750,153
4,31.0,750,153
4,32.0,750,153
4,33.0,750,153
4,34.0,750,153
4,35.0,1171,153
4,36.0,1171,153
4,37.0,1171,153
4,38.0,1455,153
4,39.0,1455,153
4,40.0,1455,153
4,41.0,1455,153
4,42.0,1455,153
4,43.0,1455,153
4,44.0,1455,153
4,45.0,1455,613
4,46.0,1455,613
4,47.0,1455,613
4,48.0,1908,613
4,49.0,2328,613
4,50.0,2328,613
4,51.0,2328,613
4,52.0,2882,613
4,53.0,3456,613
4,54.0,4011,613
4,55.0,4551,613
4,56.0,4465,613
4,57.0,4465,613
4,58.0,4348,613
4,59.0,4348,613
4,60.0,4788,613
4,61.0,4788,613
4,62.0,5426,613
4,63.0,5426,613
4,64.0,5426,613
4,65.0,5426,613
4,66.0,5426,613
4,67.0,5426,613
4,68.0,5426,613
4,69.0,6214,613
4,70.0,6214,879
4,71.0,6987,879
4,72.0,6987,1153
4,73.0,6987,1153
4,74.0,6987,1153
4,75.0,6948,1153
4,76.0,6854,1153
4,77.0,6762,1153
4,78.0,6762,1153
4,79.0,9225,1153
4,80.0,12026,1153
4,81.0,11969,1542
4,82.0,11969,1542
4,83.0,11969,1542
4,84.0,10921,1542
4,85.0,10921,1542
4,86.0,10856,1542
4,87.0,10856,1542
4,88.0,10779,1542
4,89.0,10779,1542
4,90.0,10635,1542
4,91.0,10635,1542
4,92.0,10580,1542
4,93.0,10580,1542
4,94.0,10517,1542
4,95.0,8997,1542
4,96.0,8970,1542
4,97.0,8970,1542
4,98.0,8970,1542
4,99.0,8970,1542
4,100.0,8970,1542
4,101.0,12645,1542
4,102.0,17038,1542
4,103.0,16984,1542
4,104.0,21195,2666
4,105.0,25447,2666
4,106.0,25344,2666
4,107.0,25281,2666
4,108.0,25138,2666
4,109.0,24962,2666
4,110.0,24797,2666
4,111.0,24643,2666
4,112.0,24501,2666
4,113.0,27948,2666
4,114.0,27861,2666
4,115.0,27861,2666
4,116.0,27760,2666
4,117.0,20260,2666
4,118.0,20260,2666
4,119.0,20260,2666
4,120.0,20260,2666
4,121.0,20260,2666
4,122.0,20260,2666
4,123.0,20260,2666
4,124.0,20260,2666
4,125.0,20260,2666
4,126.0,20260,2666
4,127.0,20260,2666
4,128.0,20260,2666
4,129.0,20260,2666
4,130.0,20260,2666
4,131.0,20260,2666
4,132.0,20260,2666
4,133.0,20260,2666
4,134.0,20260,2666
4,135.0,20260,2666
4,136.0,20260,2666
4,137.0,20260,2666
4,138.0,20260,2666
4,139.0,20260,2666
4,140.0,20260,2666
4,141.0,20260,2666
4,142.0,20260,2666
4,143.0,20260,2666
4,144.0,20260,2666
4,145.0,20260,2666
4,146.0,20260,2666
4,147.0,20260,2666
4,148.0,20260,2666
4,149.0,20260,2666
4,150.0,20260,2666
4,151.0,20260,2666
4,152.0,20260,2666
4,153.0,20260,2666
4,154.0,20260,2666
4,155.0,20260,2666
4,156.0,20260,2666
4,157.0,20260,2666
4,158.0,20260,2666
4,159.0,20260,2666
4,160.0,20260,2666
4,161.0,20260,2666
4,162.0,20260,2666
4,163.0,20260,2666
4,164.0,20260,2666
4,165.0,20260,2666
4,166.0,20260,2666
6,1.0,390,140
6,2.0,390,140
6,3.0,390,140
6,4.0,390,140
6,5.0,390,140
6,6.0,390,140
6,7.0,390,140
6,8.0,390,140
6,9.0,390,140
6,10.0,390,140
6,11.0,390,140
6,12.0,390,140
6,13.0,390,140
6,14.0,390,140
6,15.0,390,140
6,16.0,390,140
6,17.0,390,140
6,18.0,390,140
6,19.0,390,140
6,20.0,390,140
6,21.0,390,140
6,22.0,390,140
6,23.0,390,140
6,24.0,390,140
6,25.0,390,140
6,26.0,390,144
6,27.0,546,144
6,28.0,546,144
6,29.0,750,144
6,30.0,750,144
6,31.0,750,144
6,32.0,750,144
6,33.0,750,144
6,34.0,750,144
6,35.0,1173,144
6,36.0,1173,144
6,37.0,1173,144
6,38.0,1453,144
6,39.0,1453,144
6,40.0,1453,144
6,41.0,1453,144
6,42.0,1453,144
6,43.0,1453,144
6,44.0,1453,144
6,45.0,1453,598
6,46.0,1453,598
6,47.0,1453,598
6,48.0,1896,598
6,49.0,2356,598
6,50.0,2356,598
6,51.0,2356,598
6,52.0,2914,598
6,53.0,3442,598
6,54.0,4001,598
6,55.0,4529,598
6,56.0,4424,598
6,57.0,4424,598
6,58.0,4329,598
6,59.0,4329,598
6,60.0,4794,598
6,61.0,4794,598
6,62.0,5417,598
6,63.0,5417,598
6,64.0,5417,598
6,65.0,5417,598
6,66.0,5417,598
6,67.0,5417,598
6,68.0,5417,598
6,69.0,6195,598
6,70.0,6195,875
6,71.0,6980,875
6,72.0,6980,1166
6,73.0,6980,1166
6,74.0,6980,1166
6,75.0,6937,1166
6,76.0,6846,1166
6,77.0,6754,1166
6,78.0,6754,1166
6,79.0,9216,1166
6,80.0,12028,1166
6,81.0,11985,1508
6,82.0,11985,1508
6,83.0,11985,1508
6,84.0,10926,1508
6,85.0,10926,1508
6,86.0,10851,1508
6,87.0,10851,1508
6,88.0,10770,1508
6,89.0,10770,1508
6,90.0,10642,1508
6,91.0,10642,1508
6,92.0,10594,1508
6,93.0,10594,1508
6,94.0,10538,1508
6,95.0,9043,1508
6,96.0,9005,1508
6,97.0,9005,1508
6,98.0,9005,1508
6,99.0,9005,1508
6,100.0,9005,1508
6,101.0,12699,1508
6,102.0,17206,1508
6,103.0,17142,1508
6,104.0,21392,2575
6,105.0,25640,2575
6,106.0,25547,2575
6,107.0,25475,2575
6,108.0,25330,2575
6,109.0,25154,2575
6,110.0,24963,2575
6,111.0,24833,2575
6,112.0,24675,2575
6,113.0,28231,2575
6,114.0,28126,2575
6,115.0,28126,2575
6,116.0,28009,2575
6,117.0,20372,2575
6,118.0,20372,2575
6,119.0,20372,2575
6,120.0,20372,2575
6,121.0,20372,2575
6,122.0,20372,2575
6,123.0,20372,2575
6,124.0,20372,2575
6,125.0,20372,2575
6,126.0,20372,2575
6,127.0,20372,2575
6,128.0,20372,2575
6,129.0,20372,2575
6,130.0,20372,2575
6,131.0,20372,2575
6,132.0,20372,2575
6,133.0,20372,2575
6,134.0,20372,2575
6,135.0,20372,2575
6,136.0,20372,2575
6,137.0,20372,2575
6,138.0,20372,2575
6,139.0,20372,2575
6,140.0,20372,2575
6,141.0,20372,2575
6,142.0,20372,2575
6,143.0,20372,2575
6,144.0,20372,2575
6,145.0,20372,2575
6,146.0,20372,2575
6,147.0,20372,2575
6,148.0,20372,2575
6,149.0,20372,2575
6,150.0,20372,2575
6,151.0,20372,2575
6,152.0,20372,2575
6,153.0,20372,2575
6,154.0,20372,2575
6,155.0,20372,2575
6,156.0,20372,2575
6,157.0,20372,2575
6,158.0,20372,2575
6,159.0,20372,2575
6,160.0,20372,2575
6,161.0,20372,2575
6,162.0,20372,2575
6,163.0,20372,2575
6,164.0,20372,2575
6,165.0,20372,2575
6,166.0,20372,2575
8,1.0,390,140
8,2.0,390,140
8,3.0,390,140
8,4.0,390,140
8,5.0,390,140
8,6.0,390,140
8,7.0,390,140
8,8.0,390,140
8,9.0,390,140
8,10.0,390,140
8,11.0,390,140
8,12.0,390,140
8,13.0,390,140
8,14.0,390,140
8,15.0,390,140
8,16.0,390,140
8,17.0,390,140
8,18.0,390,140
8,19.0,390,140
8,20.0,390,140
8,21.0,390,140
8,22.0,390,140
8,23.0,390,140
8,24.0,390,140
8,25.0,390,140
8,26.0,390,146
8,27.0,543,146
8,28.0,543,146
8,29.0,740,146
8,30.0,740,146
8,31.0,740,146
8,32.0,740,146
8,33.0,740,146
8,34.0,740,146
8,35.0,1172,146
8,36.0,1172,146
8,37.0,1172,146
8,38.0,1453,146
8,39.0,1453,146
8,40.0,1453,146
8,41.0,1453,146
8,42.0,1453,146
8,43.0,1453,146
8,44.0,1453,146
8,45.0,1453,598
8,46.0,1453,598
8,47.0,1453,598
8,48.0,1874,598
8,49.0,2303,598
8,50.0,2303,598
8,51.0,2303,598
8,52.0,2830,598
8,53.0,3399,598
8,54.0,3921,598
8,55.0,4415,598
8,56.0,4320,598
8,57.0,4320,598
8,58.0,4228,598
8,59.0,4228,598
8,60.0,4676,598
8,61.0,4676,598
8,62.0,5306,598
8,63.0,5306,598
8,64.0,5306,598
8,65.0,5306,598
8,66.0,5306,598
8,67.0,5306,598
8,68.0,5306,598
8,69.0,6067,598
8,70.0,6067,828
8,71.0,6830,828
8,72.0,6830,1099
8,73.0,6830,1099
8,74.0,6830,1099
8,75.0,6796,1099
8,76.0,6717,1099
8,77.0,6621,1099
8,78.0,6621,1099
8,79.0,9080,1099
8,80.0,11869,1099
8,81.0,11821,1531
8,82.0,11821,1531
8,83.0,11821,1531
8,84.0,10834,1531
8,85.0,10834,1531
8,86.0,10747,1531
8,87.0,10747,1531
8,88.0,10660,1531
8,89.0,10660,1531
8,90.0,10524,1531
8,91.0,10524,1531
8,92.0,10466,1531
8,93.0,10466,1531
8,94.0,10423,1531
8,95.0,8968,1531
8,96.0,8935,1531
8,97.0,8935,1531
8,98.0,8935,1531
8,99.0,8935,1531
8,100.0,8935,1531
8,101.0,12602,1531
8,102.0,17015,1531
8,103.0,16969,1531
8,104.0,21237,2792
8,105.0,25370,2792
8,106.0,25259,2792
8,107.0,25196,2792
8,108.0,25069,2792
8,109.0,24882,2792
8,110.0,24716,2792
8,111.0,24579,2792
8,112.0,24422,2792
8,113.0,27855,2792
8,114.0,27745,2792
8,115.0,27745,2792
8,116.0,27637,2792
8,117.0,19960,2792
8,118.0,19960,2792
8,119.0,19960,2792
8,120.0,19960,2792
8,121.0,19960,2792
8,122.0,19960,2792
8,123.0,19960,2792
8,124.0,19960,2792
8,125.0,19960,2792
8,126.0,19960,2792
8,127.0,19960,2792
8,128.0,19960,2792
8,129.0,19960,2792
8,130.0,19960,2792
8,131.0,19960,2792
8,132.0,19960,2792
8,133.0,19960,2792
8,134.0,19960,2792
8,135.0,19960,2792
8,136.0,19960,2792
8,137.0,19960,2792
8,138.0,19960,2792
8,139.0,19960,2792
8,140.0,19960,2792
8,141.0,19960,2792
8,142.0,19960,2792
8,143.0,19960,2792
8,144.0,19960,2792
8,145.0,19960,2792
8,146.0,19960,2792
8,147.0,19960,2792
8,148.0,19960,2792
8,149.0,19960,2792
8,150.0,19960,2792
8,151.0,19960,2792
8,152.0,19960,2792
8,153.0,19960,2792
8,154.0,19960,2792
8,155.0,19960,2792
8,156.0,19960,2792
8,157.0,19960,2792
8,158.0,19960,2792
8,159.0,19960,2792
8,160.0,19960,2792
8,161.0,19960,2792
8,162.0,19960,2792
8,163.0,19960,2792
8,164.0,19960,2792
8,165.0,19960,2792
8,166.0,19960,2792
10,1.0,390,140
10,2.0,390,140
10,3.0,390,140
10,4.0,390,140
10,5.0,390,140
10,6.0,390,140
10,7.0,390,140
10,8.0,390,140
10,9.0,390,140
10,10.0,390,140
10,11.0,390,140
10,12.0,390,140
10,13.0,390,140
10,14.0,390,140
10,15.0,390,140
10,16.0,390,140
10,17.0,390,140
10,18.0,390,140
10,19.0,390,140
10,20.0,390,140
10,21.0,390,140
10,22.0,390,140
10,23.0,390,140
10,24.0,390,140
10,25.0,390,140
10,26.0,390,155
10,27.0,538,155
10,28.0,538,155
10,29.0,743,155
10,30.0,743,155
10,31.0,743,155
10,32.0,743,155
10,33.0,743,155
10,34.0,743,155
10,35.0,1164,155
10,36.0,1164,155
10,37.0,1164,155
10,38.0,1463,155
10,39.0,1463,155
10,40.0,1463,155
10,41.0,1463,155
10,42.0,1463,155
10,43.0,1463,155
10,44.0,1463,155
10,45.0,1463,582
10,46.0,1463,582
10,47.0,1463,582
10,48.0,1882,582
10,49.0,2310,582
10,50.0,2310,582
10,51.0,2310,582
10,52.0,2826,582
10,53.0,3376,582
10,54.0,3918,582
10,55.0,4413,582
10,56.0,4321,582
10,57.0,4321,582
10,58.0,4228,582
10,59.0,4228,582
10,60.0,4677,582
10,61.0,4677,582
10,62.0,5276,582
10,63.0,5276,582
10,64.0,5276,582
10,65.0,5276,582
10,66.0,5276,582
10,67.0,5276,582
10,68.0,5276,582
10,69.0,6040,582
10,70.0,6040,807
10,71.0,6792,807
10,72.0,6792,1083
10,73.0,6792,1083
10,74.0,6792,1083
10,75.0,6759,1083
10,76.0,6665,1083
10,77.0,6581,1083
10,78.0,6581,1083
10,79.0,8931,1083
10,80.0,11734,1083
10,81.0,11680,1442
10,82.0,11680,1442
10,83.0,11680,1442
10,84.0,10671,1442
10,85.0,10671,1442
10,86.0,10581,1442
10,87.0,10581,1442
10,88.0,10503,1442
10,89.0,10503,1442
10,90.0,10368,1442
10,91.0,10368,1442
10,92.0,10317,1442
10,93.0,10317,1442
10,94.0,10256,1442
10,95.0,8736,1442
10,96.0,8700,1442
10,97.0,8700,1442
10,98.0,8700,1442
10,99.0,8700,1442
10,100.0,8700,1442
10,101.0,12262,1442
10,102.0,16482,1442
10,103.0,16418,1442
10,104.0,20652,2556
10,105.0,24741,2556
10,106.0,24635,2556
10,107.0,24572,2556
10,108.0,24429,2556
10,109.0,24267,2556
10,110.0,24106,2556
10,111.0,23971,2556
10,112.0,23819,2556
10,113.0,27129,2556
10,114.0,27047,2556
10,115.0,27047,2556
10,116.0,26948,2556
10,117.0,19617,2556
10,118.0,19617,2556
10,119.0,19617,2556
10,120.0,19617,2556
10,121.0,19617,2556
10,122.0,19617,2556
10,123.0,19617,2556
10,124.0,19617,2556
10,125.0,19617,2556
10,126.0,19617,2556
10,127.0,19617,2556
10,128.0,19617,2556
10,129.0,19617,2556
10,130.0,19617,2556
10,131.0,19617,2556
10,132.0,19617,2556
10,133.0,19617,2556
10,134.0,19617,2556
10,135.0,19617,2556
10,136.0,19617,2556
10,137.0,19617,2556
10,138.0,19617,2556
10,139.0,19617,2556
10,140.0,19617,2556
10,141.0,19617,2556
10,142.0,19617,2556
10,143.0,19617,2556
10,144.0,19617,2556
10,145.0,19617,2556
10,146.0,19617,2556
10,147.0,19617,2556
10,148.0,19617,2556
10,149.0,19617,2556
10,150.0,19617,2556
10,151.0,19617,2556
10,152.0,19617,2556
10,153.0,19617,2556
10,154.0,19617,2556
10,155.0,19617,2556
10,156.0,19617,2556
10,157.0,19617,2556
10,158.0,19617,2556
10,159.0,19617,2556
10,160.0,19617,2556
10,161.0,19617,2556
10,162.0,19617,2556
10,163.0,19617,2556
10,164.0,19617,2556
10,165.0,19617,2556
10,166.0,19617,2556
