"run","tick","GRCount","STCount"
1,1.0,20,501
1,2.0,20,501
1,3.0,20,501
1,4.0,20,501
1,5.0,20,501
1,6.0,20,501
1,7.0,20,501
1,8.0,20,501
1,9.0,20,501
1,10.0,20,501
1,11.0,20,501
1,12.0,20,501
1,13.0,20,501
1,14.0,20,501
1,15.0,20,501
1,16.0,20,501
1,17.0,20,501
1,18.0,20,501
1,19.0,20,501
1,20.0,20,501
1,21.0,20,501
1,22.0,20,501
1,23.0,20,501
1,24.0,20,501
1,25.0,20,501
1,26.0,20,501
1,27.0,20,501
1,28.0,20,501
1,29.0,24,501
1,30.0,24,501
1,31.0,24,501
1,32.0,24,501
1,33.0,24,501
1,34.0,24,501
1,35.0,30,501
1,36.0,30,501
1,37.0,30,501
1,38.0,36,501
1,39.0,36,501
1,40.0,36,501
1,41.0,36,501
1,42.0,36,501
1,43.0,36,501
1,44.0,36,501
1,45.0,36,566
1,46.0,36,566
1,47.0,36,566
1,48.0,39,566
1,49.0,41,566
1,50.0,41,566
1,51.0,41,566
1,52.0,52,566
1,53.0,54,566
1,54.0,54,566
1,55.0,56,566
1,56.0,56,566
1,57.0,56,566
1,58.0,56,566
1,59.0,56,566
1,60.0,59,566
1,61.0,59,566
1,62.0,59,566
1,63.0,59,566
1,64.0,59,566
1,65.0,59,566
1,66.0,59,566
1,67.0,59,566
1,68.0,59,566
1,69.0,66,566
1,70.0,66,633
1,71.0,70,633
1,72.0,70,699
1,73.0,70,699
1,74.0,70,699
1,75.0,70,699
1,76.0,70,699
1,77.0,70,699
1,78.0,70,699
1,79.0,79,699
1,80.0,83,699
1,81.0,83,755
1,82.0,83,755
1,83.0,83,755
1,84.0,83,755
1,85.0,83,755
1,86.0,83,755
1,87.0,60,755
1,88.0,60,755
1,89.0,60,755
1,90.0,60,755
1,91.0,60,755
1,92.0,60,755
1,93.0,60,755
1,94.0,60,755
1,95.0,60,755
1,96.0,60,755
1,97.0,60,755
1,98.0,42,755
1,99.0,42,755
1,100.0,42,755
1,101.0,52,755
1,102.0,57,755
1,103.0,57,755
1,104.0,38,842
1,105.0,38,842
1,106.0,38,842
1,107.0,38,842
1,108.0,38,842
1,109.0,38,842
1,110.0,38,842
1,111.0,38,842
1,112.0,38,842
1,113.0,38,842
1,114.0,38,842
1,115.0,38,842
1,116.0,38,842
1,117.0,38,842
1,118.0,38,842
1,119.0,38,842
1,120.0,21,842
1,121.0,21,842
1,122.0,21,842
1,123.0,21,842
1,124.0,21,842
1,125.0,21,842
1,126.0,21,842
1,127.0,21,842
1,128.0,21,842
1,129.0,21,842
1,130.0,21,842
1,131.0,21,842
1,132.0,21,842
1,133.0,21,842
1,134.0,21,842
1,135.0,21,842
1,136.0,21,842
1,137.0,21,842
1,138.0,21,842
1,139.0,21,842
1,140.0,21,842
1,141.0,21,842
1,142.0,21,842
1,143.0,21,842
1,144.0,21,842
1,145.0,21,842
1,146.0,21,842
1,147.0,21,842
1,148.0,21,842
1,149.0,21,842
1,150.0,21,842
1,151.0,21,842
1,152.0,21,842
1,153.0,21,842
1,154.0,21,842
1,155.0,21,842
1,156.0,21,842
1,157.0,21,842
1,158.0,21,842
1,159.0,21,842
1,160.0,21,842
1,161.0,21,842
1,162.0,21,842
1,163.0,21,842
1,164.0,21,842
1,165.0,21,842
1,166.0,21,842
3,1.0,20,501
3,2.0,20,501
3,3.0,20,501
3,4.0,20,501
3,5.0,20,501
3,6.0,20,501
3,7.0,20,501
3,8.0,20,501
3,9.0,20,501
3,10.0,20,501
3,11.0,20,501
3,12.0,20,501
3,13.0,20,501
3,14.0,20,501
3,15.0,20,501
3,16.0,20,501
3,17.0,20,501
3,18.0,20,501
3,19.0,20,501
3,20.0,20,501
3,21.0,20,501
3,22.0,20,501
3,23.0,20,501
3,24.0,20,501
3,25.0,20,501
3,26.0,20,501
3,27.0,21,501
3,28.0,21,501
3,29.0,22,501
3,30.0,22,501
3,31.0,22,501
3,32.0,22,501
3,33.0,22,501
3,34.0,22,501
3,35.0,22,501
3,36.0,22,501
3,37.0,22,501
3,38.0,27,501
3,39.0,27,501
3,40.0,27,501
3,41.0,27,501
3,42.0,27,501
3,43.0,27,501
3,44.0,27,501
3,45.0,27,562
3,46.0,27,562
3,47.0,27,562
3,48.0,31,562
3,49.0,33,562
3,50.0,33,562
3,51.0,33,562
3,52.0,41,562
3,53.0,43,562
3,54.0,43,562
3,55.0,47,562
3,56.0,47,562
3,57.0,47,562
3,58.0,47,562
3,59.0,47,562
3,60.0,50,562
3,61.0,50,562
3,62.0,50,562
3,63.0,50,562
3,64.0,50,562
3,65.0,50,562
3,66.0,50,562
3,67.0,50,562
3,68.0,50,562
3,69.0,56,562
3,70.0,56,629
3,71.0,58,629
3,72.0,58,681
3,73.0,58,681
3,74.0,58,681
3,75.0,58,681
3,76.0,58,681
3,77.0,58,681
3,78.0,58,681
3,79.0,64,681
3,80.0,66,681
3,81.0,66,742
3,82.0,66,742
3,83.0,66,742
3,84.0,66,742
3,85.0,66,742
3,86.0,66,742
3,87.0,50,742
3,88.0,50,742
3,89.0,50,742
3,90.0,50,742
3,91.0,50,742
3,92.0,50,742
3,93.0,50,742
3,94.0,50,742
3,95.0,50,742
3,96.0,50,742
3,97.0,50,742
3,98.0,33,742
3,99.0,33,742
3,100.0,33,742
3,101.0,43,742
3,102.0,48,742
3,103.0,48,742
3,104.0,28,840
3,105.0,29,840
3,106.0,29,840
3,107.0,29,840
3,108.0,29,840
3,109.0,29,840
3,110.0,29,840
3,111.0,29,840
3,112.0,29,840
3,113.0,31,840
3,114.0,31,840
3,115.0,31,840
3,116.0,31,840
3,117.0,31,840
3,118.0,31,840
3,119.0,31,840
3,120.0,21,840
3,121.0,21,840
3,122.0,21,840
3,123.0,21,840
3,124.0,21,840
3,125.0,21,840
3,126.0,21,840
3,127.0,21,840
3,128.0,21,840
3,129.0,21,840
3,130.0,21,840
3,131.0,21,840
3,132.0,21,840
3,133.0,21,840
3,134.0,21,840
3,135.0,21,840
3,136.0,21,840
3,137.0,21,840
3,138.0,21,840
3,139.0,21,840
3,140.0,21,840
3,141.0,21,840
3,142.0,21,840
3,143.0,21,840
3,144.0,21,840
3,145.0,21,840
3,146.0,21,840
3,147.0,21,840
3,148.0,21,840
3,149.0,21,840
3,150.0,21,840
3,151.0,21,840
3,152.0,21,840
3,153.0,21,840
3,154.0,21,840
3,155.0,21,840
3,156.0,21,840
3,157.0,21,840
3,158.0,21,840
3,159.0,21,840
3,160.0,21,840
3,161.0,21,840
3,162.0,21,840
3,163.0,21,840
3,164.0,21,840
3,165.0,21,840
3,166.0,21,840
5,1.0,20,501
5,2.0,20,501
5,3.0,20,501
5,4.0,20,501
5,5.0,20,501
5,6.0,20,501
5,7.0,20,501
5,8.0,20,501
5,9.0,20,501
5,10.0,20,501
5,11.0,20,501
5,12.0,20,501
5,13.0,20,501
5,14.0,20,501
5,15.0,20,501
5,16.0,20,501
5,17.0,20,501
5,18.0,20,501
5,19.0,20,501
5,20.0,20,501
5,21.0,20,501
5,22.0,20,501
5,23.0,20,501
5,24.0,20,501
5,25.0,20,501
5,26.0,20,501
5,27.0,20,501
5,28.0,20,501
5,29.0,22,501
5,30.0,22,501
5,31.0,22,501
5,32.0,22,501
5,33.0,22,501
5,34.0,22,501
5,35.0,27,501
5,36.0,27,501
5,37.0,27,501
5,38.0,32,501
5,39.0,32,501
5,40.0,32,501
5,41.0,32,501
5,42.0,32,501
5,43.0,32,501
5,44.0,32,501
5,45.0,32,562
5,46.0,32,562
5,47.0,32,562
5,48.0,36,562
5,49.0,36,562
5,50.0,36,562
5,51.0,36,562
5,52.0,38,562
5,53.0,39,562
5,54.0,39,562
5,55.0,42,562
5,56.0,42,562
5,57.0,42,562
5,58.0,42,562
5,59.0,42,562
5,60.0,44,562
5,61.0,44,562
5,62.0,44,562
5,63.0,44,562
5,64.0,44,562
5,65.0,44,562
5,66.0,44,562
5,67.0,44,562
5,68.0,44,562
5,69.0,51,562
5,70.0,51,624
5,71.0,58,624
5,72.0,58,683
5,73.0,58,683
5,74.0,58,683
5,75.0,58,683
5,76.0,58,683
5,77.0,58,683
5,78.0,58,683
5,79.0,65,683
5,80.0,68,683
5,81.0,68,754
5,82.0,68,754
5,83.0,68,754
5,84.0,68,754
5,85.0,68,754
5,86.0,68,754
5,87.0,60,754
5,88.0,60,754
5,89.0,60,754
5,90.0,60,754
5,91.0,60,754
5,92.0,60,754
5,93.0,60,754
5,94.0,60,754
5,95.0,60,754
5,96.0,60,754
5,97.0,60,754
5,98.0,42,754
5,99.0,42,754
5,100.0,42,754
5,101.0,48,754
5,102.0,49,754
5,103.0,49,754
5,104.0,24,841
5,105.0,25,841
5,106.0,25,841
5,107.0,25,841
5,108.0,25,841
5,109.0,25,841
5,110.0,25,841
5,111.0,25,841
5,112.0,25,841
5,113.0,26,841
5,114.0,26,841
5,115.0,26,841
5,116.0,26,841
5,117.0,26,841
5,118.0,26,841
5,119.0,26,841
5,120.0,11,841
5,121.0,11,841
5,122.0,11,841
5,123.0,11,841
5,124.0,11,841
5,125.0,11,841
5,126.0,11,841
5,127.0,11,841
5,128.0,11,841
5,129.0,11,841
5,130.0,11,841
5,131.0,11,841
5,132.0,11,841
5,133.0,11,841
5,134.0,11,841
5,135.0,11,841
5,136.0,11,841
5,137.0,11,841
5,138.0,11,841
5,139.0,11,841
5,140.0,11,841
5,141.0,11,841
5,142.0,11,841
5,143.0,11,841
5,144.0,11,841
5,145.0,11,841
5,146.0,11,841
5,147.0,11,841
5,148.0,11,841
5,149.0,11,841
5,150.0,11,841
5,151.0,11,841
5,152.0,11,841
5,153.0,11,841
5,154.0,11,841
5,155.0,11,841
5,156.0,11,841
5,157.0,11,841
5,158.0,11,841
5,159.0,11,841
5,160.0,11,841
5,161.0,11,841
5,162.0,11,841
5,163.0,11,841
5,164.0,11,841
5,165.0,11,841
5,166.0,11,841
7,1.0,20,501
7,2.0,20,501
7,3.0,20,501
7,4.0,20,501
7,5.0,20,501
7,6.0,20,501
7,7.0,20,501
7,8.0,20,501
7,9.0,20,501
7,10.0,20,501
7,11.0,20,501
7,12.0,20,501
7,13.0,20,501
7,14.0,20,501
7,15.0,20,501
7,16.0,20,501
7,17.0,20,501
7,18.0,20,501
7,19.0,20,501
7,20.0,20,501
7,21.0,20,501
7,22.0,20,501
7,23.0,20,501
7,24.0,20,501
7,25.0,20,501
7,26.0,20,501
7,27.0,21,501
7,28.0,21,501
7,29.0,22,501
7,30.0,22,501
7,31.0,22,501
7,32.0,22,501
7,33.0,22,501
7,34.0,22,501
7,35.0,25,501
7,36.0,25,501
7,37.0,25,501
7,38.0,30,501
7,39.0,30,501
7,40.0,30,501
7,41.0,30,501
7,42.0,30,501
7,43.0,30,501
7,44.0,30,501
7,45.0,30,566
7,46.0,30,566
7,47.0,30,566
7,48.0,33,566
7,49.0,35,566
7,50.0,35,566
7,51.0,35,566
7,52.0,38,566
7,53.0,38,566
7,54.0,38,566
7,55.0,38,566
7,56.0,38,566
7,57.0,38,566
7,58.0,38,566
7,59.0,38,566
7,60.0,40,566
7,61.0,40,566
7,62.0,40,566
7,63.0,40,566
7,64.0,40,566
7,65.0,40,566
7,66.0,40,566
7,67.0,40,566
7,68.0,40,566
7,69.0,42,566
7,70.0,42,623
7,71.0,42,623
7,72.0,42,690
7,73.0,42,690
7,74.0,42,690
7,75.0,42,690
7,76.0,42,690
7,77.0,42,690
7,78.0,42,690
7,79.0,48,690
7,80.0,51,690
7,81.0,51,753
7,82.0,51,753
7,83.0,51,753
7,84.0,51,753
7,85.0,51,753
7,86.0,51,753
7,87.0,43,753
7,88.0,43,753
7,89.0,43,753
7,90.0,43,753
7,91.0,43,753
7,92.0,43,753
7,93.0,43,753
7,94.0,43,753
7,95.0,43,753
7,96.0,43,753
7,97.0,43,753
7,98.0,24,753
7,99.0,24,753
7,100.0,24,753
7,101.0,28,753
7,102.0,29,753
7,103.0,29,753
7,104.0,14,855
7,105.0,14,855
7,106.0,14,855
7,107.0,14,855
7,108.0,14,855
7,109.0,14,855
7,110.0,14,855
7,111.0,14,855
7,112.0,14,855
7,113.0,14,855
7,114.0,14,855
7,115.0,14,855
7,116.0,14,855
7,117.0,14,855
7,118.0,14,855
7,119.0,14,855
7,120.0,6,855
7,121.0,6,855
7,122.0,6,855
7,123.0,6,855
7,124.0,6,855
7,125.0,6,855
7,126.0,6,855
7,127.0,6,855
7,128.0,6,855
7,129.0,6,855
7,130.0,6,855
7,131.0,6,855
7,132.0,6,855
7,133.0,6,855
7,134.0,6,855
7,135.0,6,855
7,136.0,6,855
7,137.0,6,855
7,138.0,6,855
7,139.0,6,855
7,140.0,6,855
7,141.0,6,855
7,142.0,6,855
7,143.0,6,855
7,144.0,6,855
7,145.0,6,855
7,146.0,6,855
7,147.0,6,855
7,148.0,6,855
7,149.0,6,855
7,150.0,6,855
7,151.0,6,855
7,152.0,6,855
7,153.0,6,855
7,154.0,6,855
7,155.0,6,855
7,156.0,6,855
7,157.0,6,855
7,158.0,6,855
7,159.0,6,855
7,160.0,6,855
7,161.0,6,855
7,162.0,6,855
7,163.0,6,855
7,164.0,6,855
7,165.0,6,855
7,166.0,6,855
9,1.0,20,501
9,2.0,20,501
9,3.0,20,501
9,4.0,20,501
9,5.0,20,501
9,6.0,20,501
9,7.0,20,501
9,8.0,20,501
9,9.0,20,501
9,10.0,20,501
9,11.0,20,501
9,12.0,20,501
9,13.0,20,501
9,14.0,20,501
9,15.0,20,501
9,16.0,20,501
9,17.0,20,501
9,18.0,20,501
9,19.0,20,501
9,20.0,20,501
9,21.0,20,501
9,22.0,20,501
9,23.0,20,501
9,24.0,20,501
9,25.0,20,501
9,26.0,20,501
9,27.0,21,501
9,28.0,21,501
9,29.0,24,501
9,30.0,24,501
9,31.0,24,501
9,32.0,24,501
9,33.0,24,501
9,34.0,24,501
9,35.0,35,501
9,36.0,35,501
9,37.0,35,501
9,38.0,37,501
9,39.0,37,501
9,40.0,37,501
9,41.0,37,501
9,42.0,37,501
9,43.0,37,501
9,44.0,37,501
9,45.0,37,565
9,46.0,37,565
9,47.0,37,565
9,48.0,40,565
9,49.0,41,565
9,50.0,41,565
9,51.0,41,565
9,52.0,45,565
9,53.0,45,565
9,54.0,45,565
9,55.0,46,565
9,56.0,46,565
9,57.0,46,565
9,58.0,46,565
9,59.0,46,565
9,60.0,55,565
9,61.0,55,565
9,62.0,58,565
9,63.0,58,565
9,64.0,58,565
9,65.0,58,565
9,66.0,58,565
9,67.0,58,565
9,68.0,58,565
9,69.0,66,565
9,70.0,66,626
9,71.0,69,626
9,72.0,69,695
9,73.0,69,695
9,74.0,69,695
9,75.0,69,695
9,76.0,69,695
9,77.0,69,695
9,78.0,69,695
9,79.0,81,695
9,80.0,81,695
9,81.0,81,756
9,82.0,81,756
9,83.0,81,756
9,84.0,81,756
9,85.0,81,756
9,86.0,81,756
9,87.0,63,756
9,88.0,63,756
9,89.0,63,756
9,90.0,63,756
9,91.0,63,756
9,92.0,63,756
9,93.0,63,756
9,94.0,63,756
9,95.0,63,756
9,96.0,63,756
9,97.0,63,756
9,98.0,44,756
9,99.0,44,756
9,100.0,44,756
9,101.0,52,756
9,102.0,57,756
9,103.0,57,756
9,104.0,43,857
9,105.0,45,857
9,106.0,45,857
9,107.0,45,857
9,108.0,45,857
9,109.0,45,857
9,110.0,45,857
9,111.0,45,857
9,112.0,45,857
9,113.0,49,857
9,114.0,49,857
9,115.0,49,857
9,116.0,49,857
9,117.0,49,857
9,118.0,49,857
9,119.0,49,857
9,120.0,23,857
9,121.0,23,857
9,122.0,23,857
9,123.0,23,857
9,124.0,23,857
9,125.0,23,857
9,126.0,23,857
9,127.0,23,857
9,128.0,23,857
9,129.0,23,857
9,130.0,23,857
9,131.0,23,857
9,132.0,23,857
9,133.0,23,857
9,134.0,23,857
9,135.0,23,857
9,136.0,23,857
9,137.0,23,857
9,138.0,23,857
9,139.0,23,857
9,140.0,23,857
9,141.0,23,857
9,142.0,23,857
9,143.0,23,857
9,144.0,23,857
9,145.0,23,857
9,146.0,23,857
9,147.0,23,857
9,148.0,23,857
9,149.0,23,857
9,150.0,23,857
9,151.0,23,857
9,152.0,23,857
9,153.0,23,857
9,154.0,23,857
9,155.0,23,857
9,156.0,23,857
9,157.0,23,857
9,158.0,23,857
9,159.0,23,857
9,160.0,23,857
9,161.0,23,857
9,162.0,23,857
9,163.0,23,857
9,164.0,23,857
9,165.0,23,857
9,166.0,23,857
2,1.0,20,501
2,2.0,20,501
2,3.0,20,501
2,4.0,20,501
2,5.0,20,501
2,6.0,20,501
2,7.0,20,501
2,8.0,20,501
2,9.0,20,501
2,10.0,20,501
2,11.0,20,501
2,12.0,20,501
2,13.0,20,501
2,14.0,20,501
2,15.0,20,501
2,16.0,20,501
2,17.0,20,501
2,18.0,20,501
2,19.0,20,501
2,20.0,20,501
2,21.0,20,501
2,22.0,20,501
2,23.0,20,501
2,24.0,20,501
2,25.0,20,501
2,26.0,20,501
2,27.0,21,501
2,28.0,21,501
2,29.0,21,501
2,30.0,21,501
2,31.0,21,501
2,32.0,21,501
2,33.0,21,501
2,34.0,21,501
2,35.0,24,501
2,36.0,24,501
2,37.0,24,501
2,38.0,27,501
2,39.0,27,501
2,40.0,27,501
2,41.0,27,501
2,42.0,27,501
2,43.0,27,501
2,44.0,27,501
2,45.0,27,542
2,46.0,27,542
2,47.0,27,542
2,48.0,29,542
2,49.0,29,542
2,50.0,29,542
2,51.0,29,542
2,52.0,33,542
2,53.0,33,542
2,54.0,33,542
2,55.0,33,542
2,56.0,33,542
2,57.0,33,542
2,58.0,33,542
2,59.0,33,542
2,60.0,37,542
2,61.0,37,542
2,62.0,37,542
2,63.0,37,542
2,64.0,37,542
2,65.0,37,542
2,66.0,37,542
2,67.0,37,542
2,68.0,37,542
2,69.0,40,542
2,70.0,40,611
2,71.0,42,611
2,72.0,42,669
2,73.0,42,669
2,74.0,42,669
2,75.0,42,669
2,76.0,42,669
2,77.0,42,669
2,78.0,42,669
2,79.0,51,669
2,80.0,53,669
2,81.0,53,718
2,82.0,53,718
2,83.0,53,718
2,84.0,53,718
2,85.0,53,718
2,86.0,53,718
2,87.0,38,718
2,88.0,38,718
2,89.0,38,718
2,90.0,38,718
2,91.0,38,718
2,92.0,38,718
2,93.0,38,718
2,94.0,38,718
2,95.0,38,718
2,96.0,38,718
2,97.0,38,718
2,98.0,27,718
2,99.0,27,718
2,100.0,27,718
2,101.0,34,718
2,102.0,35,718
2,103.0,35,718
2,104.0,17,797
2,105.0,17,797
2,106.0,17,797
2,107.0,17,797
2,108.0,17,797
2,109.0,17,797
2,110.0,17,797
2,111.0,17,797
2,112.0,17,797
2,113.0,18,797
2,114.0,18,797
2,115.0,18,797
2,116.0,18,797
2,117.0,18,797
2,118.0,18,797
2,119.0,18,797
2,120.0,8,797
2,121.0,8,797
2,122.0,8,797
2,123.0,8,797
2,124.0,8,797
2,125.0,8,797
2,126.0,8,797
2,127.0,8,797
2,128.0,8,797
2,129.0,8,797
2,130.0,8,797
2,131.0,8,797
2,132.0,8,797
2,133.0,8,797
2,134.0,8,797
2,135.0,8,797
2,136.0,8,797
2,137.0,8,797
2,138.0,8,797
2,139.0,8,797
2,140.0,8,797
2,141.0,8,797
2,142.0,8,797
2,143.0,8,797
2,144.0,8,797
2,145.0,8,797
2,146.0,8,797
2,147.0,8,797
2,148.0,8,797
2,149.0,8,797
2,150.0,8,797
2,151.0,8,797
2,152.0,8,797
2,153.0,8,797
2,154.0,8,797
2,155.0,8,797
2,156.0,8,797
2,157.0,8,797
2,158.0,8,797
2,159.0,8,797
2,160.0,8,797
2,161.0,8,797
2,162.0,8,797
2,163.0,8,797
2,164.0,8,797
2,165.0,8,797
2,166.0,8,797
4,1.0,20,501
4,2.0,20,501
4,3.0,20,501
4,4.0,20,501
4,5.0,20,501
4,6.0,20,501
4,7.0,20,501
4,8.0,20,501
4,9.0,20,501
4,10.0,20,501
4,11.0,20,501
4,12.0,20,501
4,13.0,20,501
4,14.0,20,501
4,15.0,20,501
4,16.0,20,501
4,17.0,20,501
4,18.0,20,501
4,19.0,20,501
4,20.0,20,501
4,21.0,20,501
4,22.0,20,501
4,23.0,20,501
4,24.0,20,501
4,25.0,20,501
4,26.0,20,501
4,27.0,20,501
4,28.0,20,501
4,29.0,20,501
4,30.0,20,501
4,31.0,20,501
4,32.0,20,501
4,33.0,20,501
4,34.0,20,501
4,35.0,23,501
4,36.0,23,501
4,37.0,23,501
4,38.0,24,501
4,39.0,24,501
4,40.0,24,501
4,41.0,24,501
4,42.0,24,501
4,43.0,24,501
4,44.0,24,501
4,45.0,24,557
4,46.0,24,557
4,47.0,24,557
4,48.0,26,557
4,49.0,26,557
4,50.0,26,557
4,51.0,26,557
4,52.0,32,557
4,53.0,34,557
4,54.0,34,557
4,55.0,40,557
4,56.0,40,557
4,57.0,40,557
4,58.0,40,557
4,59.0,40,557
4,60.0,42,557
4,61.0,42,557
4,62.0,43,557
4,63.0,43,557
4,64.0,43,557
4,65.0,43,557
4,66.0,43,557
4,67.0,43,557
4,68.0,43,557
4,69.0,46,557
4,70.0,46,624
4,71.0,49,624
4,72.0,49,679
4,73.0,49,679
4,74.0,49,679
4,75.0,49,679
4,76.0,49,679
4,77.0,49,679
4,78.0,49,679
4,79.0,61,679
4,80.0,64,679
4,81.0,64,757
4,82.0,64,757
4,83.0,64,757
4,84.0,64,757
4,85.0,64,757
4,86.0,64,757
4,87.0,54,757
4,88.0,54,757
4,89.0,54,757
4,90.0,54,757
4,91.0,54,757
4,92.0,54,757
4,93.0,54,757
4,94.0,54,757
4,95.0,54,757
4,96.0,54,757
4,97.0,54,757
4,98.0,35,757
4,99.0,35,757
4,100.0,35,757
4,101.0,41,757
4,102.0,42,757
4,103.0,42,757
4,104.0,29,833
4,105.0,30,833
4,106.0,30,833
4,107.0,30,833
4,108.0,30,833
4,109.0,30,833
4,110.0,30,833
4,111.0,30,833
4,112.0,30,833
4,113.0,31,833
4,114.0,31,833
4,115.0,31,833
4,116.0,31,833
4,117.0,31,833
4,118.0,31,833
4,119.0,31,833
4,120.0,14,833
4,121.0,14,833
4,122.0,14,833
4,123.0,14,833
4,124.0,14,833
4,125.0,14,833
4,126.0,14,833
4,127.0,14,833
4,128.0,14,833
4,129.0,14,833
4,130.0,14,833
4,131.0,14,833
4,132.0,14,833
4,133.0,14,833
4,134.0,14,833
4,135.0,14,833
4,136.0,14,833
4,137.0,14,833
4,138.0,14,833
4,139.0,14,833
4,140.0,14,833
4,141.0,14,833
4,142.0,14,833
4,143.0,14,833
4,144.0,14,833
4,145.0,14,833
4,146.0,14,833
4,147.0,14,833
4,148.0,14,833
4,149.0,14,833
4,150.0,14,833
4,151.0,14,833
4,152.0,14,833
4,153.0,14,833
4,154.0,14,833
4,155.0,14,833
4,156.0,14,833
4,157.0,14,833
4,158.0,14,833
4,159.0,14,833
4,160.0,14,833
4,161.0,14,833
4,162.0,14,833
4,163.0,14,833
4,164.0,14,833
4,165.0,14,833
4,166.0,14,833
6,1.0,20,501
6,2.0,20,501
6,3.0,20,501
6,4.0,20,501
6,5.0,20,501
6,6.0,20,501
6,7.0,20,501
6,8.0,20,501
6,9.0,20,501
6,10.0,20,501
6,11.0,20,501
6,12.0,20,501
6,13.0,20,501
6,14.0,20,501
6,15.0,20,501
6,16.0,20,501
6,17.0,20,501
6,18.0,20,501
6,19.0,20,501
6,20.0,20,501
6,21.0,20,501
6,22.0,20,501
6,23.0,20,501
6,24.0,20,501
6,25.0,20,501
6,26.0,20,501
6,27.0,20,501
6,28.0,20,501
6,29.0,20,501
6,30.0,20,501
6,31.0,20,501
6,32.0,20,501
6,33.0,20,501
6,34.0,20,501
6,35.0,24,501
6,36.0,24,501
6,37.0,24,501
6,38.0,30,501
6,39.0,30,501
6,40.0,30,501
6,41.0,30,501
6,42.0,30,501
6,43.0,30,501
6,44.0,30,501
6,45.0,30,561
6,46.0,30,561
6,47.0,30,561
6,48.0,34,561
6,49.0,38,561
6,50.0,38,561
6,51.0,38,561
6,52.0,41,561
6,53.0,44,561
6,54.0,44,561
6,55.0,45,561
6,56.0,45,561
6,57.0,45,561
6,58.0,45,561
6,59.0,45,561
6,60.0,47,561
6,61.0,47,561
6,62.0,49,561
6,63.0,49,561
6,64.0,49,561
6,65.0,49,561
6,66.0,49,561
6,67.0,49,561
6,68.0,49,561
6,69.0,53,561
6,70.0,53,614
6,71.0,57,614
6,72.0,57,664
6,73.0,57,664
6,74.0,57,664
6,75.0,57,664
6,76.0,57,664
6,77.0,57,664
6,78.0,57,664
6,79.0,61,664
6,80.0,64,664
6,81.0,64,726
6,82.0,64,726
6,83.0,64,726
6,84.0,64,726
6,85.0,64,726
6,86.0,64,726
6,87.0,44,726
6,88.0,44,726
6,89.0,44,726
6,90.0,44,726
6,91.0,44,726
6,92.0,44,726
6,93.0,44,726
6,94.0,44,726
6,95.0,44,726
6,96.0,44,726
6,97.0,44,726
6,98.0,28,726
6,99.0,28,726
6,100.0,28,726
6,101.0,38,726
6,102.0,41,726
6,103.0,41,726
6,104.0,24,809
6,105.0,24,809
6,106.0,24,809
6,107.0,24,809
6,108.0,24,809
6,109.0,24,809
6,110.0,24,809
6,111.0,24,809
6,112.0,24,809
6,113.0,27,809
6,114.0,27,809
6,115.0,27,809
6,116.0,27,809
6,117.0,27,809
6,118.0,27,809
6,119.0,27,809
6,120.0,10,809
6,121.0,10,809
6,122.0,10,809
6,123.0,10,809
6,124.0,10,809
6,125.0,10,809
6,126.0,10,809
6,127.0,10,809
6,128.0,10,809
6,129.0,10,809
6,130.0,10,809
6,131.0,10,809
6,132.0,10,809
6,133.0,10,809
6,134.0,10,809
6,135.0,10,809
6,136.0,10,809
6,137.0,10,809
6,138.0,10,809
6,139.0,10,809
6,140.0,10,809
6,141.0,10,809
6,142.0,10,809
6,143.0,10,809
6,144.0,10,809
6,145.0,10,809
6,146.0,10,809
6,147.0,10,809
6,148.0,10,809
6,149.0,10,809
6,150.0,10,809
6,151.0,10,809
6,152.0,10,809
6,153.0,10,809
6,154.0,10,809
6,155.0,10,809
6,156.0,10,809
6,157.0,10,809
6,158.0,10,809
6,159.0,10,809
6,160.0,10,809
6,161.0,10,809
6,162.0,10,809
6,163.0,10,809
6,164.0,10,809
6,165.0,10,809
6,166.0,10,809
8,1.0,20,501
8,2.0,20,501
8,3.0,20,501
8,4.0,20,501
8,5.0,20,501
8,6.0,20,501
8,7.0,20,501
8,8.0,20,501
8,9.0,20,501
8,10.0,20,501
8,11.0,20,501
8,12.0,20,501
8,13.0,20,501
8,14.0,20,501
8,15.0,20,501
8,16.0,20,501
8,17.0,20,501
8,18.0,20,501
8,19.0,20,501
8,20.0,20,501
8,21.0,20,501
8,22.0,20,501
8,23.0,20,501
8,24.0,20,501
8,25.0,20,501
8,26.0,20,501
8,27.0,21,501
8,28.0,21,501
8,29.0,23,501
8,30.0,23,501
8,31.0,23,501
8,32.0,23,501
8,33.0,23,501
8,34.0,23,501
8,35.0,25,501
8,36.0,25,501
8,37.0,25,501
8,38.0,28,501
8,39.0,28,501
8,40.0,28,501
8,41.0,28,501
8,42.0,28,501
8,43.0,28,501
8,44.0,28,501
8,45.0,28,564
8,46.0,28,564
8,47.0,28,564
8,48.0,33,564
8,49.0,34,564
8,50.0,34,564
8,51.0,34,564
8,52.0,35,564
8,53.0,36,564
8,54.0,36,564
8,55.0,42,564
8,56.0,42,564
8,57.0,42,564
8,58.0,42,564
8,59.0,42,564
8,60.0,46,564
8,61.0,46,564
8,62.0,46,564
8,63.0,46,564
8,64.0,46,564
8,65.0,46,564
8,66.0,46,564
8,67.0,46,564
8,68.0,46,564
8,69.0,50,564
8,70.0,50,618
8,71.0,54,618
8,72.0,54,689
8,73.0,54,689
8,74.0,54,689
8,75.0,54,689
8,76.0,54,689
8,77.0,54,689
8,78.0,54,689
8,79.0,59,689
8,80.0,60,689
8,81.0,60,760
8,82.0,60,760
8,83.0,60,760
8,84.0,60,760
8,85.0,60,760
8,86.0,60,760
8,87.0,46,760
8,88.0,46,760
8,89.0,46,760
8,90.0,46,760
8,91.0,46,760
8,92.0,46,760
8,93.0,46,760
8,94.0,46,760
8,95.0,46,760
8,96.0,46,760
8,97.0,46,760
8,98.0,30,760
8,99.0,30,760
8,100.0,30,760
8,101.0,34,760
8,102.0,35,760
8,103.0,35,760
8,104.0,20,861
8,105.0,21,861
8,106.0,21,861
8,107.0,21,861
8,108.0,21,861
8,109.0,21,861
8,110.0,21,861
8,111.0,21,861
8,112.0,21,861
8,113.0,24,861
8,114.0,24,861
8,115.0,24,861
8,116.0,24,861
8,117.0,24,861
8,118.0,24,861
8,119.0,24,861
8,120.0,14,861
8,121.0,14,861
8,122.0,14,861
8,123.0,14,861
8,124.0,14,861
8,125.0,14,861
8,126.0,14,861
8,127.0,14,861
8,128.0,14,861
8,129.0,14,861
8,130.0,14,861
8,131.0,14,861
8,132.0,14,861
8,133.0,14,861
8,134.0,14,861
8,135.0,14,861
8,136.0,14,861
8,137.0,14,861
8,138.0,14,861
8,139.0,14,861
8,140.0,14,861
8,141.0,14,861
8,142.0,14,861
8,143.0,14,861
8,144.0,14,861
8,145.0,14,861
8,146.0,14,861
8,147.0,14,861
8,148.0,14,861
8,149.0,14,861
8,150.0,14,861
8,151.0,14,861
8,152.0,14,861
8,153.0,14,861
8,154.0,14,861
8,155.0,14,861
8,156.0,14,861
8,157.0,14,861
8,158.0,14,861
8,159.0,14,861
8,160.0,14,861
8,161.0,14,861
8,162.0,14,861
8,163.0,14,861
8,164.0,14,861
8,165.0,14,861
8,166.0,14,861
10,1.0,20,501
10,2.0,20,501
10,3.0,20,501
10,4.0,20,501
10,5.0,20,501
10,6.0,20,501
10,7.0,20,501
10,8.0,20,501
10,9.0,20,501
10,10.0,20,501
10,11.0,20,501
10,12.0,20,501
10,13.0,20,501
10,14.0,20,501
10,15.0,20,501
10,16.0,20,501
10,17.0,20,501
10,18.0,20,501
10,19.0,20,501
10,20.0,20,501
10,21.0,20,501
10,22.0,20,501
10,23.0,20,501
10,24.0,20,501
10,25.0,20,501
10,26.0,20,501
10,27.0,20,501
10,28.0,20,501
10,29.0,22,501
10,30.0,22,501
10,31.0,22,501
10,32.0,22,501
10,33.0,22,501
10,34.0,22,501
10,35.0,28,501
10,36.0,28,501
10,37.0,28,501
10,38.0,31,501
10,39.0,31,501
10,40.0,31,501
10,41.0,31,501
10,42.0,31,501
10,43.0,31,501
10,44.0,31,501
10,45.0,31,563
10,46.0,31,563
10,47.0,31,563
10,48.0,34,563
10,49.0,34,563
10,50.0,34,563
10,51.0,34,563
10,52.0,39,563
10,53.0,40,563
10,54.0,40,563
10,55.0,41,563
10,56.0,41,563
10,57.0,41,563
10,58.0,41,563
10,59.0,41,563
10,60.0,44,563
10,61.0,44,563
10,62.0,47,563
10,63.0,47,563
10,64.0,47,563
10,65.0,47,563
10,66.0,47,563
10,67.0,47,563
10,68.0,47,563
10,69.0,53,563
10,70.0,53,610
10,71.0,57,610
10,72.0,57,674
10,73.0,57,674
10,74.0,57,674
10,75.0,57,674
10,76.0,57,674
10,77.0,57,674
10,78.0,57,674
10,79.0,64,674
10,80.0,67,674
10,81.0,67,749
10,82.0,67,749
10,83.0,67,749
10,84.0,67,749
10,85.0,67,749
10,86.0,67,749
10,87.0,51,749
10,88.0,51,749
10,89.0,51,749
10,90.0,51,749
10,91.0,51,749
10,92.0,51,749
10,93.0,51,749
10,94.0,51,749
10,95.0,51,749
10,96.0,51,749
10,97.0,51,749
10,98.0,32,749
10,99.0,32,749
10,100.0,32,749
10,101.0,40,749
10,102.0,42,749
10,103.0,42,749
10,104.0,26,827
10,105.0,28,827
10,106.0,28,827
10,107.0,28,827
10,108.0,28,827
10,109.0,28,827
10,110.0,28,827
10,111.0,28,827
10,112.0,28,827
10,113.0,29,827
10,114.0,29,827
10,115.0,29,827
10,116.0,29,827
10,117.0,29,827
10,118.0,29,827
10,119.0,29,827
10,120.0,13,827
10,121.0,13,827
10,122.0,13,827
10,123.0,13,827
10,124.0,13,827
10,125.0,13,827
10,126.0,13,827
10,127.0,13,827
10,128.0,13,827
10,129.0,13,827
10,130.0,13,827
10,131.0,13,827
10,132.0,13,827
10,133.0,13,827
10,134.0,13,827
10,135.0,13,827
10,136.0,13,827
10,137.0,13,827
10,138.0,13,827
10,139.0,13,827
10,140.0,13,827
10,141.0,13,827
10,142.0,13,827
10,143.0,13,827
10,144.0,13,827
10,145.0,13,827
10,146.0,13,827
10,147.0,13,827
10,148.0,13,827
10,149.0,13,827
10,150.0,13,827
10,151.0,13,827
10,152.0,13,827
10,153.0,13,827
10,154.0,13,827
10,155.0,13,827
10,156.0,13,827
10,157.0,13,827
10,158.0,13,827
10,159.0,13,827
10,160.0,13,827
10,161.0,13,827
10,162.0,13,827
10,163.0,13,827
10,164.0,13,827
10,165.0,13,827
10,166.0,13,827
