"run","tick","GRCount","STCount"
1,1.0,14,420
1,2.0,14,420
1,3.0,14,420
1,4.0,14,420
1,5.0,14,420
1,6.0,14,420
1,7.0,14,420
1,8.0,14,420
1,9.0,14,420
1,10.0,14,420
1,11.0,14,420
1,12.0,14,420
1,13.0,14,420
1,14.0,14,420
1,15.0,14,420
1,16.0,14,420
1,17.0,14,420
1,18.0,14,420
1,19.0,14,420
1,20.0,14,420
1,21.0,14,420
1,22.0,14,420
1,23.0,14,420
1,24.0,14,420
1,25.0,14,420
1,26.0,14,420
1,27.0,17,420
1,28.0,17,420
1,29.0,17,420
1,30.0,17,420
1,31.0,17,420
1,32.0,17,420
1,33.0,17,420
1,34.0,17,420
1,35.0,22,420
1,36.0,22,420
1,37.0,22,420
1,38.0,24,420
1,39.0,24,420
1,40.0,24,420
1,41.0,24,420
1,42.0,24,420
1,43.0,24,420
1,44.0,24,420
1,45.0,24,463
1,46.0,24,463
1,47.0,24,463
1,48.0,28,463
1,49.0,28,463
1,50.0,28,463
1,51.0,28,463
1,52.0,30,463
1,53.0,32,463
1,54.0,32,463
1,55.0,32,463
1,56.0,32,463
1,57.0,32,463
1,58.0,32,463
1,59.0,32,463
1,60.0,32,463
1,61.0,32,463
1,62.0,32,463
1,63.0,32,463
1,64.0,32,463
1,65.0,32,463
1,66.0,32,463
1,67.0,32,463
1,68.0,32,463
1,69.0,33,463
1,70.0,33,511
1,71.0,36,511
1,72.0,36,555
1,73.0,36,555
1,74.0,36,555
1,75.0,36,555
1,76.0,36,555
1,77.0,36,555
1,78.0,36,555
1,79.0,39,555
1,80.0,39,555
1,81.0,39,626
1,82.0,39,626
1,83.0,39,626
1,84.0,33,626
1,85.0,33,626
1,86.0,33,626
1,87.0,33,626
1,88.0,33,626
1,89.0,33,626
1,90.0,33,626
1,91.0,33,626
1,92.0,33,626
1,93.0,33,626
1,94.0,33,626
1,95.0,26,626
1,96.0,26,626
1,97.0,26,626
1,98.0,26,626
1,99.0,26,626
1,100.0,26,626
1,101.0,17,626
1,102.0,18,626
1,103.0,18,626
1,104.0,20,721
1,105.0,20,721
1,106.0,20,721
1,107.0,20,721
1,108.0,20,721
1,109.0,20,721
1,110.0,20,721
1,111.0,20,721
1,112.0,20,721
1,113.0,20,721
1,114.0,20,721
1,115.0,20,721
1,116.0,20,721
1,117.0,5,721
1,118.0,5,721
1,119.0,5,721
1,120.0,5,721
1,121.0,5,721
1,122.0,5,721
1,123.0,5,721
1,124.0,5,721
1,125.0,5,721
1,126.0,5,721
1,127.0,5,721
1,128.0,5,721
1,129.0,5,721
1,130.0,5,721
1,131.0,5,721
1,132.0,5,721
1,133.0,5,721
1,134.0,5,721
1,135.0,5,721
1,136.0,5,721
1,137.0,5,721
1,138.0,5,721
1,139.0,5,721
1,140.0,5,721
1,141.0,5,721
1,142.0,5,721
1,143.0,5,721
1,144.0,5,721
1,145.0,5,721
1,146.0,5,721
1,147.0,5,721
1,148.0,5,721
1,149.0,5,721
1,150.0,5,721
1,151.0,5,721
1,152.0,5,721
1,153.0,5,721
1,154.0,5,721
1,155.0,5,721
1,156.0,5,721
1,157.0,5,721
1,158.0,5,721
1,159.0,5,721
1,160.0,5,721
1,161.0,5,721
1,162.0,5,721
1,163.0,5,721
1,164.0,5,721
1,165.0,5,721
1,166.0,5,721
3,1.0,14,420
3,2.0,14,420
3,3.0,14,420
3,4.0,14,420
3,5.0,14,420
3,6.0,14,420
3,7.0,14,420
3,8.0,14,420
3,9.0,14,420
3,10.0,14,420
3,11.0,14,420
3,12.0,14,420
3,13.0,14,420
3,14.0,14,420
3,15.0,14,420
3,16.0,14,420
3,17.0,14,420
3,18.0,14,420
3,19.0,14,420
3,20.0,14,420
3,21.0,14,420
3,22.0,14,420
3,23.0,14,420
3,24.0,14,420
3,25.0,14,420
3,26.0,14,420
3,27.0,15,420
3,28.0,15,420
3,29.0,16,420
3,30.0,16,420
3,31.0,16,420
3,32.0,16,420
3,33.0,16,420
3,34.0,16,420
3,35.0,20,420
3,36.0,20,420
3,37.0,20,420
3,38.0,24,420
3,39.0,24,420
3,40.0,24,420
3,41.0,24,420
3,42.0,24,420
3,43.0,24,420
3,44.0,24,420
3,45.0,24,466
3,46.0,24,466
3,47.0,24,466
3,48.0,26,466
3,49.0,28,466
3,50.0,28,466
3,51.0,28,466
3,52.0,28,466
3,53.0,28,466
3,54.0,28,466
3,55.0,28,466
3,56.0,28,466
3,57.0,28,466
3,58.0,28,466
3,59.0,28,466
3,60.0,28,466
3,61.0,28,466
3,62.0,28,466
3,63.0,28,466
3,64.0,28,466
3,65.0,28,466
3,66.0,28,466
3,67.0,28,466
3,68.0,28,466
3,69.0,30,466
3,70.0,30,516
3,71.0,31,516
3,72.0,31,569
3,73.0,31,569
3,74.0,31,569
3,75.0,31,569
3,76.0,31,569
3,77.0,31,569
3,78.0,31,569
3,79.0,34,569
3,80.0,37,569
3,81.0,37,633
3,82.0,37,633
3,83.0,37,633
3,84.0,28,633
3,85.0,28,633
3,86.0,28,633
3,87.0,28,633
3,88.0,28,633
3,89.0,28,633
3,90.0,28,633
3,91.0,28,633
3,92.0,28,633
3,93.0,28,633
3,94.0,28,633
3,95.0,20,633
3,96.0,20,633
3,97.0,20,633
3,98.0,20,633
3,99.0,20,633
3,100.0,20,633
3,101.0,12,633
3,102.0,12,633
3,103.0,12,633
3,104.0,15,721
3,105.0,15,721
3,106.0,15,721
3,107.0,15,721
3,108.0,15,721
3,109.0,15,721
3,110.0,15,721
3,111.0,15,721
3,112.0,15,721
3,113.0,15,721
3,114.0,15,721
3,115.0,15,721
3,116.0,15,721
3,117.0,6,721
3,118.0,6,721
3,119.0,6,721
3,120.0,6,721
3,121.0,6,721
3,122.0,6,721
3,123.0,6,721
3,124.0,6,721
3,125.0,6,721
3,126.0,6,721
3,127.0,6,721
3,128.0,6,721
3,129.0,6,721
3,130.0,6,721
3,131.0,6,721
3,132.0,6,721
3,133.0,6,721
3,134.0,6,721
3,135.0,6,721
3,136.0,6,721
3,137.0,6,721
3,138.0,6,721
3,139.0,6,721
3,140.0,6,721
3,141.0,6,721
3,142.0,6,721
3,143.0,6,721
3,144.0,6,721
3,145.0,6,721
3,146.0,6,721
3,147.0,6,721
3,148.0,6,721
3,149.0,6,721
3,150.0,6,721
3,151.0,6,721
3,152.0,6,721
3,153.0,6,721
3,154.0,6,721
3,155.0,6,721
3,156.0,6,721
3,157.0,6,721
3,158.0,6,721
3,159.0,6,721
3,160.0,6,721
3,161.0,6,721
3,162.0,6,721
3,163.0,6,721
3,164.0,6,721
3,165.0,6,721
3,166.0,6,721
5,1.0,14,420
5,2.0,14,420
5,3.0,14,420
5,4.0,14,420
5,5.0,14,420
5,6.0,14,420
5,7.0,14,420
5,8.0,14,420
5,9.0,14,420
5,10.0,14,420
5,11.0,14,420
5,12.0,14,420
5,13.0,14,420
5,14.0,14,420
5,15.0,14,420
5,16.0,14,420
5,17.0,14,420
5,18.0,14,420
5,19.0,14,420
5,20.0,14,420
5,21.0,14,420
5,22.0,14,420
5,23.0,14,420
5,24.0,14,420
5,25.0,14,420
5,26.0,14,420
5,27.0,15,420
5,28.0,15,420
5,29.0,16,420
5,30.0,16,420
5,31.0,16,420
5,32.0,16,420
5,33.0,16,420
5,34.0,16,420
5,35.0,17,420
5,36.0,17,420
5,37.0,17,420
5,38.0,21,420
5,39.0,21,420
5,40.0,21,420
5,41.0,21,420
5,42.0,21,420
5,43.0,21,420
5,44.0,21,420
5,45.0,21,471
5,46.0,21,471
5,47.0,21,471
5,48.0,22,471
5,49.0,22,471
5,50.0,22,471
5,51.0,22,471
5,52.0,23,471
5,53.0,23,471
5,54.0,23,471
5,55.0,23,471
5,56.0,23,471
5,57.0,23,471
5,58.0,23,471
5,59.0,23,471
5,60.0,23,471
5,61.0,23,471
5,62.0,23,471
5,63.0,23,471
5,64.0,23,471
5,65.0,23,471
5,66.0,23,471
5,67.0,23,471
5,68.0,23,471
5,69.0,23,471
5,70.0,23,525
5,71.0,24,525
5,72.0,24,578
5,73.0,24,578
5,74.0,24,578
5,75.0,24,578
5,76.0,24,578
5,77.0,24,578
5,78.0,24,578
5,79.0,26,578
5,80.0,28,578
5,81.0,28,643
5,82.0,28,643
5,83.0,28,643
5,84.0,24,643
5,85.0,24,643
5,86.0,24,643
5,87.0,24,643
5,88.0,24,643
5,89.0,24,643
5,90.0,24,643
5,91.0,24,643
5,92.0,24,643
5,93.0,24,643
5,94.0,24,643
5,95.0,17,643
5,96.0,17,643
5,97.0,17,643
5,98.0,17,643
5,99.0,17,643
5,100.0,17,643
5,101.0,13,643
5,102.0,13,643
5,103.0,13,643
5,104.0,15,737
5,105.0,15,737
5,106.0,15,737
5,107.0,15,737
5,108.0,15,737
5,109.0,15,737
5,110.0,15,737
5,111.0,15,737
5,112.0,15,737
5,113.0,16,737
5,114.0,16,737
5,115.0,16,737
5,116.0,16,737
5,117.0,5,737
5,118.0,5,737
5,119.0,5,737
5,120.0,5,737
5,121.0,5,737
5,122.0,5,737
5,123.0,5,737
5,124.0,5,737
5,125.0,5,737
5,126.0,5,737
5,127.0,5,737
5,128.0,5,737
5,129.0,5,737
5,130.0,5,737
5,131.0,5,737
5,132.0,5,737
5,133.0,5,737
5,134.0,5,737
5,135.0,5,737
5,136.0,5,737
5,137.0,5,737
5,138.0,5,737
5,139.0,5,737
5,140.0,5,737
5,141.0,5,737
5,142.0,5,737
5,143.0,5,737
5,144.0,5,737
5,145.0,5,737
5,146.0,5,737
5,147.0,5,737
5,148.0,5,737
5,149.0,5,737
5,150.0,5,737
5,151.0,5,737
5,152.0,5,737
5,153.0,5,737
5,154.0,5,737
5,155.0,5,737
5,156.0,5,737
5,157.0,5,737
5,158.0,5,737
5,159.0,5,737
5,160.0,5,737
5,161.0,5,737
5,162.0,5,737
5,163.0,5,737
5,164.0,5,737
5,165.0,5,737
5,166.0,5,737
7,1.0,14,420
7,2.0,14,420
7,3.0,14,420
7,4.0,14,420
7,5.0,14,420
7,6.0,14,420
7,7.0,14,420
7,8.0,14,420
7,9.0,14,420
7,10.0,14,420
7,11.0,14,420
7,12.0,14,420
7,13.0,14,420
7,14.0,14,420
7,15.0,14,420
7,16.0,14,420
7,17.0,14,420
7,18.0,14,420
7,19.0,14,420
7,20.0,14,420
7,21.0,14,420
7,22.0,14,420
7,23.0,14,420
7,24.0,14,420
7,25.0,14,420
7,26.0,14,420
7,27.0,14,420
7,28.0,14,420
7,29.0,16,420
7,30.0,16,420
7,31.0,16,420
7,32.0,16,420
7,33.0,16,420
7,34.0,16,420
7,35.0,18,420
7,36.0,18,420
7,37.0,18,420
7,38.0,19,420
7,39.0,19,420
7,40.0,19,420
7,41.0,19,420
7,42.0,19,420
7,43.0,19,420
7,44.0,19,420
7,45.0,19,464
7,46.0,19,464
7,47.0,19,464
7,48.0,19,464
7,49.0,20,464
7,50.0,20,464
7,51.0,20,464
7,52.0,22,464
7,53.0,23,464
7,54.0,23,464
7,55.0,23,464
7,56.0,23,464
7,57.0,23,464
7,58.0,23,464
7,59.0,23,464
7,60.0,23,464
7,61.0,23,464
7,62.0,23,464
7,63.0,23,464
7,64.0,23,464
7,65.0,23,464
7,66.0,23,464
7,67.0,23,464
7,68.0,23,464
7,69.0,26,464
7,70.0,26,509
7,71.0,26,509
7,72.0,26,558
7,73.0,26,558
7,74.0,26,558
7,75.0,26,558
7,76.0,26,558
7,77.0,26,558
7,78.0,26,558
7,79.0,28,558
7,80.0,30,558
7,81.0,30,598
7,82.0,30,598
7,83.0,30,598
7,84.0,25,598
7,85.0,25,598
7,86.0,25,598
7,87.0,25,598
7,88.0,25,598
7,89.0,25,598
7,90.0,25,598
7,91.0,25,598
7,92.0,25,598
7,93.0,25,598
7,94.0,25,598
7,95.0,18,598
7,96.0,18,598
7,97.0,18,598
7,98.0,18,598
7,99.0,18,598
7,100.0,18,598
7,101.0,12,598
7,102.0,13,598
7,103.0,13,598
7,104.0,13,677
7,105.0,13,677
7,106.0,13,677
7,107.0,13,677
7,108.0,13,677
7,109.0,13,677
7,110.0,13,677
7,111.0,13,677
7,112.0,13,677
7,113.0,14,677
7,114.0,14,677
7,115.0,14,677
7,116.0,14,677
7,117.0,8,677
7,118.0,8,677
7,119.0,8,677
7,120.0,8,677
7,121.0,8,677
7,122.0,8,677
7,123.0,8,677
7,124.0,8,677
7,125.0,8,677
7,126.0,8,677
7,127.0,8,677
7,128.0,8,677
7,129.0,8,677
7,130.0,8,677
7,131.0,8,677
7,132.0,8,677
7,133.0,8,677
7,134.0,8,677
7,135.0,8,677
7,136.0,8,677
7,137.0,8,677
7,138.0,8,677
7,139.0,8,677
7,140.0,8,677
7,141.0,8,677
7,142.0,8,677
7,143.0,8,677
7,144.0,8,677
7,145.0,8,677
7,146.0,8,677
7,147.0,8,677
7,148.0,8,677
7,149.0,8,677
7,150.0,8,677
7,151.0,8,677
7,152.0,8,677
7,153.0,8,677
7,154.0,8,677
7,155.0,8,677
7,156.0,8,677
7,157.0,8,677
7,158.0,8,677
7,159.0,8,677
7,160.0,8,677
7,161.0,8,677
7,162.0,8,677
7,163.0,8,677
7,164.0,8,677
7,165.0,8,677
7,166.0,8,677
9,1.0,14,420
9,2.0,14,420
9,3.0,14,420
9,4.0,14,420
9,5.0,14,420
9,6.0,14,420
9,7.0,14,420
9,8.0,14,420
9,9.0,14,420
9,10.0,14,420
9,11.0,14,420
9,12.0,14,420
9,13.0,14,420
9,14.0,14,420
9,15.0,14,420
9,16.0,14,420
9,17.0,14,420
9,18.0,14,420
9,19.0,14,420
9,20.0,14,420
9,21.0,14,420
9,22.0,14,420
9,23.0,14,420
9,24.0,14,420
9,25.0,14,420
9,26.0,14,420
9,27.0,14,420
9,28.0,14,420
9,29.0,16,420
9,30.0,16,420
9,31.0,16,420
9,32.0,16,420
9,33.0,16,420
9,34.0,16,420
9,35.0,19,420
9,36.0,19,420
9,37.0,19,420
9,38.0,20,420
9,39.0,20,420
9,40.0,20,420
9,41.0,20,420
9,42.0,20,420
9,43.0,20,420
9,44.0,20,420
9,45.0,20,471
9,46.0,20,471
9,47.0,20,471
9,48.0,22,471
9,49.0,23,471
9,50.0,23,471
9,51.0,23,471
9,52.0,23,471
9,53.0,23,471
9,54.0,23,471
9,55.0,23,471
9,56.0,23,471
9,57.0,23,471
9,58.0,23,471
9,59.0,23,471
9,60.0,23,471
9,61.0,23,471
9,62.0,23,471
9,63.0,23,471
9,64.0,23,471
9,65.0,23,471
9,66.0,23,471
9,67.0,23,471
9,68.0,23,471
9,69.0,25,471
9,70.0,25,518
9,71.0,26,518
9,72.0,26,572
9,73.0,26,572
9,74.0,26,572
9,75.0,26,572
9,76.0,26,572
9,77.0,26,572
9,78.0,26,572
9,79.0,28,572
9,80.0,31,572
9,81.0,31,633
9,82.0,31,633
9,83.0,31,633
9,84.0,27,633
9,85.0,27,633
9,86.0,27,633
9,87.0,27,633
9,88.0,27,633
9,89.0,27,633
9,90.0,27,633
9,91.0,27,633
9,92.0,27,633
9,93.0,27,633
9,94.0,27,633
9,95.0,18,633
9,96.0,18,633
9,97.0,18,633
9,98.0,18,633
9,99.0,18,633
9,100.0,18,633
9,101.0,10,633
9,102.0,10,633
9,103.0,10,633
9,104.0,11,690
9,105.0,11,690
9,106.0,11,690
9,107.0,11,690
9,108.0,11,690
9,109.0,11,690
9,110.0,11,690
9,111.0,11,690
9,112.0,11,690
9,113.0,12,690
9,114.0,12,690
9,115.0,12,690
9,116.0,12,690
9,117.0,4,690
9,118.0,4,690
9,119.0,4,690
9,120.0,4,690
9,121.0,4,690
9,122.0,4,690
9,123.0,4,690
9,124.0,4,690
9,125.0,4,690
9,126.0,4,690
9,127.0,4,690
9,128.0,4,690
9,129.0,4,690
9,130.0,4,690
9,131.0,4,690
9,132.0,4,690
9,133.0,4,690
9,134.0,4,690
9,135.0,4,690
9,136.0,4,690
9,137.0,4,690
9,138.0,4,690
9,139.0,4,690
9,140.0,4,690
9,141.0,4,690
9,142.0,4,690
9,143.0,4,690
9,144.0,4,690
9,145.0,4,690
9,146.0,4,690
9,147.0,4,690
9,148.0,4,690
9,149.0,4,690
9,150.0,4,690
9,151.0,4,690
9,152.0,4,690
9,153.0,4,690
9,154.0,4,690
9,155.0,4,690
9,156.0,4,690
9,157.0,4,690
9,158.0,4,690
9,159.0,4,690
9,160.0,4,690
9,161.0,4,690
9,162.0,4,690
9,163.0,4,690
9,164.0,4,690
9,165.0,4,690
9,166.0,4,690
11,1.0,14,420
11,2.0,14,420
11,3.0,14,420
11,4.0,14,420
11,5.0,14,420
11,6.0,14,420
11,7.0,14,420
11,8.0,14,420
11,9.0,14,420
11,10.0,14,420
11,11.0,14,420
11,12.0,14,420
11,13.0,14,420
11,14.0,14,420
11,15.0,14,420
11,16.0,14,420
11,17.0,14,420
11,18.0,14,420
11,19.0,14,420
11,20.0,14,420
11,21.0,14,420
11,22.0,14,420
11,23.0,14,420
11,24.0,14,420
11,25.0,14,420
11,26.0,14,421
11,27.0,15,421
11,28.0,15,421
11,29.0,16,421
11,30.0,16,421
11,31.0,16,421
11,32.0,16,421
11,33.0,16,421
11,34.0,16,421
11,35.0,22,421
11,36.0,22,421
11,37.0,22,421
11,38.0,24,421
11,39.0,24,421
11,40.0,24,421
11,41.0,24,421
11,42.0,24,421
11,43.0,24,421
11,44.0,24,421
11,45.0,24,465
11,46.0,24,465
11,47.0,24,465
11,48.0,24,465
11,49.0,25,465
11,50.0,25,465
11,51.0,25,465
11,52.0,25,465
11,53.0,27,465
11,54.0,27,465
11,55.0,27,465
11,56.0,27,465
11,57.0,27,465
11,58.0,27,465
11,59.0,27,465
11,60.0,27,465
11,61.0,27,465
11,62.0,27,465
11,63.0,27,465
11,64.0,27,465
11,65.0,27,465
11,66.0,27,465
11,67.0,27,465
11,68.0,27,465
11,69.0,28,465
11,70.0,28,521
11,71.0,30,521
11,72.0,30,581
11,73.0,30,581
11,74.0,30,581
11,75.0,30,581
11,76.0,30,581
11,77.0,30,581
11,78.0,30,581
11,79.0,33,581
11,80.0,33,581
11,81.0,33,639
11,82.0,33,639
11,83.0,33,639
11,84.0,27,639
11,85.0,27,639
11,86.0,27,639
11,87.0,27,639
11,88.0,27,639
11,89.0,27,639
11,90.0,27,639
11,91.0,27,639
11,92.0,27,639
11,93.0,27,639
11,94.0,27,639
11,95.0,16,639
11,96.0,16,639
11,97.0,16,639
11,98.0,16,639
11,99.0,16,639
11,100.0,16,639
11,101.0,12,639
11,102.0,13,639
11,103.0,13,639
11,104.0,13,720
11,105.0,15,720
11,106.0,15,720
11,107.0,15,720
11,108.0,15,720
11,109.0,15,720
11,110.0,15,720
11,111.0,15,720
11,112.0,15,720
11,113.0,15,720
11,114.0,15,720
11,115.0,15,720
11,116.0,15,720
11,117.0,7,720
11,118.0,7,720
11,119.0,7,720
11,120.0,7,720
11,121.0,7,720
11,122.0,7,720
11,123.0,7,720
11,124.0,7,720
11,125.0,7,720
11,126.0,7,720
11,127.0,7,720
11,128.0,7,720
11,129.0,7,720
11,130.0,7,720
11,131.0,7,720
11,132.0,7,720
11,133.0,7,720
11,134.0,7,720
11,135.0,7,720
11,136.0,7,720
11,137.0,7,720
11,138.0,7,720
11,139.0,7,720
11,140.0,7,720
11,141.0,7,720
11,142.0,7,720
11,143.0,7,720
11,144.0,7,720
11,145.0,7,720
11,146.0,7,720
11,147.0,7,720
11,148.0,7,720
11,149.0,7,720
11,150.0,7,720
11,151.0,7,720
11,152.0,7,720
11,153.0,7,720
11,154.0,7,720
11,155.0,7,720
11,156.0,7,720
11,157.0,7,720
11,158.0,7,720
11,159.0,7,720
11,160.0,7,720
11,161.0,7,720
11,162.0,7,720
11,163.0,7,720
11,164.0,7,720
11,165.0,7,720
11,166.0,7,720
13,1.0,14,420
13,2.0,14,420
13,3.0,14,420
13,4.0,14,420
13,5.0,14,420
13,6.0,14,420
13,7.0,14,420
13,8.0,14,420
13,9.0,14,420
13,10.0,14,420
13,11.0,14,420
13,12.0,14,420
13,13.0,14,420
13,14.0,14,420
13,15.0,14,420
13,16.0,14,420
13,17.0,14,420
13,18.0,14,420
13,19.0,14,420
13,20.0,14,420
13,21.0,14,420
13,22.0,14,420
13,23.0,14,420
13,24.0,14,420
13,25.0,14,420
13,26.0,14,420
13,27.0,14,420
13,28.0,14,420
13,29.0,14,420
13,30.0,14,420
13,31.0,14,420
13,32.0,14,420
13,33.0,14,420
13,34.0,14,420
13,35.0,15,420
13,36.0,15,420
13,37.0,15,420
13,38.0,17,420
13,39.0,17,420
13,40.0,17,420
13,41.0,17,420
13,42.0,17,420
13,43.0,17,420
13,44.0,17,420
13,45.0,17,468
13,46.0,17,468
13,47.0,17,468
13,48.0,20,468
13,49.0,22,468
13,50.0,22,468
13,51.0,22,468
13,52.0,25,468
13,53.0,27,468
13,54.0,27,468
13,55.0,27,468
13,56.0,27,468
13,57.0,27,468
13,58.0,27,468
13,59.0,27,468
13,60.0,27,468
13,61.0,27,468
13,62.0,27,468
13,63.0,27,468
13,64.0,27,468
13,65.0,27,468
13,66.0,27,468
13,67.0,27,468
13,68.0,27,468
13,69.0,27,468
13,70.0,27,524
13,71.0,29,524
13,72.0,29,574
13,73.0,29,574
13,74.0,29,574
13,75.0,29,574
13,76.0,29,574
13,77.0,29,574
13,78.0,29,574
13,79.0,30,574
13,80.0,31,574
13,81.0,31,637
13,82.0,31,637
13,83.0,31,637
13,84.0,24,637
13,85.0,24,637
13,86.0,24,637
13,87.0,24,637
13,88.0,24,637
13,89.0,24,637
13,90.0,24,637
13,91.0,24,637
13,92.0,24,637
13,93.0,24,637
13,94.0,24,637
13,95.0,18,637
13,96.0,18,637
13,97.0,18,637
13,98.0,18,637
13,99.0,18,637
13,100.0,18,637
13,101.0,9,637
13,102.0,13,637
13,103.0,13,637
13,104.0,14,704
13,105.0,15,704
13,106.0,15,704
13,107.0,15,704
13,108.0,15,704
13,109.0,15,704
13,110.0,15,704
13,111.0,15,704
13,112.0,15,704
13,113.0,17,704
13,114.0,17,704
13,115.0,17,704
13,116.0,17,704
13,117.0,6,704
13,118.0,6,704
13,119.0,6,704
13,120.0,6,704
13,121.0,6,704
13,122.0,6,704
13,123.0,6,704
13,124.0,6,704
13,125.0,6,704
13,126.0,6,704
13,127.0,6,704
13,128.0,6,704
13,129.0,6,704
13,130.0,6,704
13,131.0,6,704
13,132.0,6,704
13,133.0,6,704
13,134.0,6,704
13,135.0,6,704
13,136.0,6,704
13,137.0,6,704
13,138.0,6,704
13,139.0,6,704
13,140.0,6,704
13,141.0,6,704
13,142.0,6,704
13,143.0,6,704
13,144.0,6,704
13,145.0,6,704
13,146.0,6,704
13,147.0,6,704
13,148.0,6,704
13,149.0,6,704
13,150.0,6,704
13,151.0,6,704
13,152.0,6,704
13,153.0,6,704
13,154.0,6,704
13,155.0,6,704
13,156.0,6,704
13,157.0,6,704
13,158.0,6,704
13,159.0,6,704
13,160.0,6,704
13,161.0,6,704
13,162.0,6,704
13,163.0,6,704
13,164.0,6,704
13,165.0,6,704
13,166.0,6,704
15,1.0,14,420
15,2.0,14,420
15,3.0,14,420
15,4.0,14,420
15,5.0,14,420
15,6.0,14,420
15,7.0,14,420
15,8.0,14,420
15,9.0,14,420
15,10.0,14,420
15,11.0,14,420
15,12.0,14,420
15,13.0,14,420
15,14.0,14,420
15,15.0,14,420
15,16.0,14,420
15,17.0,14,420
15,18.0,14,420
15,19.0,14,420
15,20.0,14,420
15,21.0,14,420
15,22.0,14,420
15,23.0,14,420
15,24.0,14,420
15,25.0,14,420
15,26.0,14,421
15,27.0,14,421
15,28.0,14,421
15,29.0,14,421
15,30.0,14,421
15,31.0,14,421
15,32.0,14,421
15,33.0,14,421
15,34.0,14,421
15,35.0,15,421
15,36.0,15,421
15,37.0,15,421
15,38.0,15,421
15,39.0,15,421
15,40.0,15,421
15,41.0,15,421
15,42.0,15,421
15,43.0,15,421
15,44.0,15,421
15,45.0,15,463
15,46.0,15,463
15,47.0,15,463
15,48.0,16,463
15,49.0,17,463
15,50.0,17,463
15,51.0,17,463
15,52.0,18,463
15,53.0,19,463
15,54.0,19,463
15,55.0,19,463
15,56.0,19,463
15,57.0,19,463
15,58.0,19,463
15,59.0,19,463
15,60.0,19,463
15,61.0,19,463
15,62.0,19,463
15,63.0,19,463
15,64.0,19,463
15,65.0,19,463
15,66.0,19,463
15,67.0,19,463
15,68.0,19,463
15,69.0,19,463
15,70.0,19,521
15,71.0,19,521
15,72.0,19,573
15,73.0,19,573
15,74.0,19,573
15,75.0,19,573
15,76.0,19,573
15,77.0,19,573
15,78.0,19,573
15,79.0,20,573
15,80.0,22,573
15,81.0,22,646
15,82.0,22,646
15,83.0,22,646
15,84.0,21,646
15,85.0,21,646
15,86.0,21,646
15,87.0,21,646
15,88.0,21,646
15,89.0,21,646
15,90.0,21,646
15,91.0,21,646
15,92.0,21,646
15,93.0,21,646
15,94.0,21,646
15,95.0,14,646
15,96.0,14,646
15,97.0,14,646
15,98.0,14,646
15,99.0,14,646
15,100.0,14,646
15,101.0,7,646
15,102.0,9,646
15,103.0,9,646
15,104.0,10,710
15,105.0,10,710
15,106.0,10,710
15,107.0,10,710
15,108.0,10,710
15,109.0,10,710
15,110.0,10,710
15,111.0,10,710
15,112.0,10,710
15,113.0,10,710
15,114.0,10,710
15,115.0,10,710
15,116.0,10,710
15,117.0,3,710
15,118.0,3,710
15,119.0,3,710
15,120.0,3,710
15,121.0,3,710
15,122.0,3,710
15,123.0,3,710
15,124.0,3,710
15,125.0,3,710
15,126.0,3,710
15,127.0,3,710
15,128.0,3,710
15,129.0,3,710
15,130.0,3,710
15,131.0,3,710
15,132.0,3,710
15,133.0,3,710
15,134.0,3,710
15,135.0,3,710
15,136.0,3,710
15,137.0,3,710
15,138.0,3,710
15,139.0,3,710
15,140.0,3,710
15,141.0,3,710
15,142.0,3,710
15,143.0,3,710
15,144.0,3,710
15,145.0,3,710
15,146.0,3,710
15,147.0,3,710
15,148.0,3,710
15,149.0,3,710
15,150.0,3,710
15,151.0,3,710
15,152.0,3,710
15,153.0,3,710
15,154.0,3,710
15,155.0,3,710
15,156.0,3,710
15,157.0,3,710
15,158.0,3,710
15,159.0,3,710
15,160.0,3,710
15,161.0,3,710
15,162.0,3,710
15,163.0,3,710
15,164.0,3,710
15,165.0,3,710
15,166.0,3,710
17,1.0,14,420
17,2.0,14,420
17,3.0,14,420
17,4.0,14,420
17,5.0,14,420
17,6.0,14,420
17,7.0,14,420
17,8.0,14,420
17,9.0,14,420
17,10.0,14,420
17,11.0,14,420
17,12.0,14,420
17,13.0,14,420
17,14.0,14,420
17,15.0,14,420
17,16.0,14,420
17,17.0,14,420
17,18.0,14,420
17,19.0,14,420
17,20.0,14,420
17,21.0,14,420
17,22.0,14,420
17,23.0,14,420
17,24.0,14,420
17,25.0,14,420
17,26.0,14,421
17,27.0,14,421
17,28.0,14,421
17,29.0,15,421
17,30.0,15,421
17,31.0,15,421
17,32.0,15,421
17,33.0,15,421
17,34.0,15,421
17,35.0,17,421
17,36.0,17,421
17,37.0,17,421
17,38.0,19,421
17,39.0,19,421
17,40.0,19,421
17,41.0,19,421
17,42.0,19,421
17,43.0,19,421
17,44.0,19,421
17,45.0,19,473
17,46.0,19,473
17,47.0,19,473
17,48.0,21,473
17,49.0,22,473
17,50.0,22,473
17,51.0,22,473
17,52.0,23,473
17,53.0,24,473
17,54.0,24,473
17,55.0,24,473
17,56.0,24,473
17,57.0,24,473
17,58.0,24,473
17,59.0,24,473
17,60.0,24,473
17,61.0,24,473
17,62.0,24,473
17,63.0,24,473
17,64.0,24,473
17,65.0,24,473
17,66.0,24,473
17,67.0,24,473
17,68.0,24,473
17,69.0,25,473
17,70.0,25,526
17,71.0,28,526
17,72.0,28,572
17,73.0,28,572
17,74.0,28,572
17,75.0,28,572
17,76.0,28,572
17,77.0,28,572
17,78.0,28,572
17,79.0,29,572
17,80.0,30,572
17,81.0,30,637
17,82.0,30,637
17,83.0,30,637
17,84.0,24,637
17,85.0,24,637
17,86.0,24,637
17,87.0,24,637
17,88.0,24,637
17,89.0,24,637
17,90.0,24,637
17,91.0,24,637
17,92.0,24,637
17,93.0,24,637
17,94.0,24,637
17,95.0,17,637
17,96.0,17,637
17,97.0,17,637
17,98.0,17,637
17,99.0,17,637
17,100.0,17,637
17,101.0,12,637
17,102.0,14,637
17,103.0,14,637
17,104.0,14,713
17,105.0,15,713
17,106.0,15,713
17,107.0,15,713
17,108.0,15,713
17,109.0,15,713
17,110.0,15,713
17,111.0,15,713
17,112.0,15,713
17,113.0,15,713
17,114.0,15,713
17,115.0,15,713
17,116.0,15,713
17,117.0,6,713
17,118.0,6,713
17,119.0,6,713
17,120.0,6,713
17,121.0,6,713
17,122.0,6,713
17,123.0,6,713
17,124.0,6,713
17,125.0,6,713
17,126.0,6,713
17,127.0,6,713
17,128.0,6,713
17,129.0,6,713
17,130.0,6,713
17,131.0,6,713
17,132.0,6,713
17,133.0,6,713
17,134.0,6,713
17,135.0,6,713
17,136.0,6,713
17,137.0,6,713
17,138.0,6,713
17,139.0,6,713
17,140.0,6,713
17,141.0,6,713
17,142.0,6,713
17,143.0,6,713
17,144.0,6,713
17,145.0,6,713
17,146.0,6,713
17,147.0,6,713
17,148.0,6,713
17,149.0,6,713
17,150.0,6,713
17,151.0,6,713
17,152.0,6,713
17,153.0,6,713
17,154.0,6,713
17,155.0,6,713
17,156.0,6,713
17,157.0,6,713
17,158.0,6,713
17,159.0,6,713
17,160.0,6,713
17,161.0,6,713
17,162.0,6,713
17,163.0,6,713
17,164.0,6,713
17,165.0,6,713
17,166.0,6,713
19,1.0,14,420
19,2.0,14,420
19,3.0,14,420
19,4.0,14,420
19,5.0,14,420
19,6.0,14,420
19,7.0,14,420
19,8.0,14,420
19,9.0,14,420
19,10.0,14,420
19,11.0,14,420
19,12.0,14,420
19,13.0,14,420
19,14.0,14,420
19,15.0,14,420
19,16.0,14,420
19,17.0,14,420
19,18.0,14,420
19,19.0,14,420
19,20.0,14,420
19,21.0,14,420
19,22.0,14,420
19,23.0,14,420
19,24.0,14,420
19,25.0,14,420
19,26.0,14,422
19,27.0,14,422
19,28.0,14,422
19,29.0,15,422
19,30.0,15,422
19,31.0,15,422
19,32.0,15,422
19,33.0,15,422
19,34.0,15,422
19,35.0,18,422
19,36.0,18,422
19,37.0,18,422
19,38.0,20,422
19,39.0,20,422
19,40.0,20,422
19,41.0,20,422
19,42.0,20,422
19,43.0,20,422
19,44.0,20,422
19,45.0,20,482
19,46.0,20,482
19,47.0,20,482
19,48.0,21,482
19,49.0,22,482
19,50.0,22,482
19,51.0,22,482
19,52.0,24,482
19,53.0,25,482
19,54.0,25,482
19,55.0,25,482
19,56.0,25,482
19,57.0,25,482
19,58.0,25,482
19,59.0,25,482
19,60.0,25,482
19,61.0,25,482
19,62.0,25,482
19,63.0,25,482
19,64.0,25,482
19,65.0,25,482
19,66.0,25,482
19,67.0,25,482
19,68.0,25,482
19,69.0,26,482
19,70.0,26,550
19,71.0,27,550
19,72.0,27,595
19,73.0,27,595
19,74.0,27,595
19,75.0,27,595
19,76.0,27,595
19,77.0,27,595
19,78.0,27,595
19,79.0,28,595
19,80.0,28,595
19,81.0,28,644
19,82.0,28,644
19,83.0,28,644
19,84.0,20,644
19,85.0,20,644
19,86.0,20,644
19,87.0,20,644
19,88.0,20,644
19,89.0,20,644
19,90.0,20,644
19,91.0,20,644
19,92.0,20,644
19,93.0,20,644
19,94.0,20,644
19,95.0,14,644
19,96.0,14,644
19,97.0,14,644
19,98.0,14,644
19,99.0,14,644
19,100.0,14,644
19,101.0,5,644
19,102.0,5,644
19,103.0,5,644
19,104.0,5,724
19,105.0,6,724
19,106.0,6,724
19,107.0,6,724
19,108.0,6,724
19,109.0,6,724
19,110.0,6,724
19,111.0,6,724
19,112.0,6,724
19,113.0,7,724
19,114.0,7,724
19,115.0,7,724
19,116.0,7,724
19,117.0,3,724
19,118.0,3,724
19,119.0,3,724
19,120.0,3,724
19,121.0,3,724
19,122.0,3,724
19,123.0,3,724
19,124.0,3,724
19,125.0,3,724
19,126.0,3,724
19,127.0,3,724
19,128.0,3,724
19,129.0,3,724
19,130.0,3,724
19,131.0,3,724
19,132.0,3,724
19,133.0,3,724
19,134.0,3,724
19,135.0,3,724
19,136.0,3,724
19,137.0,3,724
19,138.0,3,724
19,139.0,3,724
19,140.0,3,724
19,141.0,3,724
19,142.0,3,724
19,143.0,3,724
19,144.0,3,724
19,145.0,3,724
19,146.0,3,724
19,147.0,3,724
19,148.0,3,724
19,149.0,3,724
19,150.0,3,724
19,151.0,3,724
19,152.0,3,724
19,153.0,3,724
19,154.0,3,724
19,155.0,3,724
19,156.0,3,724
19,157.0,3,724
19,158.0,3,724
19,159.0,3,724
19,160.0,3,724
19,161.0,3,724
19,162.0,3,724
19,163.0,3,724
19,164.0,3,724
19,165.0,3,724
19,166.0,3,724
21,1.0,14,420
21,2.0,14,420
21,3.0,14,420
21,4.0,14,420
21,5.0,14,420
21,6.0,14,420
21,7.0,14,420
21,8.0,14,420
21,9.0,14,420
21,10.0,14,420
21,11.0,14,420
21,12.0,14,420
21,13.0,14,420
21,14.0,14,420
21,15.0,14,420
21,16.0,14,420
21,17.0,14,420
21,18.0,14,420
21,19.0,14,420
21,20.0,14,420
21,21.0,14,420
21,22.0,14,420
21,23.0,14,420
21,24.0,14,420
21,25.0,14,420
21,26.0,14,420
21,27.0,14,420
21,28.0,14,420
21,29.0,15,420
21,30.0,15,420
21,31.0,15,420
21,32.0,15,420
21,33.0,15,420
21,34.0,15,420
21,35.0,15,420
21,36.0,15,420
21,37.0,15,420
21,38.0,16,420
21,39.0,16,420
21,40.0,16,420
21,41.0,16,420
21,42.0,16,420
21,43.0,16,420
21,44.0,16,420
21,45.0,16,480
21,46.0,16,480
21,47.0,16,480
21,48.0,17,480
21,49.0,19,480
21,50.0,19,480
21,51.0,19,480
21,52.0,20,480
21,53.0,22,480
21,54.0,22,480
21,55.0,22,480
21,56.0,22,480
21,57.0,22,480
21,58.0,22,480
21,59.0,22,480
21,60.0,22,480
21,61.0,22,480
21,62.0,22,480
21,63.0,22,480
21,64.0,22,480
21,65.0,22,480
21,66.0,22,480
21,67.0,22,480
21,68.0,22,480
21,69.0,22,480
21,70.0,22,531
21,71.0,22,531
21,72.0,22,584
21,73.0,22,584
21,74.0,22,584
21,75.0,22,584
21,76.0,22,584
21,77.0,22,584
21,78.0,22,584
21,79.0,23,584
21,80.0,23,584
21,81.0,23,642
21,82.0,23,642
21,83.0,23,642
21,84.0,20,642
21,85.0,20,642
21,86.0,20,642
21,87.0,20,642
21,88.0,20,642
21,89.0,20,642
21,90.0,20,642
21,91.0,20,642
21,92.0,20,642
21,93.0,20,642
21,94.0,20,642
21,95.0,15,642
21,96.0,15,642
21,97.0,15,642
21,98.0,15,642
21,99.0,15,642
21,100.0,15,642
21,101.0,9,642
21,102.0,9,642
21,103.0,9,642
21,104.0,9,715
21,105.0,10,715
21,106.0,10,715
21,107.0,10,715
21,108.0,10,715
21,109.0,10,715
21,110.0,10,715
21,111.0,10,715
21,112.0,10,715
21,113.0,12,715
21,114.0,12,715
21,115.0,12,715
21,116.0,12,715
21,117.0,3,715
21,118.0,3,715
21,119.0,3,715
21,120.0,3,715
21,121.0,3,715
21,122.0,3,715
21,123.0,3,715
21,124.0,3,715
21,125.0,3,715
21,126.0,3,715
21,127.0,3,715
21,128.0,3,715
21,129.0,3,715
21,130.0,3,715
21,131.0,3,715
21,132.0,3,715
21,133.0,3,715
21,134.0,3,715
21,135.0,3,715
21,136.0,3,715
21,137.0,3,715
21,138.0,3,715
21,139.0,3,715
21,140.0,3,715
21,141.0,3,715
21,142.0,3,715
21,143.0,3,715
21,144.0,3,715
21,145.0,3,715
21,146.0,3,715
21,147.0,3,715
21,148.0,3,715
21,149.0,3,715
21,150.0,3,715
21,151.0,3,715
21,152.0,3,715
21,153.0,3,715
21,154.0,3,715
21,155.0,3,715
21,156.0,3,715
21,157.0,3,715
21,158.0,3,715
21,159.0,3,715
21,160.0,3,715
21,161.0,3,715
21,162.0,3,715
21,163.0,3,715
21,164.0,3,715
21,165.0,3,715
21,166.0,3,715
23,1.0,14,420
23,2.0,14,420
23,3.0,14,420
23,4.0,14,420
23,5.0,14,420
23,6.0,14,420
23,7.0,14,420
23,8.0,14,420
23,9.0,14,420
23,10.0,14,420
23,11.0,14,420
23,12.0,14,420
23,13.0,14,420
23,14.0,14,420
23,15.0,14,420
23,16.0,14,420
23,17.0,14,420
23,18.0,14,420
23,19.0,14,420
23,20.0,14,420
23,21.0,14,420
23,22.0,14,420
23,23.0,14,420
23,24.0,14,420
23,25.0,14,420
23,26.0,14,420
23,27.0,15,420
23,28.0,15,420
23,29.0,16,420
23,30.0,16,420
23,31.0,16,420
23,32.0,16,420
23,33.0,16,420
23,34.0,16,420
23,35.0,16,420
23,36.0,16,420
23,37.0,16,420
23,38.0,16,420
23,39.0,16,420
23,40.0,16,420
23,41.0,16,420
23,42.0,16,420
23,43.0,16,420
23,44.0,16,420
23,45.0,16,477
23,46.0,16,477
23,47.0,16,477
23,48.0,16,477
23,49.0,16,477
23,50.0,16,477
23,51.0,16,477
23,52.0,17,477
23,53.0,20,477
23,54.0,20,477
23,55.0,20,477
23,56.0,20,477
23,57.0,20,477
23,58.0,20,477
23,59.0,20,477
23,60.0,20,477
23,61.0,20,477
23,62.0,20,477
23,63.0,20,477
23,64.0,20,477
23,65.0,20,477
23,66.0,20,477
23,67.0,20,477
23,68.0,20,477
23,69.0,21,477
23,70.0,21,527
23,71.0,23,527
23,72.0,23,579
23,73.0,23,579
23,74.0,23,579
23,75.0,23,579
23,76.0,23,579
23,77.0,23,579
23,78.0,23,579
23,79.0,24,579
23,80.0,26,579
23,81.0,26,631
23,82.0,26,631
23,83.0,26,631
23,84.0,20,631
23,85.0,20,631
23,86.0,20,631
23,87.0,20,631
23,88.0,20,631
23,89.0,20,631
23,90.0,20,631
23,91.0,20,631
23,92.0,20,631
23,93.0,20,631
23,94.0,20,631
23,95.0,13,631
23,96.0,13,631
23,97.0,13,631
23,98.0,13,631
23,99.0,13,631
23,100.0,13,631
23,101.0,12,631
23,102.0,13,631
23,103.0,13,631
23,104.0,15,704
23,105.0,15,704
23,106.0,15,704
23,107.0,15,704
23,108.0,15,704
23,109.0,15,704
23,110.0,15,704
23,111.0,15,704
23,112.0,15,704
23,113.0,16,704
23,114.0,16,704
23,115.0,16,704
23,116.0,16,704
23,117.0,6,704
23,118.0,6,704
23,119.0,6,704
23,120.0,6,704
23,121.0,6,704
23,122.0,6,704
23,123.0,6,704
23,124.0,6,704
23,125.0,6,704
23,126.0,6,704
23,127.0,6,704
23,128.0,6,704
23,129.0,6,704
23,130.0,6,704
23,131.0,6,704
23,132.0,6,704
23,133.0,6,704
23,134.0,6,704
23,135.0,6,704
23,136.0,6,704
23,137.0,6,704
23,138.0,6,704
23,139.0,6,704
23,140.0,6,704
23,141.0,6,704
23,142.0,6,704
23,143.0,6,704
23,144.0,6,704
23,145.0,6,704
23,146.0,6,704
23,147.0,6,704
23,148.0,6,704
23,149.0,6,704
23,150.0,6,704
23,151.0,6,704
23,152.0,6,704
23,153.0,6,704
23,154.0,6,704
23,155.0,6,704
23,156.0,6,704
23,157.0,6,704
23,158.0,6,704
23,159.0,6,704
23,160.0,6,704
23,161.0,6,704
23,162.0,6,704
23,163.0,6,704
23,164.0,6,704
23,165.0,6,704
23,166.0,6,704
25,1.0,14,420
25,2.0,14,420
25,3.0,14,420
25,4.0,14,420
25,5.0,14,420
25,6.0,14,420
25,7.0,14,420
25,8.0,14,420
25,9.0,14,420
25,10.0,14,420
25,11.0,14,420
25,12.0,14,420
25,13.0,14,420
25,14.0,14,420
25,15.0,14,420
25,16.0,14,420
25,17.0,14,420
25,18.0,14,420
25,19.0,14,420
25,20.0,14,420
25,21.0,14,420
25,22.0,14,420
25,23.0,14,420
25,24.0,14,420
25,25.0,14,420
25,26.0,14,421
25,27.0,15,421
25,28.0,15,421
25,29.0,16,421
25,30.0,16,421
25,31.0,16,421
25,32.0,16,421
25,33.0,16,421
25,34.0,16,421
25,35.0,17,421
25,36.0,17,421
25,37.0,17,421
25,38.0,17,421
25,39.0,17,421
25,40.0,17,421
25,41.0,17,421
25,42.0,17,421
25,43.0,17,421
25,44.0,17,421
25,45.0,17,464
25,46.0,17,464
25,47.0,17,464
25,48.0,19,464
25,49.0,21,464
25,50.0,21,464
25,51.0,21,464
25,52.0,22,464
25,53.0,23,464
25,54.0,23,464
25,55.0,23,464
25,56.0,23,464
25,57.0,23,464
25,58.0,23,464
25,59.0,23,464
25,60.0,23,464
25,61.0,23,464
25,62.0,23,464
25,63.0,23,464
25,64.0,23,464
25,65.0,23,464
25,66.0,23,464
25,67.0,23,464
25,68.0,23,464
25,69.0,27,464
25,70.0,27,522
25,71.0,28,522
25,72.0,28,568
25,73.0,28,568
25,74.0,28,568
25,75.0,28,568
25,76.0,28,568
25,77.0,28,568
25,78.0,28,568
25,79.0,30,568
25,80.0,33,568
25,81.0,33,611
25,82.0,33,611
25,83.0,33,611
25,84.0,27,611
25,85.0,27,611
25,86.0,27,611
25,87.0,27,611
25,88.0,27,611
25,89.0,27,611
25,90.0,27,611
25,91.0,27,611
25,92.0,27,611
25,93.0,27,611
25,94.0,27,611
25,95.0,20,611
25,96.0,20,611
25,97.0,20,611
25,98.0,20,611
25,99.0,20,611
25,100.0,20,611
25,101.0,7,611
25,102.0,7,611
25,103.0,7,611
25,104.0,8,674
25,105.0,8,674
25,106.0,8,674
25,107.0,8,674
25,108.0,8,674
25,109.0,8,674
25,110.0,8,674
25,111.0,8,674
25,112.0,8,674
25,113.0,10,674
25,114.0,10,674
25,115.0,10,674
25,116.0,10,674
25,117.0,1,674
25,118.0,1,674
25,119.0,1,674
25,120.0,1,674
25,121.0,1,674
25,122.0,1,674
25,123.0,1,674
25,124.0,1,674
25,125.0,1,674
25,126.0,1,674
25,127.0,1,674
25,128.0,1,674
25,129.0,1,674
25,130.0,1,674
25,131.0,1,674
25,132.0,1,674
25,133.0,1,674
25,134.0,1,674
25,135.0,1,674
25,136.0,1,674
25,137.0,1,674
25,138.0,1,674
25,139.0,1,674
25,140.0,1,674
25,141.0,1,674
25,142.0,1,674
25,143.0,1,674
25,144.0,1,674
25,145.0,1,674
25,146.0,1,674
25,147.0,1,674
25,148.0,1,674
25,149.0,1,674
25,150.0,1,674
25,151.0,1,674
25,152.0,1,674
25,153.0,1,674
25,154.0,1,674
25,155.0,1,674
25,156.0,1,674
25,157.0,1,674
25,158.0,1,674
25,159.0,1,674
25,160.0,1,674
25,161.0,1,674
25,162.0,1,674
25,163.0,1,674
25,164.0,1,674
25,165.0,1,674
25,166.0,1,674
27,1.0,14,420
27,2.0,14,420
27,3.0,14,420
27,4.0,14,420
27,5.0,14,420
27,6.0,14,420
27,7.0,14,420
27,8.0,14,420
27,9.0,14,420
27,10.0,14,420
27,11.0,14,420
27,12.0,14,420
27,13.0,14,420
27,14.0,14,420
27,15.0,14,420
27,16.0,14,420
27,17.0,14,420
27,18.0,14,420
27,19.0,14,420
27,20.0,14,420
27,21.0,14,420
27,22.0,14,420
27,23.0,14,420
27,24.0,14,420
27,25.0,14,420
27,26.0,14,421
27,27.0,14,421
27,28.0,14,421
27,29.0,14,421
27,30.0,14,421
27,31.0,14,421
27,32.0,14,421
27,33.0,14,421
27,34.0,14,421
27,35.0,15,421
27,36.0,15,421
27,37.0,15,421
27,38.0,19,421
27,39.0,19,421
27,40.0,19,421
27,41.0,19,421
27,42.0,19,421
27,43.0,19,421
27,44.0,19,421
27,45.0,19,476
27,46.0,19,476
27,47.0,19,476
27,48.0,20,476
27,49.0,21,476
27,50.0,21,476
27,51.0,21,476
27,52.0,21,476
27,53.0,21,476
27,54.0,21,476
27,55.0,21,476
27,56.0,21,476
27,57.0,21,476
27,58.0,21,476
27,59.0,21,476
27,60.0,21,476
27,61.0,21,476
27,62.0,21,476
27,63.0,21,476
27,64.0,21,476
27,65.0,21,476
27,66.0,21,476
27,67.0,21,476
27,68.0,21,476
27,69.0,22,476
27,70.0,22,522
27,71.0,24,522
27,72.0,24,567
27,73.0,24,567
27,74.0,24,567
27,75.0,24,567
27,76.0,24,567
27,77.0,24,567
27,78.0,24,567
27,79.0,25,567
27,80.0,27,567
27,81.0,27,631
27,82.0,27,631
27,83.0,27,631
27,84.0,22,631
27,85.0,22,631
27,86.0,22,631
27,87.0,22,631
27,88.0,22,631
27,89.0,22,631
27,90.0,22,631
27,91.0,22,631
27,92.0,22,631
27,93.0,22,631
27,94.0,22,631
27,95.0,18,631
27,96.0,18,631
27,97.0,18,631
27,98.0,18,631
27,99.0,18,631
27,100.0,18,631
27,101.0,12,631
27,102.0,13,631
27,103.0,13,631
27,104.0,13,711
27,105.0,14,711
27,106.0,14,711
27,107.0,14,711
27,108.0,14,711
27,109.0,14,711
27,110.0,14,711
27,111.0,14,711
27,112.0,14,711
27,113.0,14,711
27,114.0,14,711
27,115.0,14,711
27,116.0,14,711
27,117.0,5,711
27,118.0,5,711
27,119.0,5,711
27,120.0,5,711
27,121.0,5,711
27,122.0,5,711
27,123.0,5,711
27,124.0,5,711
27,125.0,5,711
27,126.0,5,711
27,127.0,5,711
27,128.0,5,711
27,129.0,5,711
27,130.0,5,711
27,131.0,5,711
27,132.0,5,711
27,133.0,5,711
27,134.0,5,711
27,135.0,5,711
27,136.0,5,711
27,137.0,5,711
27,138.0,5,711
27,139.0,5,711
27,140.0,5,711
27,141.0,5,711
27,142.0,5,711
27,143.0,5,711
27,144.0,5,711
27,145.0,5,711
27,146.0,5,711
27,147.0,5,711
27,148.0,5,711
27,149.0,5,711
27,150.0,5,711
27,151.0,5,711
27,152.0,5,711
27,153.0,5,711
27,154.0,5,711
27,155.0,5,711
27,156.0,5,711
27,157.0,5,711
27,158.0,5,711
27,159.0,5,711
27,160.0,5,711
27,161.0,5,711
27,162.0,5,711
27,163.0,5,711
27,164.0,5,711
27,165.0,5,711
27,166.0,5,711
29,1.0,14,420
29,2.0,14,420
29,3.0,14,420
29,4.0,14,420
29,5.0,14,420
29,6.0,14,420
29,7.0,14,420
29,8.0,14,420
29,9.0,14,420
29,10.0,14,420
29,11.0,14,420
29,12.0,14,420
29,13.0,14,420
29,14.0,14,420
29,15.0,14,420
29,16.0,14,420
29,17.0,14,420
29,18.0,14,420
29,19.0,14,420
29,20.0,14,420
29,21.0,14,420
29,22.0,14,420
29,23.0,14,420
29,24.0,14,420
29,25.0,14,420
29,26.0,14,422
29,27.0,15,422
29,28.0,15,422
29,29.0,15,422
29,30.0,15,422
29,31.0,15,422
29,32.0,15,422
29,33.0,15,422
29,34.0,15,422
29,35.0,18,422
29,36.0,18,422
29,37.0,18,422
29,38.0,19,422
29,39.0,19,422
29,40.0,19,422
29,41.0,19,422
29,42.0,19,422
29,43.0,19,422
29,44.0,19,422
29,45.0,19,470
29,46.0,19,470
29,47.0,19,470
29,48.0,21,470
29,49.0,21,470
29,50.0,21,470
29,51.0,21,470
29,52.0,22,470
29,53.0,25,470
29,54.0,25,470
29,55.0,25,470
29,56.0,25,470
29,57.0,25,470
29,58.0,25,470
29,59.0,25,470
29,60.0,25,470
29,61.0,25,470
29,62.0,25,470
29,63.0,25,470
29,64.0,25,470
29,65.0,25,470
29,66.0,25,470
29,67.0,25,470
29,68.0,25,470
29,69.0,28,470
29,70.0,28,521
29,71.0,31,521
29,72.0,31,577
29,73.0,31,577
29,74.0,31,577
29,75.0,31,577
29,76.0,31,577
29,77.0,31,577
29,78.0,31,577
29,79.0,36,577
29,80.0,39,577
29,81.0,39,624
29,82.0,39,624
29,83.0,39,624
29,84.0,31,624
29,85.0,31,624
29,86.0,31,624
29,87.0,31,624
29,88.0,31,624
29,89.0,31,624
29,90.0,31,624
29,91.0,31,624
29,92.0,31,624
29,93.0,31,624
29,94.0,31,624
29,95.0,22,624
29,96.0,22,624
29,97.0,22,624
29,98.0,22,624
29,99.0,22,624
29,100.0,22,624
29,101.0,18,624
29,102.0,24,624
29,103.0,24,624
29,104.0,24,700
29,105.0,25,700
29,106.0,25,700
29,107.0,25,700
29,108.0,25,700
29,109.0,25,700
29,110.0,25,700
29,111.0,25,700
29,112.0,25,700
29,113.0,26,700
29,114.0,26,700
29,115.0,26,700
29,116.0,26,700
29,117.0,12,700
29,118.0,12,700
29,119.0,12,700
29,120.0,12,700
29,121.0,12,700
29,122.0,12,700
29,123.0,12,700
29,124.0,12,700
29,125.0,12,700
29,126.0,12,700
29,127.0,12,700
29,128.0,12,700
29,129.0,12,700
29,130.0,12,700
29,131.0,12,700
29,132.0,12,700
29,133.0,12,700
29,134.0,12,700
29,135.0,12,700
29,136.0,12,700
29,137.0,12,700
29,138.0,12,700
29,139.0,12,700
29,140.0,12,700
29,141.0,12,700
29,142.0,12,700
29,143.0,12,700
29,144.0,12,700
29,145.0,12,700
29,146.0,12,700
29,147.0,12,700
29,148.0,12,700
29,149.0,12,700
29,150.0,12,700
29,151.0,12,700
29,152.0,12,700
29,153.0,12,700
29,154.0,12,700
29,155.0,12,700
29,156.0,12,700
29,157.0,12,700
29,158.0,12,700
29,159.0,12,700
29,160.0,12,700
29,161.0,12,700
29,162.0,12,700
29,163.0,12,700
29,164.0,12,700
29,165.0,12,700
29,166.0,12,700
2,1.0,14,420
2,2.0,14,420
2,3.0,14,420
2,4.0,14,420
2,5.0,14,420
2,6.0,14,420
2,7.0,14,420
2,8.0,14,420
2,9.0,14,420
2,10.0,14,420
2,11.0,14,420
2,12.0,14,420
2,13.0,14,420
2,14.0,14,420
2,15.0,14,420
2,16.0,14,420
2,17.0,14,420
2,18.0,14,420
2,19.0,14,420
2,20.0,14,420
2,21.0,14,420
2,22.0,14,420
2,23.0,14,420
2,24.0,14,420
2,25.0,14,420
2,26.0,14,420
2,27.0,15,420
2,28.0,15,420
2,29.0,15,420
2,30.0,15,420
2,31.0,15,420
2,32.0,15,420
2,33.0,15,420
2,34.0,15,420
2,35.0,19,420
2,36.0,19,420
2,37.0,19,420
2,38.0,20,420
2,39.0,20,420
2,40.0,20,420
2,41.0,20,420
2,42.0,20,420
2,43.0,20,420
2,44.0,20,420
2,45.0,20,471
2,46.0,20,471
2,47.0,20,471
2,48.0,20,471
2,49.0,21,471
2,50.0,21,471
2,51.0,21,471
2,52.0,22,471
2,53.0,22,471
2,54.0,22,471
2,55.0,22,471
2,56.0,22,471
2,57.0,22,471
2,58.0,22,471
2,59.0,22,471
2,60.0,22,471
2,61.0,22,471
2,62.0,22,471
2,63.0,22,471
2,64.0,22,471
2,65.0,22,471
2,66.0,22,471
2,67.0,22,471
2,68.0,22,471
2,69.0,23,471
2,70.0,23,517
2,71.0,23,517
2,72.0,23,568
2,73.0,23,568
2,74.0,23,568
2,75.0,23,568
2,76.0,23,568
2,77.0,23,568
2,78.0,23,568
2,79.0,26,568
2,80.0,27,568
2,81.0,27,628
2,82.0,27,628
2,83.0,27,628
2,84.0,18,628
2,85.0,18,628
2,86.0,18,628
2,87.0,18,628
2,88.0,18,628
2,89.0,18,628
2,90.0,18,628
2,91.0,18,628
2,92.0,18,628
2,93.0,18,628
2,94.0,18,628
2,95.0,12,628
2,96.0,12,628
2,97.0,12,628
2,98.0,12,628
2,99.0,12,628
2,100.0,12,628
2,101.0,10,628
2,102.0,11,628
2,103.0,11,628
2,104.0,12,701
2,105.0,12,701
2,106.0,12,701
2,107.0,12,701
2,108.0,12,701
2,109.0,12,701
2,110.0,12,701
2,111.0,12,701
2,112.0,12,701
2,113.0,12,701
2,114.0,12,701
2,115.0,12,701
2,116.0,12,701
2,117.0,6,701
2,118.0,6,701
2,119.0,6,701
2,120.0,6,701
2,121.0,6,701
2,122.0,6,701
2,123.0,6,701
2,124.0,6,701
2,125.0,6,701
2,126.0,6,701
2,127.0,6,701
2,128.0,6,701
2,129.0,6,701
2,130.0,6,701
2,131.0,6,701
2,132.0,6,701
2,133.0,6,701
2,134.0,6,701
2,135.0,6,701
2,136.0,6,701
2,137.0,6,701
2,138.0,6,701
2,139.0,6,701
2,140.0,6,701
2,141.0,6,701
2,142.0,6,701
2,143.0,6,701
2,144.0,6,701
2,145.0,6,701
2,146.0,6,701
2,147.0,6,701
2,148.0,6,701
2,149.0,6,701
2,150.0,6,701
2,151.0,6,701
2,152.0,6,701
2,153.0,6,701
2,154.0,6,701
2,155.0,6,701
2,156.0,6,701
2,157.0,6,701
2,158.0,6,701
2,159.0,6,701
2,160.0,6,701
2,161.0,6,701
2,162.0,6,701
2,163.0,6,701
2,164.0,6,701
2,165.0,6,701
2,166.0,6,701
4,1.0,14,420
4,2.0,14,420
4,3.0,14,420
4,4.0,14,420
4,5.0,14,420
4,6.0,14,420
4,7.0,14,420
4,8.0,14,420
4,9.0,14,420
4,10.0,14,420
4,11.0,14,420
4,12.0,14,420
4,13.0,14,420
4,14.0,14,420
4,15.0,14,420
4,16.0,14,420
4,17.0,14,420
4,18.0,14,420
4,19.0,14,420
4,20.0,14,420
4,21.0,14,420
4,22.0,14,420
4,23.0,14,420
4,24.0,14,420
4,25.0,14,420
4,26.0,14,424
4,27.0,14,424
4,28.0,14,424
4,29.0,14,424
4,30.0,14,424
4,31.0,14,424
4,32.0,14,424
4,33.0,14,424
4,34.0,14,424
4,35.0,14,424
4,36.0,14,424
4,37.0,14,424
4,38.0,15,424
4,39.0,15,424
4,40.0,15,424
4,41.0,15,424
4,42.0,15,424
4,43.0,15,424
4,44.0,15,424
4,45.0,15,469
4,46.0,15,469
4,47.0,15,469
4,48.0,16,469
4,49.0,17,469
4,50.0,17,469
4,51.0,17,469
4,52.0,18,469
4,53.0,21,469
4,54.0,21,469
4,55.0,21,469
4,56.0,21,469
4,57.0,21,469
4,58.0,21,469
4,59.0,21,469
4,60.0,21,469
4,61.0,21,469
4,62.0,21,469
4,63.0,21,469
4,64.0,21,469
4,65.0,21,469
4,66.0,21,469
4,67.0,21,469
4,68.0,21,469
4,69.0,22,469
4,70.0,22,512
4,71.0,22,512
4,72.0,22,565
4,73.0,22,565
4,74.0,22,565
4,75.0,22,565
4,76.0,22,565
4,77.0,22,565
4,78.0,22,565
4,79.0,23,565
4,80.0,23,565
4,81.0,23,611
4,82.0,23,611
4,83.0,23,611
4,84.0,19,611
4,85.0,19,611
4,86.0,19,611
4,87.0,19,611
4,88.0,19,611
4,89.0,19,611
4,90.0,19,611
4,91.0,19,611
4,92.0,19,611
4,93.0,19,611
4,94.0,19,611
4,95.0,16,611
4,96.0,16,611
4,97.0,16,611
4,98.0,16,611
4,99.0,16,611
4,100.0,16,611
4,101.0,6,611
4,102.0,6,611
4,103.0,6,611
4,104.0,6,682
4,105.0,6,682
4,106.0,6,682
4,107.0,6,682
4,108.0,6,682
4,109.0,6,682
4,110.0,6,682
4,111.0,6,682
4,112.0,6,682
4,113.0,6,682
4,114.0,6,682
4,115.0,6,682
4,116.0,6,682
4,117.0,1,682
4,118.0,1,682
4,119.0,1,682
4,120.0,1,682
4,121.0,1,682
4,122.0,1,682
4,123.0,1,682
4,124.0,1,682
4,125.0,1,682
4,126.0,1,682
4,127.0,1,682
4,128.0,1,682
4,129.0,1,682
4,130.0,1,682
4,131.0,1,682
4,132.0,1,682
4,133.0,1,682
4,134.0,1,682
4,135.0,1,682
4,136.0,1,682
4,137.0,1,682
4,138.0,1,682
4,139.0,1,682
4,140.0,1,682
4,141.0,1,682
4,142.0,1,682
4,143.0,1,682
4,144.0,1,682
4,145.0,1,682
4,146.0,1,682
4,147.0,1,682
4,148.0,1,682
4,149.0,1,682
4,150.0,1,682
4,151.0,1,682
4,152.0,1,682
4,153.0,1,682
4,154.0,1,682
4,155.0,1,682
4,156.0,1,682
4,157.0,1,682
4,158.0,1,682
4,159.0,1,682
4,160.0,1,682
4,161.0,1,682
4,162.0,1,682
4,163.0,1,682
4,164.0,1,682
4,165.0,1,682
4,166.0,1,682
6,1.0,14,420
6,2.0,14,420
6,3.0,14,420
6,4.0,14,420
6,5.0,14,420
6,6.0,14,420
6,7.0,14,420
6,8.0,14,420
6,9.0,14,420
6,10.0,14,420
6,11.0,14,420
6,12.0,14,420
6,13.0,14,420
6,14.0,14,420
6,15.0,14,420
6,16.0,14,420
6,17.0,14,420
6,18.0,14,420
6,19.0,14,420
6,20.0,14,420
6,21.0,14,420
6,22.0,14,420
6,23.0,14,420
6,24.0,14,420
6,25.0,14,420
6,26.0,14,420
6,27.0,15,420
6,28.0,15,420
6,29.0,15,420
6,30.0,15,420
6,31.0,15,420
6,32.0,15,420
6,33.0,15,420
6,34.0,15,420
6,35.0,18,420
6,36.0,18,420
6,37.0,18,420
6,38.0,18,420
6,39.0,18,420
6,40.0,18,420
6,41.0,18,420
6,42.0,18,420
6,43.0,18,420
6,44.0,18,420
6,45.0,18,472
6,46.0,18,472
6,47.0,18,472
6,48.0,18,472
6,49.0,19,472
6,50.0,19,472
6,51.0,19,472
6,52.0,20,472
6,53.0,21,472
6,54.0,21,472
6,55.0,21,472
6,56.0,21,472
6,57.0,21,472
6,58.0,21,472
6,59.0,21,472
6,60.0,21,472
6,61.0,21,472
6,62.0,21,472
6,63.0,21,472
6,64.0,21,472
6,65.0,21,472
6,66.0,21,472
6,67.0,21,472
6,68.0,21,472
6,69.0,22,472
6,70.0,22,526
6,71.0,24,526
6,72.0,24,569
6,73.0,24,569
6,74.0,24,569
6,75.0,24,569
6,76.0,24,569
6,77.0,24,569
6,78.0,24,569
6,79.0,26,569
6,80.0,26,569
6,81.0,26,632
6,82.0,26,632
6,83.0,26,632
6,84.0,20,632
6,85.0,20,632
6,86.0,20,632
6,87.0,20,632
6,88.0,20,632
6,89.0,20,632
6,90.0,20,632
6,91.0,20,632
6,92.0,20,632
6,93.0,20,632
6,94.0,20,632
6,95.0,14,632
6,96.0,14,632
6,97.0,14,632
6,98.0,14,632
6,99.0,14,632
6,100.0,14,632
6,101.0,15,632
6,102.0,15,632
6,103.0,15,632
6,104.0,18,712
6,105.0,18,712
6,106.0,18,712
6,107.0,18,712
6,108.0,18,712
6,109.0,18,712
6,110.0,18,712
6,111.0,18,712
6,112.0,18,712
6,113.0,18,712
6,114.0,18,712
6,115.0,18,712
6,116.0,18,712
6,117.0,7,712
6,118.0,7,712
6,119.0,7,712
6,120.0,7,712
6,121.0,7,712
6,122.0,7,712
6,123.0,7,712
6,124.0,7,712
6,125.0,7,712
6,126.0,7,712
6,127.0,7,712
6,128.0,7,712
6,129.0,7,712
6,130.0,7,712
6,131.0,7,712
6,132.0,7,712
6,133.0,7,712
6,134.0,7,712
6,135.0,7,712
6,136.0,7,712
6,137.0,7,712
6,138.0,7,712
6,139.0,7,712
6,140.0,7,712
6,141.0,7,712
6,142.0,7,712
6,143.0,7,712
6,144.0,7,712
6,145.0,7,712
6,146.0,7,712
6,147.0,7,712
6,148.0,7,712
6,149.0,7,712
6,150.0,7,712
6,151.0,7,712
6,152.0,7,712
6,153.0,7,712
6,154.0,7,712
6,155.0,7,712
6,156.0,7,712
6,157.0,7,712
6,158.0,7,712
6,159.0,7,712
6,160.0,7,712
6,161.0,7,712
6,162.0,7,712
6,163.0,7,712
6,164.0,7,712
6,165.0,7,712
6,166.0,7,712
8,1.0,14,420
8,2.0,14,420
8,3.0,14,420
8,4.0,14,420
8,5.0,14,420
8,6.0,14,420
8,7.0,14,420
8,8.0,14,420
8,9.0,14,420
8,10.0,14,420
8,11.0,14,420
8,12.0,14,420
8,13.0,14,420
8,14.0,14,420
8,15.0,14,420
8,16.0,14,420
8,17.0,14,420
8,18.0,14,420
8,19.0,14,420
8,20.0,14,420
8,21.0,14,420
8,22.0,14,420
8,23.0,14,420
8,24.0,14,420
8,25.0,14,420
8,26.0,14,420
8,27.0,16,420
8,28.0,16,420
8,29.0,17,420
8,30.0,17,420
8,31.0,17,420
8,32.0,17,420
8,33.0,17,420
8,34.0,17,420
8,35.0,20,420
8,36.0,20,420
8,37.0,20,420
8,38.0,21,420
8,39.0,21,420
8,40.0,21,420
8,41.0,21,420
8,42.0,21,420
8,43.0,21,420
8,44.0,21,420
8,45.0,21,484
8,46.0,21,484
8,47.0,21,484
8,48.0,22,484
8,49.0,23,484
8,50.0,23,484
8,51.0,23,484
8,52.0,25,484
8,53.0,25,484
8,54.0,25,484
8,55.0,25,484
8,56.0,25,484
8,57.0,25,484
8,58.0,25,484
8,59.0,25,484
8,60.0,25,484
8,61.0,25,484
8,62.0,25,484
8,63.0,25,484
8,64.0,25,484
8,65.0,25,484
8,66.0,25,484
8,67.0,25,484
8,68.0,25,484
8,69.0,27,484
8,70.0,27,541
8,71.0,27,541
8,72.0,27,605
8,73.0,27,605
8,74.0,27,605
8,75.0,27,605
8,76.0,27,605
8,77.0,27,605
8,78.0,27,605
8,79.0,28,605
8,80.0,31,605
8,81.0,31,680
8,82.0,31,680
8,83.0,31,680
8,84.0,26,680
8,85.0,26,680
8,86.0,26,680
8,87.0,26,680
8,88.0,26,680
8,89.0,26,680
8,90.0,26,680
8,91.0,26,680
8,92.0,26,680
8,93.0,26,680
8,94.0,26,680
8,95.0,18,680
8,96.0,18,680
8,97.0,18,680
8,98.0,18,680
8,99.0,18,680
8,100.0,18,680
8,101.0,14,680
8,102.0,15,680
8,103.0,15,680
8,104.0,15,758
8,105.0,17,758
8,106.0,17,758
8,107.0,17,758
8,108.0,17,758
8,109.0,17,758
8,110.0,17,758
8,111.0,17,758
8,112.0,17,758
8,113.0,19,758
8,114.0,19,758
8,115.0,19,758
8,116.0,19,758
8,117.0,13,758
8,118.0,13,758
8,119.0,13,758
8,120.0,13,758
8,121.0,13,758
8,122.0,13,758
8,123.0,13,758
8,124.0,13,758
8,125.0,13,758
8,126.0,13,758
8,127.0,13,758
8,128.0,13,758
8,129.0,13,758
8,130.0,13,758
8,131.0,13,758
8,132.0,13,758
8,133.0,13,758
8,134.0,13,758
8,135.0,13,758
8,136.0,13,758
8,137.0,13,758
8,138.0,13,758
8,139.0,13,758
8,140.0,13,758
8,141.0,13,758
8,142.0,13,758
8,143.0,13,758
8,144.0,13,758
8,145.0,13,758
8,146.0,13,758
8,147.0,13,758
8,148.0,13,758
8,149.0,13,758
8,150.0,13,758
8,151.0,13,758
8,152.0,13,758
8,153.0,13,758
8,154.0,13,758
8,155.0,13,758
8,156.0,13,758
8,157.0,13,758
8,158.0,13,758
8,159.0,13,758
8,160.0,13,758
8,161.0,13,758
8,162.0,13,758
8,163.0,13,758
8,164.0,13,758
8,165.0,13,758
8,166.0,13,758
10,1.0,14,420
10,2.0,14,420
10,3.0,14,420
10,4.0,14,420
10,5.0,14,420
10,6.0,14,420
10,7.0,14,420
10,8.0,14,420
10,9.0,14,420
10,10.0,14,420
10,11.0,14,420
10,12.0,14,420
10,13.0,14,420
10,14.0,14,420
10,15.0,14,420
10,16.0,14,420
10,17.0,14,420
10,18.0,14,420
10,19.0,14,420
10,20.0,14,420
10,21.0,14,420
10,22.0,14,420
10,23.0,14,420
10,24.0,14,420
10,25.0,14,420
10,26.0,14,421
10,27.0,15,421
10,28.0,15,421
10,29.0,18,421
10,30.0,18,421
10,31.0,18,421
10,32.0,18,421
10,33.0,18,421
10,34.0,18,421
10,35.0,21,421
10,36.0,21,421
10,37.0,21,421
10,38.0,22,421
10,39.0,22,421
10,40.0,22,421
10,41.0,22,421
10,42.0,22,421
10,43.0,22,421
10,44.0,22,421
10,45.0,22,470
10,46.0,22,470
10,47.0,22,470
10,48.0,23,470
10,49.0,25,470
10,50.0,25,470
10,51.0,25,470
10,52.0,26,470
10,53.0,27,470
10,54.0,27,470
10,55.0,27,470
10,56.0,27,470
10,57.0,27,470
10,58.0,27,470
10,59.0,27,470
10,60.0,27,470
10,61.0,27,470
10,62.0,27,470
10,63.0,27,470
10,64.0,27,470
10,65.0,27,470
10,66.0,27,470
10,67.0,27,470
10,68.0,27,470
10,69.0,30,470
10,70.0,30,509
10,71.0,31,509
10,72.0,31,555
10,73.0,31,555
10,74.0,31,555
10,75.0,31,555
10,76.0,31,555
10,77.0,31,555
10,78.0,31,555
10,79.0,35,555
10,80.0,38,555
10,81.0,38,599
10,82.0,38,599
10,83.0,38,599
10,84.0,31,599
10,85.0,31,599
10,86.0,31,599
10,87.0,31,599
10,88.0,31,599
10,89.0,31,599
10,90.0,31,599
10,91.0,31,599
10,92.0,31,599
10,93.0,31,599
10,94.0,31,599
10,95.0,23,599
10,96.0,23,599
10,97.0,23,599
10,98.0,23,599
10,99.0,23,599
10,100.0,23,599
10,101.0,24,599
10,102.0,26,599
10,103.0,26,599
10,104.0,27,661
10,105.0,29,661
10,106.0,29,661
10,107.0,29,661
10,108.0,29,661
10,109.0,29,661
10,110.0,29,661
10,111.0,29,661
10,112.0,29,661
10,113.0,30,661
10,114.0,30,661
10,115.0,30,661
10,116.0,30,661
10,117.0,12,661
10,118.0,12,661
10,119.0,12,661
10,120.0,12,661
10,121.0,12,661
10,122.0,12,661
10,123.0,12,661
10,124.0,12,661
10,125.0,12,661
10,126.0,12,661
10,127.0,12,661
10,128.0,12,661
10,129.0,12,661
10,130.0,12,661
10,131.0,12,661
10,132.0,12,661
10,133.0,12,661
10,134.0,12,661
10,135.0,12,661
10,136.0,12,661
10,137.0,12,661
10,138.0,12,661
10,139.0,12,661
10,140.0,12,661
10,141.0,12,661
10,142.0,12,661
10,143.0,12,661
10,144.0,12,661
10,145.0,12,661
10,146.0,12,661
10,147.0,12,661
10,148.0,12,661
10,149.0,12,661
10,150.0,12,661
10,151.0,12,661
10,152.0,12,661
10,153.0,12,661
10,154.0,12,661
10,155.0,12,661
10,156.0,12,661
10,157.0,12,661
10,158.0,12,661
10,159.0,12,661
10,160.0,12,661
10,161.0,12,661
10,162.0,12,661
10,163.0,12,661
10,164.0,12,661
10,165.0,12,661
10,166.0,12,661
12,1.0,14,420
12,2.0,14,420
12,3.0,14,420
12,4.0,14,420
12,5.0,14,420
12,6.0,14,420
12,7.0,14,420
12,8.0,14,420
12,9.0,14,420
12,10.0,14,420
12,11.0,14,420
12,12.0,14,420
12,13.0,14,420
12,14.0,14,420
12,15.0,14,420
12,16.0,14,420
12,17.0,14,420
12,18.0,14,420
12,19.0,14,420
12,20.0,14,420
12,21.0,14,420
12,22.0,14,420
12,23.0,14,420
12,24.0,14,420
12,25.0,14,420
12,26.0,14,421
12,27.0,15,421
12,28.0,15,421
12,29.0,17,421
12,30.0,17,421
12,31.0,17,421
12,32.0,17,421
12,33.0,17,421
12,34.0,17,421
12,35.0,19,421
12,36.0,19,421
12,37.0,19,421
12,38.0,22,421
12,39.0,22,421
12,40.0,22,421
12,41.0,22,421
12,42.0,22,421
12,43.0,22,421
12,44.0,22,421
12,45.0,22,472
12,46.0,22,472
12,47.0,22,472
12,48.0,24,472
12,49.0,27,472
12,50.0,27,472
12,51.0,27,472
12,52.0,28,472
12,53.0,28,472
12,54.0,28,472
12,55.0,28,472
12,56.0,28,472
12,57.0,28,472
12,58.0,28,472
12,59.0,28,472
12,60.0,28,472
12,61.0,28,472
12,62.0,28,472
12,63.0,28,472
12,64.0,28,472
12,65.0,28,472
12,66.0,28,472
12,67.0,28,472
12,68.0,28,472
12,69.0,30,472
12,70.0,30,522
12,71.0,32,522
12,72.0,32,570
12,73.0,32,570
12,74.0,32,570
12,75.0,32,570
12,76.0,32,570
12,77.0,32,570
12,78.0,32,570
12,79.0,35,570
12,80.0,38,570
12,81.0,38,628
12,82.0,38,628
12,83.0,38,628
12,84.0,32,628
12,85.0,32,628
12,86.0,32,628
12,87.0,32,628
12,88.0,32,628
12,89.0,32,628
12,90.0,32,628
12,91.0,32,628
12,92.0,32,628
12,93.0,32,628
12,94.0,32,628
12,95.0,24,628
12,96.0,24,628
12,97.0,24,628
12,98.0,24,628
12,99.0,24,628
12,100.0,24,628
12,101.0,13,628
12,102.0,14,628
12,103.0,14,628
12,104.0,15,706
12,105.0,15,706
12,106.0,15,706
12,107.0,15,706
12,108.0,15,706
12,109.0,15,706
12,110.0,15,706
12,111.0,15,706
12,112.0,15,706
12,113.0,16,706
12,114.0,16,706
12,115.0,16,706
12,116.0,16,706
12,117.0,6,706
12,118.0,6,706
12,119.0,6,706
12,120.0,6,706
12,121.0,6,706
12,122.0,6,706
12,123.0,6,706
12,124.0,6,706
12,125.0,6,706
12,126.0,6,706
12,127.0,6,706
12,128.0,6,706
12,129.0,6,706
12,130.0,6,706
12,131.0,6,706
12,132.0,6,706
12,133.0,6,706
12,134.0,6,706
12,135.0,6,706
12,136.0,6,706
12,137.0,6,706
12,138.0,6,706
12,139.0,6,706
12,140.0,6,706
12,141.0,6,706
12,142.0,6,706
12,143.0,6,706
12,144.0,6,706
12,145.0,6,706
12,146.0,6,706
12,147.0,6,706
12,148.0,6,706
12,149.0,6,706
12,150.0,6,706
12,151.0,6,706
12,152.0,6,706
12,153.0,6,706
12,154.0,6,706
12,155.0,6,706
12,156.0,6,706
12,157.0,6,706
12,158.0,6,706
12,159.0,6,706
12,160.0,6,706
12,161.0,6,706
12,162.0,6,706
12,163.0,6,706
12,164.0,6,706
12,165.0,6,706
12,166.0,6,706
14,1.0,14,420
14,2.0,14,420
14,3.0,14,420
14,4.0,14,420
14,5.0,14,420
14,6.0,14,420
14,7.0,14,420
14,8.0,14,420
14,9.0,14,420
14,10.0,14,420
14,11.0,14,420
14,12.0,14,420
14,13.0,14,420
14,14.0,14,420
14,15.0,14,420
14,16.0,14,420
14,17.0,14,420
14,18.0,14,420
14,19.0,14,420
14,20.0,14,420
14,21.0,14,420
14,22.0,14,420
14,23.0,14,420
14,24.0,14,420
14,25.0,14,420
14,26.0,14,423
14,27.0,15,423
14,28.0,15,423
14,29.0,15,423
14,30.0,15,423
14,31.0,15,423
14,32.0,15,423
14,33.0,15,423
14,34.0,15,423
14,35.0,18,423
14,36.0,18,423
14,37.0,18,423
14,38.0,18,423
14,39.0,18,423
14,40.0,18,423
14,41.0,18,423
14,42.0,18,423
14,43.0,18,423
14,44.0,18,423
14,45.0,18,472
14,46.0,18,472
14,47.0,18,472
14,48.0,20,472
14,49.0,24,472
14,50.0,24,472
14,51.0,24,472
14,52.0,26,472
14,53.0,27,472
14,54.0,27,472
14,55.0,27,472
14,56.0,27,472
14,57.0,27,472
14,58.0,27,472
14,59.0,27,472
14,60.0,27,472
14,61.0,27,472
14,62.0,27,472
14,63.0,27,472
14,64.0,27,472
14,65.0,27,472
14,66.0,27,472
14,67.0,27,472
14,68.0,27,472
14,69.0,29,472
14,70.0,29,522
14,71.0,30,522
14,72.0,30,572
14,73.0,30,572
14,74.0,30,572
14,75.0,30,572
14,76.0,30,572
14,77.0,30,572
14,78.0,30,572
14,79.0,32,572
14,80.0,36,572
14,81.0,36,627
14,82.0,36,627
14,83.0,36,627
14,84.0,31,627
14,85.0,31,627
14,86.0,31,627
14,87.0,31,627
14,88.0,31,627
14,89.0,31,627
14,90.0,31,627
14,91.0,31,627
14,92.0,31,627
14,93.0,31,627
14,94.0,31,627
14,95.0,24,627
14,96.0,24,627
14,97.0,24,627
14,98.0,24,627
14,99.0,24,627
14,100.0,24,627
14,101.0,18,627
14,102.0,18,627
14,103.0,18,627
14,104.0,20,698
14,105.0,22,698
14,106.0,22,698
14,107.0,22,698
14,108.0,22,698
14,109.0,22,698
14,110.0,22,698
14,111.0,22,698
14,112.0,22,698
14,113.0,22,698
14,114.0,22,698
14,115.0,22,698
14,116.0,22,698
14,117.0,11,698
14,118.0,11,698
14,119.0,11,698
14,120.0,11,698
14,121.0,11,698
14,122.0,11,698
14,123.0,11,698
14,124.0,11,698
14,125.0,11,698
14,126.0,11,698
14,127.0,11,698
14,128.0,11,698
14,129.0,11,698
14,130.0,11,698
14,131.0,11,698
14,132.0,11,698
14,133.0,11,698
14,134.0,11,698
14,135.0,11,698
14,136.0,11,698
14,137.0,11,698
14,138.0,11,698
14,139.0,11,698
14,140.0,11,698
14,141.0,11,698
14,142.0,11,698
14,143.0,11,698
14,144.0,11,698
14,145.0,11,698
14,146.0,11,698
14,147.0,11,698
14,148.0,11,698
14,149.0,11,698
14,150.0,11,698
14,151.0,11,698
14,152.0,11,698
14,153.0,11,698
14,154.0,11,698
14,155.0,11,698
14,156.0,11,698
14,157.0,11,698
14,158.0,11,698
14,159.0,11,698
14,160.0,11,698
14,161.0,11,698
14,162.0,11,698
14,163.0,11,698
14,164.0,11,698
14,165.0,11,698
14,166.0,11,698
16,1.0,14,420
16,2.0,14,420
16,3.0,14,420
16,4.0,14,420
16,5.0,14,420
16,6.0,14,420
16,7.0,14,420
16,8.0,14,420
16,9.0,14,420
16,10.0,14,420
16,11.0,14,420
16,12.0,14,420
16,13.0,14,420
16,14.0,14,420
16,15.0,14,420
16,16.0,14,420
16,17.0,14,420
16,18.0,14,420
16,19.0,14,420
16,20.0,14,420
16,21.0,14,420
16,22.0,14,420
16,23.0,14,420
16,24.0,14,420
16,25.0,14,420
16,26.0,14,420
16,27.0,15,420
16,28.0,15,420
16,29.0,15,420
16,30.0,15,420
16,31.0,15,420
16,32.0,15,420
16,33.0,15,420
16,34.0,15,420
16,35.0,15,420
16,36.0,15,420
16,37.0,15,420
16,38.0,16,420
16,39.0,16,420
16,40.0,16,420
16,41.0,16,420
16,42.0,16,420
16,43.0,16,420
16,44.0,16,420
16,45.0,16,473
16,46.0,16,473
16,47.0,16,473
16,48.0,17,473
16,49.0,17,473
16,50.0,17,473
16,51.0,17,473
16,52.0,18,473
16,53.0,19,473
16,54.0,19,473
16,55.0,19,473
16,56.0,19,473
16,57.0,19,473
16,58.0,19,473
16,59.0,19,473
16,60.0,19,473
16,61.0,19,473
16,62.0,19,473
16,63.0,19,473
16,64.0,19,473
16,65.0,19,473
16,66.0,19,473
16,67.0,19,473
16,68.0,19,473
16,69.0,20,473
16,70.0,20,512
16,71.0,21,512
16,72.0,21,551
16,73.0,21,551
16,74.0,21,551
16,75.0,21,551
16,76.0,21,551
16,77.0,21,551
16,78.0,21,551
16,79.0,23,551
16,80.0,26,551
16,81.0,26,610
16,82.0,26,610
16,83.0,26,610
16,84.0,22,610
16,85.0,22,610
16,86.0,22,610
16,87.0,22,610
16,88.0,22,610
16,89.0,22,610
16,90.0,22,610
16,91.0,22,610
16,92.0,22,610
16,93.0,22,610
16,94.0,22,610
16,95.0,13,610
16,96.0,13,610
16,97.0,13,610
16,98.0,13,610
16,99.0,13,610
16,100.0,13,610
16,101.0,7,610
16,102.0,7,610
16,103.0,7,610
16,104.0,8,689
16,105.0,8,689
16,106.0,8,689
16,107.0,8,689
16,108.0,8,689
16,109.0,8,689
16,110.0,8,689
16,111.0,8,689
16,112.0,8,689
16,113.0,8,689
16,114.0,8,689
16,115.0,8,689
16,116.0,8,689
16,117.0,3,689
16,118.0,3,689
16,119.0,3,689
16,120.0,3,689
16,121.0,3,689
16,122.0,3,689
16,123.0,3,689
16,124.0,3,689
16,125.0,3,689
16,126.0,3,689
16,127.0,3,689
16,128.0,3,689
16,129.0,3,689
16,130.0,3,689
16,131.0,3,689
16,132.0,3,689
16,133.0,3,689
16,134.0,3,689
16,135.0,3,689
16,136.0,3,689
16,137.0,3,689
16,138.0,3,689
16,139.0,3,689
16,140.0,3,689
16,141.0,3,689
16,142.0,3,689
16,143.0,3,689
16,144.0,3,689
16,145.0,3,689
16,146.0,3,689
16,147.0,3,689
16,148.0,3,689
16,149.0,3,689
16,150.0,3,689
16,151.0,3,689
16,152.0,3,689
16,153.0,3,689
16,154.0,3,689
16,155.0,3,689
16,156.0,3,689
16,157.0,3,689
16,158.0,3,689
16,159.0,3,689
16,160.0,3,689
16,161.0,3,689
16,162.0,3,689
16,163.0,3,689
16,164.0,3,689
16,165.0,3,689
16,166.0,3,689
18,1.0,14,420
18,2.0,14,420
18,3.0,14,420
18,4.0,14,420
18,5.0,14,420
18,6.0,14,420
18,7.0,14,420
18,8.0,14,420
18,9.0,14,420
18,10.0,14,420
18,11.0,14,420
18,12.0,14,420
18,13.0,14,420
18,14.0,14,420
18,15.0,14,420
18,16.0,14,420
18,17.0,14,420
18,18.0,14,420
18,19.0,14,420
18,20.0,14,420
18,21.0,14,420
18,22.0,14,420
18,23.0,14,420
18,24.0,14,420
18,25.0,14,420
18,26.0,14,420
18,27.0,14,420
18,28.0,14,420
18,29.0,15,420
18,30.0,15,420
18,31.0,15,420
18,32.0,15,420
18,33.0,15,420
18,34.0,15,420
18,35.0,16,420
18,36.0,16,420
18,37.0,16,420
18,38.0,18,420
18,39.0,18,420
18,40.0,18,420
18,41.0,18,420
18,42.0,18,420
18,43.0,18,420
18,44.0,18,420
18,45.0,18,475
18,46.0,18,475
18,47.0,18,475
18,48.0,18,475
18,49.0,21,475
18,50.0,21,475
18,51.0,21,475
18,52.0,22,475
18,53.0,24,475
18,54.0,24,475
18,55.0,24,475
18,56.0,24,475
18,57.0,24,475
18,58.0,24,475
18,59.0,24,475
18,60.0,24,475
18,61.0,24,475
18,62.0,24,475
18,63.0,24,475
18,64.0,24,475
18,65.0,24,475
18,66.0,24,475
18,67.0,24,475
18,68.0,24,475
18,69.0,25,475
18,70.0,25,522
18,71.0,26,522
18,72.0,26,572
18,73.0,26,572
18,74.0,26,572
18,75.0,26,572
18,76.0,26,572
18,77.0,26,572
18,78.0,26,572
18,79.0,29,572
18,80.0,31,572
18,81.0,31,633
18,82.0,31,633
18,83.0,31,633
18,84.0,27,633
18,85.0,27,633
18,86.0,27,633
18,87.0,27,633
18,88.0,27,633
18,89.0,27,633
18,90.0,27,633
18,91.0,27,633
18,92.0,27,633
18,93.0,27,633
18,94.0,27,633
18,95.0,20,633
18,96.0,20,633
18,97.0,20,633
18,98.0,20,633
18,99.0,20,633
18,100.0,20,633
18,101.0,11,633
18,102.0,11,633
18,103.0,11,633
18,104.0,12,708
18,105.0,14,708
18,106.0,14,708
18,107.0,14,708
18,108.0,14,708
18,109.0,14,708
18,110.0,14,708
18,111.0,14,708
18,112.0,14,708
18,113.0,14,708
18,114.0,14,708
18,115.0,14,708
18,116.0,14,708
18,117.0,4,708
18,118.0,4,708
18,119.0,4,708
18,120.0,4,708
18,121.0,4,708
18,122.0,4,708
18,123.0,4,708
18,124.0,4,708
18,125.0,4,708
18,126.0,4,708
18,127.0,4,708
18,128.0,4,708
18,129.0,4,708
18,130.0,4,708
18,131.0,4,708
18,132.0,4,708
18,133.0,4,708
18,134.0,4,708
18,135.0,4,708
18,136.0,4,708
18,137.0,4,708
18,138.0,4,708
18,139.0,4,708
18,140.0,4,708
18,141.0,4,708
18,142.0,4,708
18,143.0,4,708
18,144.0,4,708
18,145.0,4,708
18,146.0,4,708
18,147.0,4,708
18,148.0,4,708
18,149.0,4,708
18,150.0,4,708
18,151.0,4,708
18,152.0,4,708
18,153.0,4,708
18,154.0,4,708
18,155.0,4,708
18,156.0,4,708
18,157.0,4,708
18,158.0,4,708
18,159.0,4,708
18,160.0,4,708
18,161.0,4,708
18,162.0,4,708
18,163.0,4,708
18,164.0,4,708
18,165.0,4,708
18,166.0,4,708
20,1.0,14,420
20,2.0,14,420
20,3.0,14,420
20,4.0,14,420
20,5.0,14,420
20,6.0,14,420
20,7.0,14,420
20,8.0,14,420
20,9.0,14,420
20,10.0,14,420
20,11.0,14,420
20,12.0,14,420
20,13.0,14,420
20,14.0,14,420
20,15.0,14,420
20,16.0,14,420
20,17.0,14,420
20,18.0,14,420
20,19.0,14,420
20,20.0,14,420
20,21.0,14,420
20,22.0,14,420
20,23.0,14,420
20,24.0,14,420
20,25.0,14,420
20,26.0,14,420
20,27.0,14,420
20,28.0,14,420
20,29.0,14,420
20,30.0,14,420
20,31.0,14,420
20,32.0,14,420
20,33.0,14,420
20,34.0,14,420
20,35.0,18,420
20,36.0,18,420
20,37.0,18,420
20,38.0,19,420
20,39.0,19,420
20,40.0,19,420
20,41.0,19,420
20,42.0,19,420
20,43.0,19,420
20,44.0,19,420
20,45.0,19,479
20,46.0,19,479
20,47.0,19,479
20,48.0,20,479
20,49.0,20,479
20,50.0,20,479
20,51.0,20,479
20,52.0,20,479
20,53.0,23,479
20,54.0,23,479
20,55.0,23,479
20,56.0,23,479
20,57.0,23,479
20,58.0,23,479
20,59.0,23,479
20,60.0,23,479
20,61.0,23,479
20,62.0,23,479
20,63.0,23,479
20,64.0,23,479
20,65.0,23,479
20,66.0,23,479
20,67.0,23,479
20,68.0,23,479
20,69.0,25,479
20,70.0,25,534
20,71.0,25,534
20,72.0,25,580
20,73.0,25,580
20,74.0,25,580
20,75.0,25,580
20,76.0,25,580
20,77.0,25,580
20,78.0,25,580
20,79.0,25,580
20,80.0,30,580
20,81.0,30,641
20,82.0,30,641
20,83.0,30,641
20,84.0,26,641
20,85.0,26,641
20,86.0,26,641
20,87.0,26,641
20,88.0,26,641
20,89.0,26,641
20,90.0,26,641
20,91.0,26,641
20,92.0,26,641
20,93.0,26,641
20,94.0,26,641
20,95.0,21,641
20,96.0,21,641
20,97.0,21,641
20,98.0,21,641
20,99.0,21,641
20,100.0,21,641
20,101.0,16,641
20,102.0,18,641
20,103.0,18,641
20,104.0,21,704
20,105.0,21,704
20,106.0,21,704
20,107.0,21,704
20,108.0,21,704
20,109.0,21,704
20,110.0,21,704
20,111.0,21,704
20,112.0,21,704
20,113.0,23,704
20,114.0,23,704
20,115.0,23,704
20,116.0,23,704
20,117.0,11,704
20,118.0,11,704
20,119.0,11,704
20,120.0,11,704
20,121.0,11,704
20,122.0,11,704
20,123.0,11,704
20,124.0,11,704
20,125.0,11,704
20,126.0,11,704
20,127.0,11,704
20,128.0,11,704
20,129.0,11,704
20,130.0,11,704
20,131.0,11,704
20,132.0,11,704
20,133.0,11,704
20,134.0,11,704
20,135.0,11,704
20,136.0,11,704
20,137.0,11,704
20,138.0,11,704
20,139.0,11,704
20,140.0,11,704
20,141.0,11,704
20,142.0,11,704
20,143.0,11,704
20,144.0,11,704
20,145.0,11,704
20,146.0,11,704
20,147.0,11,704
20,148.0,11,704
20,149.0,11,704
20,150.0,11,704
20,151.0,11,704
20,152.0,11,704
20,153.0,11,704
20,154.0,11,704
20,155.0,11,704
20,156.0,11,704
20,157.0,11,704
20,158.0,11,704
20,159.0,11,704
20,160.0,11,704
20,161.0,11,704
20,162.0,11,704
20,163.0,11,704
20,164.0,11,704
20,165.0,11,704
20,166.0,11,704
22,1.0,14,420
22,2.0,14,420
22,3.0,14,420
22,4.0,14,420
22,5.0,14,420
22,6.0,14,420
22,7.0,14,420
22,8.0,14,420
22,9.0,14,420
22,10.0,14,420
22,11.0,14,420
22,12.0,14,420
22,13.0,14,420
22,14.0,14,420
22,15.0,14,420
22,16.0,14,420
22,17.0,14,420
22,18.0,14,420
22,19.0,14,420
22,20.0,14,420
22,21.0,14,420
22,22.0,14,420
22,23.0,14,420
22,24.0,14,420
22,25.0,14,420
22,26.0,14,422
22,27.0,14,422
22,28.0,14,422
22,29.0,15,422
22,30.0,15,422
22,31.0,15,422
22,32.0,15,422
22,33.0,15,422
22,34.0,15,422
22,35.0,19,422
22,36.0,19,422
22,37.0,19,422
22,38.0,19,422
22,39.0,19,422
22,40.0,19,422
22,41.0,19,422
22,42.0,19,422
22,43.0,19,422
22,44.0,19,422
22,45.0,19,466
22,46.0,19,466
22,47.0,19,466
22,48.0,23,466
22,49.0,24,466
22,50.0,24,466
22,51.0,24,466
22,52.0,24,466
22,53.0,26,466
22,54.0,26,466
22,55.0,26,466
22,56.0,26,466
22,57.0,26,466
22,58.0,26,466
22,59.0,26,466
22,60.0,26,466
22,61.0,26,466
22,62.0,26,466
22,63.0,26,466
22,64.0,26,466
22,65.0,26,466
22,66.0,26,466
22,67.0,26,466
22,68.0,26,466
22,69.0,28,466
22,70.0,28,524
22,71.0,29,524
22,72.0,29,579
22,73.0,29,579
22,74.0,29,579
22,75.0,29,579
22,76.0,29,579
22,77.0,29,579
22,78.0,29,579
22,79.0,32,579
22,80.0,33,579
22,81.0,33,625
22,82.0,33,625
22,83.0,33,625
22,84.0,25,625
22,85.0,25,625
22,86.0,25,625
22,87.0,25,625
22,88.0,25,625
22,89.0,25,625
22,90.0,25,625
22,91.0,25,625
22,92.0,25,625
22,93.0,25,625
22,94.0,25,625
22,95.0,15,625
22,96.0,15,625
22,97.0,15,625
22,98.0,15,625
22,99.0,15,625
22,100.0,15,625
22,101.0,12,625
22,102.0,13,625
22,103.0,13,625
22,104.0,14,680
22,105.0,15,680
22,106.0,15,680
22,107.0,15,680
22,108.0,15,680
22,109.0,15,680
22,110.0,15,680
22,111.0,15,680
22,112.0,15,680
22,113.0,15,680
22,114.0,15,680
22,115.0,15,680
22,116.0,15,680
22,117.0,6,680
22,118.0,6,680
22,119.0,6,680
22,120.0,6,680
22,121.0,6,680
22,122.0,6,680
22,123.0,6,680
22,124.0,6,680
22,125.0,6,680
22,126.0,6,680
22,127.0,6,680
22,128.0,6,680
22,129.0,6,680
22,130.0,6,680
22,131.0,6,680
22,132.0,6,680
22,133.0,6,680
22,134.0,6,680
22,135.0,6,680
22,136.0,6,680
22,137.0,6,680
22,138.0,6,680
22,139.0,6,680
22,140.0,6,680
22,141.0,6,680
22,142.0,6,680
22,143.0,6,680
22,144.0,6,680
22,145.0,6,680
22,146.0,6,680
22,147.0,6,680
22,148.0,6,680
22,149.0,6,680
22,150.0,6,680
22,151.0,6,680
22,152.0,6,680
22,153.0,6,680
22,154.0,6,680
22,155.0,6,680
22,156.0,6,680
22,157.0,6,680
22,158.0,6,680
22,159.0,6,680
22,160.0,6,680
22,161.0,6,680
22,162.0,6,680
22,163.0,6,680
22,164.0,6,680
22,165.0,6,680
22,166.0,6,680
24,1.0,14,420
24,2.0,14,420
24,3.0,14,420
24,4.0,14,420
24,5.0,14,420
24,6.0,14,420
24,7.0,14,420
24,8.0,14,420
24,9.0,14,420
24,10.0,14,420
24,11.0,14,420
24,12.0,14,420
24,13.0,14,420
24,14.0,14,420
24,15.0,14,420
24,16.0,14,420
24,17.0,14,420
24,18.0,14,420
24,19.0,14,420
24,20.0,14,420
24,21.0,14,420
24,22.0,14,420
24,23.0,14,420
24,24.0,14,420
24,25.0,14,420
24,26.0,14,421
24,27.0,14,421
24,28.0,14,421
24,29.0,16,421
24,30.0,16,421
24,31.0,16,421
24,32.0,16,421
24,33.0,16,421
24,34.0,16,421
24,35.0,20,421
24,36.0,20,421
24,37.0,20,421
24,38.0,21,421
24,39.0,21,421
24,40.0,21,421
24,41.0,21,421
24,42.0,21,421
24,43.0,21,421
24,44.0,21,421
24,45.0,21,473
24,46.0,21,473
24,47.0,21,473
24,48.0,22,473
24,49.0,22,473
24,50.0,22,473
24,51.0,22,473
24,52.0,22,473
24,53.0,22,473
24,54.0,22,473
24,55.0,22,473
24,56.0,22,473
24,57.0,22,473
24,58.0,22,473
24,59.0,22,473
24,60.0,22,473
24,61.0,22,473
24,62.0,22,473
24,63.0,22,473
24,64.0,22,473
24,65.0,22,473
24,66.0,22,473
24,67.0,22,473
24,68.0,22,473
24,69.0,24,473
24,70.0,24,515
24,71.0,26,515
24,72.0,26,565
24,73.0,26,565
24,74.0,26,565
24,75.0,26,565
24,76.0,26,565
24,77.0,26,565
24,78.0,26,565
24,79.0,28,565
24,80.0,30,565
24,81.0,30,623
24,82.0,30,623
24,83.0,30,623
24,84.0,27,623
24,85.0,27,623
24,86.0,27,623
24,87.0,27,623
24,88.0,27,623
24,89.0,27,623
24,90.0,27,623
24,91.0,27,623
24,92.0,27,623
24,93.0,27,623
24,94.0,27,623
24,95.0,19,623
24,96.0,19,623
24,97.0,19,623
24,98.0,19,623
24,99.0,19,623
24,100.0,19,623
24,101.0,14,623
24,102.0,15,623
24,103.0,15,623
24,104.0,16,697
24,105.0,17,697
24,106.0,17,697
24,107.0,17,697
24,108.0,17,697
24,109.0,17,697
24,110.0,17,697
24,111.0,17,697
24,112.0,17,697
24,113.0,17,697
24,114.0,17,697
24,115.0,17,697
24,116.0,17,697
24,117.0,6,697
24,118.0,6,697
24,119.0,6,697
24,120.0,6,697
24,121.0,6,697
24,122.0,6,697
24,123.0,6,697
24,124.0,6,697
24,125.0,6,697
24,126.0,6,697
24,127.0,6,697
24,128.0,6,697
24,129.0,6,697
24,130.0,6,697
24,131.0,6,697
24,132.0,6,697
24,133.0,6,697
24,134.0,6,697
24,135.0,6,697
24,136.0,6,697
24,137.0,6,697
24,138.0,6,697
24,139.0,6,697
24,140.0,6,697
24,141.0,6,697
24,142.0,6,697
24,143.0,6,697
24,144.0,6,697
24,145.0,6,697
24,146.0,6,697
24,147.0,6,697
24,148.0,6,697
24,149.0,6,697
24,150.0,6,697
24,151.0,6,697
24,152.0,6,697
24,153.0,6,697
24,154.0,6,697
24,155.0,6,697
24,156.0,6,697
24,157.0,6,697
24,158.0,6,697
24,159.0,6,697
24,160.0,6,697
24,161.0,6,697
24,162.0,6,697
24,163.0,6,697
24,164.0,6,697
24,165.0,6,697
24,166.0,6,697
26,1.0,14,420
26,2.0,14,420
26,3.0,14,420
26,4.0,14,420
26,5.0,14,420
26,6.0,14,420
26,7.0,14,420
26,8.0,14,420
26,9.0,14,420
26,10.0,14,420
26,11.0,14,420
26,12.0,14,420
26,13.0,14,420
26,14.0,14,420
26,15.0,14,420
26,16.0,14,420
26,17.0,14,420
26,18.0,14,420
26,19.0,14,420
26,20.0,14,420
26,21.0,14,420
26,22.0,14,420
26,23.0,14,420
26,24.0,14,420
26,25.0,14,420
26,26.0,14,421
26,27.0,14,421
26,28.0,14,421
26,29.0,14,421
26,30.0,14,421
26,31.0,14,421
26,32.0,14,421
26,33.0,14,421
26,34.0,14,421
26,35.0,16,421
26,36.0,16,421
26,37.0,16,421
26,38.0,16,421
26,39.0,16,421
26,40.0,16,421
26,41.0,16,421
26,42.0,16,421
26,43.0,16,421
26,44.0,16,421
26,45.0,16,476
26,46.0,16,476
26,47.0,16,476
26,48.0,19,476
26,49.0,20,476
26,50.0,20,476
26,51.0,20,476
26,52.0,23,476
26,53.0,23,476
26,54.0,23,476
26,55.0,23,476
26,56.0,23,476
26,57.0,23,476
26,58.0,23,476
26,59.0,23,476
26,60.0,23,476
26,61.0,23,476
26,62.0,23,476
26,63.0,23,476
26,64.0,23,476
26,65.0,23,476
26,66.0,23,476
26,67.0,23,476
26,68.0,23,476
26,69.0,25,476
26,70.0,25,540
26,71.0,25,540
26,72.0,25,598
26,73.0,25,598
26,74.0,25,598
26,75.0,25,598
26,76.0,25,598
26,77.0,25,598
26,78.0,25,598
26,79.0,27,598
26,80.0,29,598
26,81.0,29,660
26,82.0,29,660
26,83.0,29,660
26,84.0,25,660
26,85.0,25,660
26,86.0,25,660
26,87.0,25,660
26,88.0,25,660
26,89.0,25,660
26,90.0,25,660
26,91.0,25,660
26,92.0,25,660
26,93.0,25,660
26,94.0,25,660
26,95.0,20,660
26,96.0,20,660
26,97.0,20,660
26,98.0,20,660
26,99.0,20,660
26,100.0,20,660
26,101.0,14,660
26,102.0,14,660
26,103.0,14,660
26,104.0,15,757
26,105.0,16,757
26,106.0,16,757
26,107.0,16,757
26,108.0,16,757
26,109.0,16,757
26,110.0,16,757
26,111.0,16,757
26,112.0,16,757
26,113.0,18,757
26,114.0,18,757
26,115.0,18,757
26,116.0,18,757
26,117.0,9,757
26,118.0,9,757
26,119.0,9,757
26,120.0,9,757
26,121.0,9,757
26,122.0,9,757
26,123.0,9,757
26,124.0,9,757
26,125.0,9,757
26,126.0,9,757
26,127.0,9,757
26,128.0,9,757
26,129.0,9,757
26,130.0,9,757
26,131.0,9,757
26,132.0,9,757
26,133.0,9,757
26,134.0,9,757
26,135.0,9,757
26,136.0,9,757
26,137.0,9,757
26,138.0,9,757
26,139.0,9,757
26,140.0,9,757
26,141.0,9,757
26,142.0,9,757
26,143.0,9,757
26,144.0,9,757
26,145.0,9,757
26,146.0,9,757
26,147.0,9,757
26,148.0,9,757
26,149.0,9,757
26,150.0,9,757
26,151.0,9,757
26,152.0,9,757
26,153.0,9,757
26,154.0,9,757
26,155.0,9,757
26,156.0,9,757
26,157.0,9,757
26,158.0,9,757
26,159.0,9,757
26,160.0,9,757
26,161.0,9,757
26,162.0,9,757
26,163.0,9,757
26,164.0,9,757
26,165.0,9,757
26,166.0,9,757
28,1.0,14,420
28,2.0,14,420
28,3.0,14,420
28,4.0,14,420
28,5.0,14,420
28,6.0,14,420
28,7.0,14,420
28,8.0,14,420
28,9.0,14,420
28,10.0,14,420
28,11.0,14,420
28,12.0,14,420
28,13.0,14,420
28,14.0,14,420
28,15.0,14,420
28,16.0,14,420
28,17.0,14,420
28,18.0,14,420
28,19.0,14,420
28,20.0,14,420
28,21.0,14,420
28,22.0,14,420
28,23.0,14,420
28,24.0,14,420
28,25.0,14,420
28,26.0,14,422
28,27.0,14,422
28,28.0,14,422
28,29.0,15,422
28,30.0,15,422
28,31.0,15,422
28,32.0,15,422
28,33.0,15,422
28,34.0,15,422
28,35.0,18,422
28,36.0,18,422
28,37.0,18,422
28,38.0,18,422
28,39.0,18,422
28,40.0,18,422
28,41.0,18,422
28,42.0,18,422
28,43.0,18,422
28,44.0,18,422
28,45.0,18,469
28,46.0,18,469
28,47.0,18,469
28,48.0,18,469
28,49.0,18,469
28,50.0,18,469
28,51.0,18,469
28,52.0,19,469
28,53.0,20,469
28,54.0,20,469
28,55.0,20,469
28,56.0,20,469
28,57.0,20,469
28,58.0,20,469
28,59.0,20,469
28,60.0,20,469
28,61.0,20,469
28,62.0,20,469
28,63.0,20,469
28,64.0,20,469
28,65.0,20,469
28,66.0,20,469
28,67.0,20,469
28,68.0,20,469
28,69.0,21,469
28,70.0,21,518
28,71.0,22,518
28,72.0,22,580
28,73.0,22,580
28,74.0,22,580
28,75.0,22,580
28,76.0,22,580
28,77.0,22,580
28,78.0,22,580
28,79.0,23,580
28,80.0,24,580
28,81.0,24,632
28,82.0,24,632
28,83.0,24,632
28,84.0,17,632
28,85.0,17,632
28,86.0,17,632
28,87.0,17,632
28,88.0,17,632
28,89.0,17,632
28,90.0,17,632
28,91.0,17,632
28,92.0,17,632
28,93.0,17,632
28,94.0,17,632
28,95.0,11,632
28,96.0,11,632
28,97.0,11,632
28,98.0,11,632
28,99.0,11,632
28,100.0,11,632
28,101.0,4,632
28,102.0,4,632
28,103.0,4,632
28,104.0,4,731
28,105.0,4,731
28,106.0,4,731
28,107.0,4,731
28,108.0,4,731
28,109.0,4,731
28,110.0,4,731
28,111.0,4,731
28,112.0,4,731
28,113.0,4,731
28,114.0,4,731
28,115.0,4,731
28,116.0,4,731
28,117.0,1,731
28,118.0,1,731
28,119.0,1,731
28,120.0,1,731
28,121.0,1,731
28,122.0,1,731
28,123.0,1,731
28,124.0,1,731
28,125.0,1,731
28,126.0,1,731
28,127.0,1,731
28,128.0,1,731
28,129.0,1,731
28,130.0,1,731
28,131.0,1,731
28,132.0,1,731
28,133.0,1,731
28,134.0,1,731
28,135.0,1,731
28,136.0,1,731
28,137.0,1,731
28,138.0,1,731
28,139.0,1,731
28,140.0,1,731
28,141.0,1,731
28,142.0,1,731
28,143.0,1,731
28,144.0,1,731
28,145.0,1,731
28,146.0,1,731
28,147.0,1,731
28,148.0,1,731
28,149.0,1,731
28,150.0,1,731
28,151.0,1,731
28,152.0,1,731
28,153.0,1,731
28,154.0,1,731
28,155.0,1,731
28,156.0,1,731
28,157.0,1,731
28,158.0,1,731
28,159.0,1,731
28,160.0,1,731
28,161.0,1,731
28,162.0,1,731
28,163.0,1,731
28,164.0,1,731
28,165.0,1,731
28,166.0,1,731
30,1.0,14,420
30,2.0,14,420
30,3.0,14,420
30,4.0,14,420
30,5.0,14,420
30,6.0,14,420
30,7.0,14,420
30,8.0,14,420
30,9.0,14,420
30,10.0,14,420
30,11.0,14,420
30,12.0,14,420
30,13.0,14,420
30,14.0,14,420
30,15.0,14,420
30,16.0,14,420
30,17.0,14,420
30,18.0,14,420
30,19.0,14,420
30,20.0,14,420
30,21.0,14,420
30,22.0,14,420
30,23.0,14,420
30,24.0,14,420
30,25.0,14,420
30,26.0,14,420
30,27.0,15,420
30,28.0,15,420
30,29.0,15,420
30,30.0,15,420
30,31.0,15,420
30,32.0,15,420
30,33.0,15,420
30,34.0,15,420
30,35.0,16,420
30,36.0,16,420
30,37.0,16,420
30,38.0,17,420
30,39.0,17,420
30,40.0,17,420
30,41.0,17,420
30,42.0,17,420
30,43.0,17,420
30,44.0,17,420
30,45.0,17,467
30,46.0,17,467
30,47.0,17,467
30,48.0,17,467
30,49.0,19,467
30,50.0,19,467
30,51.0,19,467
30,52.0,19,467
30,53.0,20,467
30,54.0,20,467
30,55.0,20,467
30,56.0,20,467
30,57.0,20,467
30,58.0,20,467
30,59.0,20,467
30,60.0,20,467
30,61.0,20,467
30,62.0,20,467
30,63.0,20,467
30,64.0,20,467
30,65.0,20,467
30,66.0,20,467
30,67.0,20,467
30,68.0,20,467
30,69.0,21,467
30,70.0,21,516
30,71.0,23,516
30,72.0,23,569
30,73.0,23,569
30,74.0,23,569
30,75.0,23,569
30,76.0,23,569
30,77.0,23,569
30,78.0,23,569
30,79.0,25,569
30,80.0,27,569
30,81.0,27,632
30,82.0,27,632
30,83.0,27,632
30,84.0,21,632
30,85.0,21,632
30,86.0,21,632
30,87.0,21,632
30,88.0,21,632
30,89.0,21,632
30,90.0,21,632
30,91.0,21,632
30,92.0,21,632
30,93.0,21,632
30,94.0,21,632
30,95.0,15,632
30,96.0,15,632
30,97.0,15,632
30,98.0,15,632
30,99.0,15,632
30,100.0,15,632
30,101.0,9,632
30,102.0,9,632
30,103.0,9,632
30,104.0,9,705
30,105.0,9,705
30,106.0,9,705
30,107.0,9,705
30,108.0,9,705
30,109.0,9,705
30,110.0,9,705
30,111.0,9,705
30,112.0,9,705
30,113.0,11,705
30,114.0,11,705
30,115.0,11,705
30,116.0,11,705
30,117.0,5,705
30,118.0,5,705
30,119.0,5,705
30,120.0,5,705
30,121.0,5,705
30,122.0,5,705
30,123.0,5,705
30,124.0,5,705
30,125.0,5,705
30,126.0,5,705
30,127.0,5,705
30,128.0,5,705
30,129.0,5,705
30,130.0,5,705
30,131.0,5,705
30,132.0,5,705
30,133.0,5,705
30,134.0,5,705
30,135.0,5,705
30,136.0,5,705
30,137.0,5,705
30,138.0,5,705
30,139.0,5,705
30,140.0,5,705
30,141.0,5,705
30,142.0,5,705
30,143.0,5,705
30,144.0,5,705
30,145.0,5,705
30,146.0,5,705
30,147.0,5,705
30,148.0,5,705
30,149.0,5,705
30,150.0,5,705
30,151.0,5,705
30,152.0,5,705
30,153.0,5,705
30,154.0,5,705
30,155.0,5,705
30,156.0,5,705
30,157.0,5,705
30,158.0,5,705
30,159.0,5,705
30,160.0,5,705
30,161.0,5,705
30,162.0,5,705
30,163.0,5,705
30,164.0,5,705
30,165.0,5,705
30,166.0,5,705
