"run","tick","GRCount","STCount"
1,1.0,20,700
1,2.0,20,700
1,3.0,20,700
1,4.0,20,700
1,5.0,20,700
1,6.0,20,700
1,7.0,20,700
1,8.0,20,700
1,9.0,20,700
1,10.0,20,700
1,11.0,20,700
1,12.0,20,700
1,13.0,20,700
1,14.0,20,700
1,15.0,20,700
1,16.0,20,700
1,17.0,20,700
1,18.0,20,700
1,19.0,20,700
1,20.0,20,700
1,21.0,20,700
1,22.0,20,700
1,23.0,20,700
1,24.0,20,700
1,25.0,20,700
1,26.0,20,850
1,27.0,39,850
1,28.0,39,850
1,29.0,60,850
1,30.0,60,850
1,31.0,60,850
1,32.0,60,850
1,33.0,60,850
1,34.0,60,850
1,35.0,100,850
1,36.0,100,850
1,37.0,100,850
1,38.0,124,850
1,39.0,124,850
1,40.0,124,850
1,41.0,124,850
1,42.0,124,850
1,43.0,124,850
1,44.0,124,850
1,45.0,124,5122
1,46.0,124,5122
1,47.0,124,5122
1,48.0,186,5122
1,49.0,247,5122
1,50.0,247,5122
1,51.0,247,5122
1,52.0,334,5122
1,53.0,416,5122
1,54.0,416,5122
1,55.0,416,5122
1,56.0,416,5122
1,57.0,416,5122
1,58.0,416,5122
1,59.0,416,5122
1,60.0,416,5122
1,61.0,416,5122
1,62.0,416,5122
1,63.0,416,5122
1,64.0,416,5122
1,65.0,416,5122
1,66.0,416,5122
1,67.0,416,5122
1,68.0,416,5122
1,69.0,575,5122
1,70.0,575,6173
1,71.0,732,6173
1,72.0,732,7577
1,73.0,732,7577
1,74.0,732,7577
1,75.0,732,7577
1,76.0,732,7577
1,77.0,732,7577
1,78.0,732,7577
1,79.0,1225,7577
1,80.0,1781,7577
1,81.0,1781,10445
1,82.0,1781,10445
1,83.0,1781,10445
1,84.0,1685,10445
1,85.0,1685,10445
1,86.0,1685,10445
1,87.0,1685,10445
1,88.0,1685,10445
1,89.0,1685,10445
1,90.0,1685,10445
1,91.0,1685,10445
1,92.0,1685,10445
1,93.0,1685,10445
1,94.0,1685,10445
1,95.0,1526,10445
1,96.0,1526,10445
1,97.0,1526,10445
1,98.0,1526,10445
1,99.0,1526,10445
1,100.0,1526,10445
1,101.0,3146,10445
1,102.0,4583,10445
1,103.0,4583,10445
1,104.0,6019,16612
1,105.0,6098,16612
1,106.0,6098,16612
1,107.0,6098,16612
1,108.0,6098,16612
1,109.0,6098,16612
1,110.0,6098,16612
1,111.0,6098,16612
1,112.0,6098,16612
1,113.0,6189,16612
1,114.0,6189,16612
1,115.0,6189,16612
1,116.0,6189,16612
1,117.0,4408,16612
1,118.0,4408,16612
1,119.0,4408,16612
1,120.0,4408,16612
1,121.0,4408,16612
1,122.0,4408,16612
1,123.0,4408,16612
1,124.0,4408,16612
1,125.0,4408,16612
1,126.0,4408,16612
1,127.0,4408,16612
1,128.0,4408,16612
1,129.0,4408,16612
1,130.0,4408,16612
1,131.0,4408,16612
1,132.0,4408,16612
1,133.0,4408,16612
1,134.0,4408,16612
1,135.0,4408,16612
1,136.0,4408,16612
1,137.0,4408,16612
1,138.0,4408,16612
1,139.0,4408,16612
1,140.0,4408,16612
1,141.0,4408,16612
1,142.0,4408,16612
1,143.0,4408,16612
1,144.0,4408,16612
1,145.0,4408,16612
1,146.0,4408,16612
1,147.0,4408,16612
1,148.0,4408,16612
1,149.0,4408,16612
1,150.0,4408,16612
1,151.0,4408,16612
1,152.0,4408,16612
1,153.0,4408,16612
1,154.0,4408,16612
1,155.0,4408,16612
1,156.0,4408,16612
1,157.0,4408,16612
1,158.0,4408,16612
1,159.0,4408,16612
1,160.0,4408,16612
1,161.0,4408,16612
1,162.0,4408,16612
1,163.0,4408,16612
1,164.0,4408,16612
1,165.0,4408,16612
1,166.0,4408,16612
2,1.0,20,700
2,2.0,20,700
2,3.0,20,700
2,4.0,20,700
2,5.0,20,700
2,6.0,20,700
2,7.0,20,700
2,8.0,20,700
2,9.0,20,700
2,10.0,20,700
2,11.0,20,700
2,12.0,20,700
2,13.0,20,700
2,14.0,20,700
2,15.0,20,700
2,16.0,20,700
2,17.0,20,700
2,18.0,20,700
2,19.0,20,700
2,20.0,20,700
2,21.0,20,700
2,22.0,20,700
2,23.0,20,700
2,24.0,20,700
2,25.0,20,700
2,26.0,20,778
2,27.0,38,778
2,28.0,38,778
2,29.0,66,778
2,30.0,66,778
2,31.0,66,778
2,32.0,66,778
2,33.0,66,778
2,34.0,66,778
2,35.0,106,778
2,36.0,106,778
2,37.0,106,778
2,38.0,131,778
2,39.0,131,778
2,40.0,131,778
2,41.0,131,778
2,42.0,131,778
2,43.0,131,778
2,44.0,131,778
2,45.0,131,4978
2,46.0,131,4978
2,47.0,131,4978
2,48.0,206,4978
2,49.0,273,4978
2,50.0,273,4978
2,51.0,273,4978
2,52.0,361,4978
2,53.0,448,4978
2,54.0,448,4978
2,55.0,448,4978
2,56.0,448,4978
2,57.0,448,4978
2,58.0,448,4978
2,59.0,448,4978
2,60.0,448,4978
2,61.0,448,4978
2,62.0,448,4978
2,63.0,448,4978
2,64.0,448,4978
2,65.0,448,4978
2,66.0,448,4978
2,67.0,448,4978
2,68.0,448,4978
2,69.0,616,4978
2,70.0,616,6008
2,71.0,790,6008
2,72.0,790,7382
2,73.0,790,7382
2,74.0,790,7382
2,75.0,790,7382
2,76.0,790,7382
2,77.0,790,7382
2,78.0,790,7382
2,79.0,1353,7382
2,80.0,1929,7382
2,81.0,1929,10227
2,82.0,1929,10227
2,83.0,1929,10227
2,84.0,1830,10227
2,85.0,1830,10227
2,86.0,1830,10227
2,87.0,1830,10227
2,88.0,1830,10227
2,89.0,1830,10227
2,90.0,1830,10227
2,91.0,1830,10227
2,92.0,1830,10227
2,93.0,1830,10227
2,94.0,1830,10227
2,95.0,1625,10227
2,96.0,1625,10227
2,97.0,1625,10227
2,98.0,1625,10227
2,99.0,1625,10227
2,100.0,1625,10227
2,101.0,3330,10227
2,102.0,4861,10227
2,103.0,4861,10227
2,104.0,6405,16426
2,105.0,6494,16426
2,106.0,6494,16426
2,107.0,6494,16426
2,108.0,6494,16426
2,109.0,6494,16426
2,110.0,6494,16426
2,111.0,6494,16426
2,112.0,6494,16426
2,113.0,6580,16426
2,114.0,6580,16426
2,115.0,6580,16426
2,116.0,6580,16426
2,117.0,4720,16426
2,118.0,4720,16426
2,119.0,4720,16426
2,120.0,4720,16426
2,121.0,4720,16426
2,122.0,4720,16426
2,123.0,4720,16426
2,124.0,4720,16426
2,125.0,4720,16426
2,126.0,4720,16426
2,127.0,4720,16426
2,128.0,4720,16426
2,129.0,4720,16426
2,130.0,4720,16426
2,131.0,4720,16426
2,132.0,4720,16426
2,133.0,4720,16426
2,134.0,4720,16426
2,135.0,4720,16426
2,136.0,4720,16426
2,137.0,4720,16426
2,138.0,4720,16426
2,139.0,4720,16426
2,140.0,4720,16426
2,141.0,4720,16426
2,142.0,4720,16426
2,143.0,4720,16426
2,144.0,4720,16426
2,145.0,4720,16426
2,146.0,4720,16426
2,147.0,4720,16426
2,148.0,4720,16426
2,149.0,4720,16426
2,150.0,4720,16426
2,151.0,4720,16426
2,152.0,4720,16426
2,153.0,4720,16426
2,154.0,4720,16426
2,155.0,4720,16426
2,156.0,4720,16426
2,157.0,4720,16426
2,158.0,4720,16426
2,159.0,4720,16426
2,160.0,4720,16426
2,161.0,4720,16426
2,162.0,4720,16426
2,163.0,4720,16426
2,164.0,4720,16426
2,165.0,4720,16426
2,166.0,4720,16426
3,1.0,20,700
3,2.0,20,700
3,3.0,20,700
3,4.0,20,700
3,5.0,20,700
3,6.0,20,700
3,7.0,20,700
3,8.0,20,700
3,9.0,20,700
3,10.0,20,700
3,11.0,20,700
3,12.0,20,700
3,13.0,20,700
3,14.0,20,700
3,15.0,20,700
3,16.0,20,700
3,17.0,20,700
3,18.0,20,700
3,19.0,20,700
3,20.0,20,700
3,21.0,20,700
3,22.0,20,700
3,23.0,20,700
3,24.0,20,700
3,25.0,20,700
3,26.0,20,772
3,27.0,36,772
3,28.0,36,772
3,29.0,61,772
3,30.0,61,772
3,31.0,61,772
3,32.0,61,772
3,33.0,61,772
3,34.0,61,772
3,35.0,101,772
3,36.0,101,772
3,37.0,101,772
3,38.0,132,772
3,39.0,132,772
3,40.0,132,772
3,41.0,132,772
3,42.0,132,772
3,43.0,132,772
3,44.0,132,772
3,45.0,132,5002
3,46.0,132,5002
3,47.0,132,5002
3,48.0,189,5002
3,49.0,252,5002
3,50.0,252,5002
3,51.0,252,5002
3,52.0,333,5002
3,53.0,422,5002
3,54.0,422,5002
3,55.0,422,5002
3,56.0,422,5002
3,57.0,422,5002
3,58.0,422,5002
3,59.0,422,5002
3,60.0,422,5002
3,61.0,422,5002
3,62.0,422,5002
3,63.0,422,5002
3,64.0,422,5002
3,65.0,422,5002
3,66.0,422,5002
3,67.0,422,5002
3,68.0,422,5002
3,69.0,596,5002
3,70.0,596,5941
3,71.0,773,5941
3,72.0,773,7264
3,73.0,773,7264
3,74.0,773,7264
3,75.0,773,7264
3,76.0,773,7264
3,77.0,773,7264
3,78.0,773,7264
3,79.0,1297,7264
3,80.0,1864,7264
3,81.0,1864,10138
3,82.0,1864,10138
3,83.0,1864,10138
3,84.0,1753,10138
3,85.0,1753,10138
3,86.0,1753,10138
3,87.0,1753,10138
3,88.0,1753,10138
3,89.0,1753,10138
3,90.0,1753,10138
3,91.0,1753,10138
3,92.0,1753,10138
3,93.0,1753,10138
3,94.0,1753,10138
3,95.0,1558,10138
3,96.0,1558,10138
3,97.0,1558,10138
3,98.0,1558,10138
3,99.0,1558,10138
3,100.0,1558,10138
3,101.0,3171,10138
3,102.0,4605,10138
3,103.0,4605,10138
3,104.0,6021,16148
3,105.0,7443,16148
3,106.0,7443,16148
3,107.0,7443,16148
3,108.0,7443,16148
3,109.0,7443,16148
3,110.0,7443,16148
3,111.0,7443,16148
3,112.0,7443,16148
3,113.0,7534,16148
3,114.0,7534,16148
3,115.0,7534,16148
3,116.0,7534,16148
3,117.0,5448,16148
3,118.0,5448,16148
3,119.0,5448,16148
3,120.0,5448,16148
3,121.0,5448,16148
3,122.0,5448,16148
3,123.0,5448,16148
3,124.0,5448,16148
3,125.0,5448,16148
3,126.0,5448,16148
3,127.0,5448,16148
3,128.0,5448,16148
3,129.0,5448,16148
3,130.0,5448,16148
3,131.0,5448,16148
3,132.0,5448,16148
3,133.0,5448,16148
3,134.0,5448,16148
3,135.0,5448,16148
3,136.0,5448,16148
3,137.0,5448,16148
3,138.0,5448,16148
3,139.0,5448,16148
3,140.0,5448,16148
3,141.0,5448,16148
3,142.0,5448,16148
3,143.0,5448,16148
3,144.0,5448,16148
3,145.0,5448,16148
3,146.0,5448,16148
3,147.0,5448,16148
3,148.0,5448,16148
3,149.0,5448,16148
3,150.0,5448,16148
3,151.0,5448,16148
3,152.0,5448,16148
3,153.0,5448,16148
3,154.0,5448,16148
3,155.0,5448,16148
3,156.0,5448,16148
3,157.0,5448,16148
3,158.0,5448,16148
3,159.0,5448,16148
3,160.0,5448,16148
3,161.0,5448,16148
3,162.0,5448,16148
3,163.0,5448,16148
3,164.0,5448,16148
3,165.0,5448,16148
3,166.0,5448,16148
4,1.0,20,700
4,2.0,20,700
4,3.0,20,700
4,4.0,20,700
4,5.0,20,700
4,6.0,20,700
4,7.0,20,700
4,8.0,20,700
4,9.0,20,700
4,10.0,20,700
4,11.0,20,700
4,12.0,20,700
4,13.0,20,700
4,14.0,20,700
4,15.0,20,700
4,16.0,20,700
4,17.0,20,700
4,18.0,20,700
4,19.0,20,700
4,20.0,20,700
4,21.0,20,700
4,22.0,20,700
4,23.0,20,700
4,24.0,20,700
4,25.0,20,700
4,26.0,20,790
4,27.0,39,790
4,28.0,39,790
4,29.0,57,790
4,30.0,57,790
4,31.0,57,790
4,32.0,57,790
4,33.0,57,790
4,34.0,57,790
4,35.0,97,790
4,36.0,97,790
4,37.0,97,790
4,38.0,124,790
4,39.0,124,790
4,40.0,124,790
4,41.0,124,790
4,42.0,124,790
4,43.0,124,790
4,44.0,124,790
4,45.0,124,5020
4,46.0,124,5020
4,47.0,124,5020
4,48.0,180,5020
4,49.0,243,5020
4,50.0,243,5020
4,51.0,243,5020
4,52.0,315,5020
4,53.0,381,5020
4,54.0,381,5020
4,55.0,381,5020
4,56.0,381,5020
4,57.0,381,5020
4,58.0,381,5020
4,59.0,381,5020
4,60.0,381,5020
4,61.0,381,5020
4,62.0,381,5020
4,63.0,381,5020
4,64.0,381,5020
4,65.0,381,5020
4,66.0,381,5020
4,67.0,381,5020
4,68.0,381,5020
4,69.0,544,5020
4,70.0,544,6016
4,71.0,725,6016
4,72.0,725,7391
4,73.0,725,7391
4,74.0,725,7391
4,75.0,725,7391
4,76.0,725,7391
4,77.0,725,7391
4,78.0,725,7391
4,79.0,1220,7391
4,80.0,1740,7391
4,81.0,1740,10237
4,82.0,1740,10237
4,83.0,1740,10237
4,84.0,1640,10237
4,85.0,1640,10237
4,86.0,1640,10237
4,87.0,1640,10237
4,88.0,1640,10237
4,89.0,1640,10237
4,90.0,1640,10237
4,91.0,1640,10237
4,92.0,1640,10237
4,93.0,1640,10237
4,94.0,1640,10237
4,95.0,1474,10237
4,96.0,1474,10237
4,97.0,1474,10237
4,98.0,1474,10237
4,99.0,1474,10237
4,100.0,1474,10237
4,101.0,2998,10237
4,102.0,4384,10237
4,103.0,4384,10237
4,104.0,4453,16283
4,105.0,4544,16283
4,106.0,4544,16283
4,107.0,4544,16283
4,108.0,4544,16283
4,109.0,4544,16283
4,110.0,4544,16283
4,111.0,4544,16283
4,112.0,4544,16283
4,113.0,4633,16283
4,114.0,4633,16283
4,115.0,4633,16283
4,116.0,4633,16283
4,117.0,3282,16283
4,118.0,3282,16283
4,119.0,3282,16283
4,120.0,3282,16283
4,121.0,3282,16283
4,122.0,3282,16283
4,123.0,3282,16283
4,124.0,3282,16283
4,125.0,3282,16283
4,126.0,3282,16283
4,127.0,3282,16283
4,128.0,3282,16283
4,129.0,3282,16283
4,130.0,3282,16283
4,131.0,3282,16283
4,132.0,3282,16283
4,133.0,3282,16283
4,134.0,3282,16283
4,135.0,3282,16283
4,136.0,3282,16283
4,137.0,3282,16283
4,138.0,3282,16283
4,139.0,3282,16283
4,140.0,3282,16283
4,141.0,3282,16283
4,142.0,3282,16283
4,143.0,3282,16283
4,144.0,3282,16283
4,145.0,3282,16283
4,146.0,3282,16283
4,147.0,3282,16283
4,148.0,3282,16283
4,149.0,3282,16283
4,150.0,3282,16283
4,151.0,3282,16283
4,152.0,3282,16283
4,153.0,3282,16283
4,154.0,3282,16283
4,155.0,3282,16283
4,156.0,3282,16283
4,157.0,3282,16283
4,158.0,3282,16283
4,159.0,3282,16283
4,160.0,3282,16283
4,161.0,3282,16283
4,162.0,3282,16283
4,163.0,3282,16283
4,164.0,3282,16283
4,165.0,3282,16283
4,166.0,3282,16283
5,1.0,20,700
5,2.0,20,700
5,3.0,20,700
5,4.0,20,700
5,5.0,20,700
5,6.0,20,700
5,7.0,20,700
5,8.0,20,700
5,9.0,20,700
5,10.0,20,700
5,11.0,20,700
5,12.0,20,700
5,13.0,20,700
5,14.0,20,700
5,15.0,20,700
5,16.0,20,700
5,17.0,20,700
5,18.0,20,700
5,19.0,20,700
5,20.0,20,700
5,21.0,20,700
5,22.0,20,700
5,23.0,20,700
5,24.0,20,700
5,25.0,20,700
5,26.0,20,790
5,27.0,41,790
5,28.0,41,790
5,29.0,62,790
5,30.0,62,790
5,31.0,62,790
5,32.0,62,790
5,33.0,62,790
5,34.0,62,790
5,35.0,102,790
5,36.0,102,790
5,37.0,102,790
5,38.0,122,790
5,39.0,122,790
5,40.0,122,790
5,41.0,122,790
5,42.0,122,790
5,43.0,122,790
5,44.0,122,790
5,45.0,122,5026
5,46.0,122,5026
5,47.0,122,5026
5,48.0,186,5026
5,49.0,246,5026
5,50.0,246,5026
5,51.0,246,5026
5,52.0,328,5026
5,53.0,399,5026
5,54.0,399,5026
5,55.0,399,5026
5,56.0,399,5026
5,57.0,399,5026
5,58.0,399,5026
5,59.0,399,5026
5,60.0,399,5026
5,61.0,399,5026
5,62.0,399,5026
5,63.0,399,5026
5,64.0,399,5026
5,65.0,399,5026
5,66.0,399,5026
5,67.0,399,5026
5,68.0,399,5026
5,69.0,560,5026
5,70.0,560,6044
5,71.0,712,6044
5,72.0,712,7361
5,73.0,712,7361
5,74.0,712,7361
5,75.0,712,7361
5,76.0,712,7361
5,77.0,712,7361
5,78.0,712,7361
5,79.0,1223,7361
5,80.0,1767,7361
5,81.0,1767,10222
5,82.0,1767,10222
5,83.0,1767,10222
5,84.0,1673,10222
5,85.0,1673,10222
5,86.0,1673,10222
5,87.0,1673,10222
5,88.0,1673,10222
5,89.0,1673,10222
5,90.0,1673,10222
5,91.0,1673,10222
5,92.0,1673,10222
5,93.0,1673,10222
5,94.0,1673,10222
5,95.0,1502,10222
5,96.0,1502,10222
5,97.0,1502,10222
5,98.0,1502,10222
5,99.0,1502,10222
5,100.0,1502,10222
5,101.0,3056,10222
5,102.0,4442,10222
5,103.0,4442,10222
5,104.0,5858,16340
5,105.0,5931,16340
5,106.0,5931,16340
5,107.0,5931,16340
5,108.0,5931,16340
5,109.0,5931,16340
5,110.0,5931,16340
5,111.0,5931,16340
5,112.0,5931,16340
5,113.0,6016,16340
5,114.0,6016,16340
5,115.0,6016,16340
5,116.0,6016,16340
5,117.0,4290,16340
5,118.0,4290,16340
5,119.0,4290,16340
5,120.0,4290,16340
5,121.0,4290,16340
5,122.0,4290,16340
5,123.0,4290,16340
5,124.0,4290,16340
5,125.0,4290,16340
5,126.0,4290,16340
5,127.0,4290,16340
5,128.0,4290,16340
5,129.0,4290,16340
5,130.0,4290,16340
5,131.0,4290,16340
5,132.0,4290,16340
5,133.0,4290,16340
5,134.0,4290,16340
5,135.0,4290,16340
5,136.0,4290,16340
5,137.0,4290,16340
5,138.0,4290,16340
5,139.0,4290,16340
5,140.0,4290,16340
5,141.0,4290,16340
5,142.0,4290,16340
5,143.0,4290,16340
5,144.0,4290,16340
5,145.0,4290,16340
5,146.0,4290,16340
5,147.0,4290,16340
5,148.0,4290,16340
5,149.0,4290,16340
5,150.0,4290,16340
5,151.0,4290,16340
5,152.0,4290,16340
5,153.0,4290,16340
5,154.0,4290,16340
5,155.0,4290,16340
5,156.0,4290,16340
5,157.0,4290,16340
5,158.0,4290,16340
5,159.0,4290,16340
5,160.0,4290,16340
5,161.0,4290,16340
5,162.0,4290,16340
5,163.0,4290,16340
5,164.0,4290,16340
5,165.0,4290,16340
5,166.0,4290,16340
6,1.0,20,700
6,2.0,20,700
6,3.0,20,700
6,4.0,20,700
6,5.0,20,700
6,6.0,20,700
6,7.0,20,700
6,8.0,20,700
6,9.0,20,700
6,10.0,20,700
6,11.0,20,700
6,12.0,20,700
6,13.0,20,700
6,14.0,20,700
6,15.0,20,700
6,16.0,20,700
6,17.0,20,700
6,18.0,20,700
6,19.0,20,700
6,20.0,20,700
6,21.0,20,700
6,22.0,20,700
6,23.0,20,700
6,24.0,20,700
6,25.0,20,700
6,26.0,20,796
6,27.0,36,796
6,28.0,36,796
6,29.0,56,796
6,30.0,56,796
6,31.0,56,796
6,32.0,56,796
6,33.0,56,796
6,34.0,56,796
6,35.0,96,796
6,36.0,96,796
6,37.0,96,796
6,38.0,124,796
6,39.0,124,796
6,40.0,124,796
6,41.0,124,796
6,42.0,124,796
6,43.0,124,796
6,44.0,124,796
6,45.0,124,5008
6,46.0,124,5008
6,47.0,124,5008
6,48.0,174,5008
6,49.0,226,5008
6,50.0,226,5008
6,51.0,226,5008
6,52.0,296,5008
6,53.0,367,5008
6,54.0,367,5008
6,55.0,367,5008
6,56.0,367,5008
6,57.0,367,5008
6,58.0,367,5008
6,59.0,367,5008
6,60.0,367,5008
6,61.0,367,5008
6,62.0,367,5008
6,63.0,367,5008
6,64.0,367,5008
6,65.0,367,5008
6,66.0,367,5008
6,67.0,367,5008
6,68.0,367,5008
6,69.0,528,5008
6,70.0,528,6015
6,71.0,692,6015
6,72.0,692,7356
6,73.0,692,7356
6,74.0,692,7356
6,75.0,692,7356
6,76.0,692,7356
6,77.0,692,7356
6,78.0,692,7356
6,79.0,1199,7356
6,80.0,1680,7356
6,81.0,1680,10187
6,82.0,1680,10187
6,83.0,1680,10187
6,84.0,1588,10187
6,85.0,1588,10187
6,86.0,1588,10187
6,87.0,1588,10187
6,88.0,1588,10187
6,89.0,1588,10187
6,90.0,1588,10187
6,91.0,1588,10187
6,92.0,1588,10187
6,93.0,1588,10187
6,94.0,1588,10187
6,95.0,1422,10187
6,96.0,1422,10187
6,97.0,1422,10187
6,98.0,1422,10187
6,99.0,1422,10187
6,100.0,1422,10187
6,101.0,2878,10187
6,102.0,4216,10187
6,103.0,4216,10187
6,104.0,4294,16335
6,105.0,4379,16335
6,106.0,4379,16335
6,107.0,4379,16335
6,108.0,4379,16335
6,109.0,4379,16335
6,110.0,4379,16335
6,111.0,4379,16335
6,112.0,4379,16335
6,113.0,4461,16335
6,114.0,4461,16335
6,115.0,4461,16335
6,116.0,4461,16335
6,117.0,3204,16335
6,118.0,3204,16335
6,119.0,3204,16335
6,120.0,3204,16335
6,121.0,3204,16335
6,122.0,3204,16335
6,123.0,3204,16335
6,124.0,3204,16335
6,125.0,3204,16335
6,126.0,3204,16335
6,127.0,3204,16335
6,128.0,3204,16335
6,129.0,3204,16335
6,130.0,3204,16335
6,131.0,3204,16335
6,132.0,3204,16335
6,133.0,3204,16335
6,134.0,3204,16335
6,135.0,3204,16335
6,136.0,3204,16335
6,137.0,3204,16335
6,138.0,3204,16335
6,139.0,3204,16335
6,140.0,3204,16335
6,141.0,3204,16335
6,142.0,3204,16335
6,143.0,3204,16335
6,144.0,3204,16335
6,145.0,3204,16335
6,146.0,3204,16335
6,147.0,3204,16335
6,148.0,3204,16335
6,149.0,3204,16335
6,150.0,3204,16335
6,151.0,3204,16335
6,152.0,3204,16335
6,153.0,3204,16335
6,154.0,3204,16335
6,155.0,3204,16335
6,156.0,3204,16335
6,157.0,3204,16335
6,158.0,3204,16335
6,159.0,3204,16335
6,160.0,3204,16335
6,161.0,3204,16335
6,162.0,3204,16335
6,163.0,3204,16335
6,164.0,3204,16335
6,165.0,3204,16335
6,166.0,3204,16335
7,1.0,20,700
7,2.0,20,700
7,3.0,20,700
7,4.0,20,700
7,5.0,20,700
7,6.0,20,700
7,7.0,20,700
7,8.0,20,700
7,9.0,20,700
7,10.0,20,700
7,11.0,20,700
7,12.0,20,700
7,13.0,20,700
7,14.0,20,700
7,15.0,20,700
7,16.0,20,700
7,17.0,20,700
7,18.0,20,700
7,19.0,20,700
7,20.0,20,700
7,21.0,20,700
7,22.0,20,700
7,23.0,20,700
7,24.0,20,700
7,25.0,20,700
7,26.0,20,784
7,27.0,31,784
7,28.0,31,784
7,29.0,48,784
7,30.0,48,784
7,31.0,48,784
7,32.0,48,784
7,33.0,48,784
7,34.0,48,784
7,35.0,88,784
7,36.0,88,784
7,37.0,88,784
7,38.0,117,784
7,39.0,117,784
7,40.0,117,784
7,41.0,117,784
7,42.0,117,784
7,43.0,117,784
7,44.0,117,784
7,45.0,117,4966
7,46.0,117,4966
7,47.0,117,4966
7,48.0,173,4966
7,49.0,226,4966
7,50.0,226,4966
7,51.0,226,4966
7,52.0,290,4966
7,53.0,361,4966
7,54.0,361,4966
7,55.0,361,4966
7,56.0,361,4966
7,57.0,361,4966
7,58.0,361,4966
7,59.0,361,4966
7,60.0,361,4966
7,61.0,361,4966
7,62.0,361,4966
7,63.0,361,4966
7,64.0,361,4966
7,65.0,361,4966
7,66.0,361,4966
7,67.0,361,4966
7,68.0,361,4966
7,69.0,514,4966
7,70.0,514,5962
7,71.0,669,5962
7,72.0,669,7305
7,73.0,669,7305
7,74.0,669,7305
7,75.0,669,7305
7,76.0,669,7305
7,77.0,669,7305
7,78.0,669,7305
7,79.0,1151,7305
7,80.0,1630,7305
7,81.0,1630,10095
7,82.0,1630,10095
7,83.0,1630,10095
7,84.0,1541,10095
7,85.0,1541,10095
7,86.0,1541,10095
7,87.0,1541,10095
7,88.0,1541,10095
7,89.0,1541,10095
7,90.0,1541,10095
7,91.0,1541,10095
7,92.0,1541,10095
7,93.0,1541,10095
7,94.0,1541,10095
7,95.0,1387,10095
7,96.0,1387,10095
7,97.0,1387,10095
7,98.0,1387,10095
7,99.0,1387,10095
7,100.0,1387,10095
7,101.0,2837,10095
7,102.0,4126,10095
7,103.0,4126,10095
7,104.0,5438,16003
7,105.0,6731,16003
7,106.0,6731,16003
7,107.0,6731,16003
7,108.0,6731,16003
7,109.0,6731,16003
7,110.0,6731,16003
7,111.0,6731,16003
7,112.0,6731,16003
7,113.0,8031,16003
7,114.0,8031,16003
7,115.0,8031,16003
7,116.0,8031,16003
7,117.0,5844,16003
7,118.0,5844,16003
7,119.0,5844,16003
7,120.0,5844,16003
7,121.0,5844,16003
7,122.0,5844,16003
7,123.0,5844,16003
7,124.0,5844,16003
7,125.0,5844,16003
7,126.0,5844,16003
7,127.0,5844,16003
7,128.0,5844,16003
7,129.0,5844,16003
7,130.0,5844,16003
7,131.0,5844,16003
7,132.0,5844,16003
7,133.0,5844,16003
7,134.0,5844,16003
7,135.0,5844,16003
7,136.0,5844,16003
7,137.0,5844,16003
7,138.0,5844,16003
7,139.0,5844,16003
7,140.0,5844,16003
7,141.0,5844,16003
7,142.0,5844,16003
7,143.0,5844,16003
7,144.0,5844,16003
7,145.0,5844,16003
7,146.0,5844,16003
7,147.0,5844,16003
7,148.0,5844,16003
7,149.0,5844,16003
7,150.0,5844,16003
7,151.0,5844,16003
7,152.0,5844,16003
7,153.0,5844,16003
7,154.0,5844,16003
7,155.0,5844,16003
7,156.0,5844,16003
7,157.0,5844,16003
7,158.0,5844,16003
7,159.0,5844,16003
7,160.0,5844,16003
7,161.0,5844,16003
7,162.0,5844,16003
7,163.0,5844,16003
7,164.0,5844,16003
7,165.0,5844,16003
7,166.0,5844,16003
8,1.0,20,700
8,2.0,20,700
8,3.0,20,700
8,4.0,20,700
8,5.0,20,700
8,6.0,20,700
8,7.0,20,700
8,8.0,20,700
8,9.0,20,700
8,10.0,20,700
8,11.0,20,700
8,12.0,20,700
8,13.0,20,700
8,14.0,20,700
8,15.0,20,700
8,16.0,20,700
8,17.0,20,700
8,18.0,20,700
8,19.0,20,700
8,20.0,20,700
8,21.0,20,700
8,22.0,20,700
8,23.0,20,700
8,24.0,20,700
8,25.0,20,700
8,26.0,20,802
8,27.0,35,802
8,28.0,35,802
8,29.0,55,802
8,30.0,55,802
8,31.0,55,802
8,32.0,55,802
8,33.0,55,802
8,34.0,55,802
8,35.0,95,802
8,36.0,95,802
8,37.0,95,802
8,38.0,124,802
8,39.0,124,802
8,40.0,124,802
8,41.0,124,802
8,42.0,124,802
8,43.0,124,802
8,44.0,124,802
8,45.0,124,5050
8,46.0,124,5050
8,47.0,124,5050
8,48.0,182,5050
8,49.0,245,5050
8,50.0,245,5050
8,51.0,245,5050
8,52.0,318,5050
8,53.0,397,5050
8,54.0,397,5050
8,55.0,397,5050
8,56.0,397,5050
8,57.0,397,5050
8,58.0,397,5050
8,59.0,397,5050
8,60.0,397,5050
8,61.0,397,5050
8,62.0,397,5050
8,63.0,397,5050
8,64.0,397,5050
8,65.0,397,5050
8,66.0,397,5050
8,67.0,397,5050
8,68.0,397,5050
8,69.0,568,5050
8,70.0,568,6028
8,71.0,723,6028
8,72.0,723,7430
8,73.0,723,7430
8,74.0,723,7430
8,75.0,723,7430
8,76.0,723,7430
8,77.0,723,7430
8,78.0,723,7430
8,79.0,1231,7430
8,80.0,1766,7430
8,81.0,1766,10287
8,82.0,1766,10287
8,83.0,1766,10287
8,84.0,1670,10287
8,85.0,1670,10287
8,86.0,1670,10287
8,87.0,1670,10287
8,88.0,1670,10287
8,89.0,1670,10287
8,90.0,1670,10287
8,91.0,1670,10287
8,92.0,1670,10287
8,93.0,1670,10287
8,94.0,1670,10287
8,95.0,1474,10287
8,96.0,1474,10287
8,97.0,1474,10287
8,98.0,1474,10287
8,99.0,1474,10287
8,100.0,1474,10287
8,101.0,3037,10287
8,102.0,4439,10287
8,103.0,4439,10287
8,104.0,5838,16243
8,105.0,5935,16243
8,106.0,5935,16243
8,107.0,5935,16243
8,108.0,5935,16243
8,109.0,5935,16243
8,110.0,5935,16243
8,111.0,5935,16243
8,112.0,5935,16243
8,113.0,6017,16243
8,114.0,6017,16243
8,115.0,6017,16243
8,116.0,6017,16243
8,117.0,4391,16243
8,118.0,4391,16243
8,119.0,4391,16243
8,120.0,4391,16243
8,121.0,4391,16243
8,122.0,4391,16243
8,123.0,4391,16243
8,124.0,4391,16243
8,125.0,4391,16243
8,126.0,4391,16243
8,127.0,4391,16243
8,128.0,4391,16243
8,129.0,4391,16243
8,130.0,4391,16243
8,131.0,4391,16243
8,132.0,4391,16243
8,133.0,4391,16243
8,134.0,4391,16243
8,135.0,4391,16243
8,136.0,4391,16243
8,137.0,4391,16243
8,138.0,4391,16243
8,139.0,4391,16243
8,140.0,4391,16243
8,141.0,4391,16243
8,142.0,4391,16243
8,143.0,4391,16243
8,144.0,4391,16243
8,145.0,4391,16243
8,146.0,4391,16243
8,147.0,4391,16243
8,148.0,4391,16243
8,149.0,4391,16243
8,150.0,4391,16243
8,151.0,4391,16243
8,152.0,4391,16243
8,153.0,4391,16243
8,154.0,4391,16243
8,155.0,4391,16243
8,156.0,4391,16243
8,157.0,4391,16243
8,158.0,4391,16243
8,159.0,4391,16243
8,160.0,4391,16243
8,161.0,4391,16243
8,162.0,4391,16243
8,163.0,4391,16243
8,164.0,4391,16243
8,165.0,4391,16243
8,166.0,4391,16243
9,1.0,20,700
9,2.0,20,700
9,3.0,20,700
9,4.0,20,700
9,5.0,20,700
9,6.0,20,700
9,7.0,20,700
9,8.0,20,700
9,9.0,20,700
9,10.0,20,700
9,11.0,20,700
9,12.0,20,700
9,13.0,20,700
9,14.0,20,700
9,15.0,20,700
9,16.0,20,700
9,17.0,20,700
9,18.0,20,700
9,19.0,20,700
9,20.0,20,700
9,21.0,20,700
9,22.0,20,700
9,23.0,20,700
9,24.0,20,700
9,25.0,20,700
9,26.0,20,772
9,27.0,30,772
9,28.0,30,772
9,29.0,46,772
9,30.0,46,772
9,31.0,46,772
9,32.0,46,772
9,33.0,46,772
9,34.0,46,772
9,35.0,86,772
9,36.0,86,772
9,37.0,86,772
9,38.0,115,772
9,39.0,115,772
9,40.0,115,772
9,41.0,115,772
9,42.0,115,772
9,43.0,115,772
9,44.0,115,772
9,45.0,115,4978
9,46.0,115,4978
9,47.0,115,4978
9,48.0,170,4978
9,49.0,226,4978
9,50.0,226,4978
9,51.0,226,4978
9,52.0,291,4978
9,53.0,354,4978
9,54.0,354,4978
9,55.0,354,4978
9,56.0,354,4978
9,57.0,354,4978
9,58.0,354,4978
9,59.0,354,4978
9,60.0,354,4978
9,61.0,354,4978
9,62.0,354,4978
9,63.0,354,4978
9,64.0,354,4978
9,65.0,354,4978
9,66.0,354,4978
9,67.0,354,4978
9,68.0,354,4978
9,69.0,500,4978
9,70.0,500,5982
9,71.0,644,5982
9,72.0,644,7349
9,73.0,644,7349
9,74.0,644,7349
9,75.0,644,7349
9,76.0,644,7349
9,77.0,644,7349
9,78.0,644,7349
9,79.0,1095,7349
9,80.0,1580,7349
9,81.0,1580,10130
9,82.0,1580,10130
9,83.0,1580,10130
9,84.0,1492,10130
9,85.0,1492,10130
9,86.0,1492,10130
9,87.0,1492,10130
9,88.0,1492,10130
9,89.0,1492,10130
9,90.0,1492,10130
9,91.0,1492,10130
9,92.0,1492,10130
9,93.0,1492,10130
9,94.0,1492,10130
9,95.0,1323,10130
9,96.0,1323,10130
9,97.0,1323,10130
9,98.0,1323,10130
9,99.0,1323,10130
9,100.0,1323,10130
9,101.0,2730,10130
9,102.0,4002,10130
9,103.0,4002,10130
9,104.0,4084,16090
9,105.0,4168,16090
9,106.0,4168,16090
9,107.0,4168,16090
9,108.0,4168,16090
9,109.0,4168,16090
9,110.0,4168,16090
9,111.0,4168,16090
9,112.0,4168,16090
9,113.0,4232,16090
9,114.0,4232,16090
9,115.0,4232,16090
9,116.0,4232,16090
9,117.0,3042,16090
9,118.0,3042,16090
9,119.0,3042,16090
9,120.0,3042,16090
9,121.0,3042,16090
9,122.0,3042,16090
9,123.0,3042,16090
9,124.0,3042,16090
9,125.0,3042,16090
9,126.0,3042,16090
9,127.0,3042,16090
9,128.0,3042,16090
9,129.0,3042,16090
9,130.0,3042,16090
9,131.0,3042,16090
9,132.0,3042,16090
9,133.0,3042,16090
9,134.0,3042,16090
9,135.0,3042,16090
9,136.0,3042,16090
9,137.0,3042,16090
9,138.0,3042,16090
9,139.0,3042,16090
9,140.0,3042,16090
9,141.0,3042,16090
9,142.0,3042,16090
9,143.0,3042,16090
9,144.0,3042,16090
9,145.0,3042,16090
9,146.0,3042,16090
9,147.0,3042,16090
9,148.0,3042,16090
9,149.0,3042,16090
9,150.0,3042,16090
9,151.0,3042,16090
9,152.0,3042,16090
9,153.0,3042,16090
9,154.0,3042,16090
9,155.0,3042,16090
9,156.0,3042,16090
9,157.0,3042,16090
9,158.0,3042,16090
9,159.0,3042,16090
9,160.0,3042,16090
9,161.0,3042,16090
9,162.0,3042,16090
9,163.0,3042,16090
9,164.0,3042,16090
9,165.0,3042,16090
9,166.0,3042,16090
10,1.0,20,700
10,2.0,20,700
10,3.0,20,700
10,4.0,20,700
10,5.0,20,700
10,6.0,20,700
10,7.0,20,700
10,8.0,20,700
10,9.0,20,700
10,10.0,20,700
10,11.0,20,700
10,12.0,20,700
10,13.0,20,700
10,14.0,20,700
10,15.0,20,700
10,16.0,20,700
10,17.0,20,700
10,18.0,20,700
10,19.0,20,700
10,20.0,20,700
10,21.0,20,700
10,22.0,20,700
10,23.0,20,700
10,24.0,20,700
10,25.0,20,700
10,26.0,20,820
10,27.0,32,820
10,28.0,32,820
10,29.0,56,820
10,30.0,56,820
10,31.0,56,820
10,32.0,56,820
10,33.0,56,820
10,34.0,56,820
10,35.0,96,820
10,36.0,96,820
10,37.0,96,820
10,38.0,125,820
10,39.0,125,820
10,40.0,125,820
10,41.0,125,820
10,42.0,125,820
10,43.0,125,820
10,44.0,125,820
10,45.0,125,5050
10,46.0,125,5050
10,47.0,125,5050
10,48.0,176,5050
10,49.0,229,5050
10,50.0,229,5050
10,51.0,229,5050
10,52.0,300,5050
10,53.0,371,5050
10,54.0,371,5050
10,55.0,371,5050
10,56.0,371,5050
10,57.0,371,5050
10,58.0,371,5050
10,59.0,371,5050
10,60.0,371,5050
10,61.0,371,5050
10,62.0,371,5050
10,63.0,371,5050
10,64.0,371,5050
10,65.0,371,5050
10,66.0,371,5050
10,67.0,371,5050
10,68.0,371,5050
10,69.0,543,5050
10,70.0,543,6084
10,71.0,710,6084
10,72.0,710,7433
10,73.0,710,7433
10,74.0,710,7433
10,75.0,710,7433
10,76.0,710,7433
10,77.0,710,7433
10,78.0,710,7433
10,79.0,1171,7433
10,80.0,1667,7433
10,81.0,1667,10290
10,82.0,1667,10290
10,83.0,1667,10290
10,84.0,1575,10290
10,85.0,1575,10290
10,86.0,1575,10290
10,87.0,1575,10290
10,88.0,1575,10290
10,89.0,1575,10290
10,90.0,1575,10290
10,91.0,1575,10290
10,92.0,1575,10290
10,93.0,1575,10290
10,94.0,1575,10290
10,95.0,1371,10290
10,96.0,1371,10290
10,97.0,1371,10290
10,98.0,1371,10290
10,99.0,1371,10290
10,100.0,1371,10290
10,101.0,2807,10290
10,102.0,4088,10290
10,103.0,4088,10290
10,104.0,5397,16307
10,105.0,6695,16307
10,106.0,6695,16307
10,107.0,6695,16307
10,108.0,6695,16307
10,109.0,6695,16307
10,110.0,6695,16307
10,111.0,6695,16307
10,112.0,6695,16307
10,113.0,6769,16307
10,114.0,6769,16307
10,115.0,6769,16307
10,116.0,6769,16307
10,117.0,4906,16307
10,118.0,4906,16307
10,119.0,4906,16307
10,120.0,4906,16307
10,121.0,4906,16307
10,122.0,4906,16307
10,123.0,4906,16307
10,124.0,4906,16307
10,125.0,4906,16307
10,126.0,4906,16307
10,127.0,4906,16307
10,128.0,4906,16307
10,129.0,4906,16307
10,130.0,4906,16307
10,131.0,4906,16307
10,132.0,4906,16307
10,133.0,4906,16307
10,134.0,4906,16307
10,135.0,4906,16307
10,136.0,4906,16307
10,137.0,4906,16307
10,138.0,4906,16307
10,139.0,4906,16307
10,140.0,4906,16307
10,141.0,4906,16307
10,142.0,4906,16307
10,143.0,4906,16307
10,144.0,4906,16307
10,145.0,4906,16307
10,146.0,4906,16307
10,147.0,4906,16307
10,148.0,4906,16307
10,149.0,4906,16307
10,150.0,4906,16307
10,151.0,4906,16307
10,152.0,4906,16307
10,153.0,4906,16307
10,154.0,4906,16307
10,155.0,4906,16307
10,156.0,4906,16307
10,157.0,4906,16307
10,158.0,4906,16307
10,159.0,4906,16307
10,160.0,4906,16307
10,161.0,4906,16307
10,162.0,4906,16307
10,163.0,4906,16307
10,164.0,4906,16307
10,165.0,4906,16307
10,166.0,4906,16307
11,1.0,20,700
11,2.0,20,700
11,3.0,20,700
11,4.0,20,700
11,5.0,20,700
11,6.0,20,700
11,7.0,20,700
11,8.0,20,700
11,9.0,20,700
11,10.0,20,700
11,11.0,20,700
11,12.0,20,700
11,13.0,20,700
11,14.0,20,700
11,15.0,20,700
11,16.0,20,700
11,17.0,20,700
11,18.0,20,700
11,19.0,20,700
11,20.0,20,700
11,21.0,20,700
11,22.0,20,700
11,23.0,20,700
11,24.0,20,700
11,25.0,20,700
11,26.0,20,790
11,27.0,32,790
11,28.0,32,790
11,29.0,57,790
11,30.0,57,790
11,31.0,57,790
11,32.0,57,790
11,33.0,57,790
11,34.0,57,790
11,35.0,97,790
11,36.0,97,790
11,37.0,97,790
11,38.0,121,790
11,39.0,121,790
11,40.0,121,790
11,41.0,121,790
11,42.0,121,790
11,43.0,121,790
11,44.0,121,790
11,45.0,121,5014
11,46.0,121,5014
11,47.0,121,5014
11,48.0,171,5014
11,49.0,213,5014
11,50.0,213,5014
11,51.0,213,5014
11,52.0,285,5014
11,53.0,362,5014
11,54.0,362,5014
11,55.0,362,5014
11,56.0,362,5014
11,57.0,362,5014
11,58.0,362,5014
11,59.0,362,5014
11,60.0,362,5014
11,61.0,362,5014
11,62.0,362,5014
11,63.0,362,5014
11,64.0,362,5014
11,65.0,362,5014
11,66.0,362,5014
11,67.0,362,5014
11,68.0,362,5014
11,69.0,538,5014
11,70.0,538,6075
11,71.0,697,6075
11,72.0,697,7442
11,73.0,697,7442
11,74.0,697,7442
11,75.0,697,7442
11,76.0,697,7442
11,77.0,697,7442
11,78.0,697,7442
11,79.0,1170,7442
11,80.0,1663,7442
11,81.0,1663,10286
11,82.0,1663,10286
11,83.0,1663,10286
11,84.0,1571,10286
11,85.0,1571,10286
11,86.0,1571,10286
11,87.0,1571,10286
11,88.0,1571,10286
11,89.0,1571,10286
11,90.0,1571,10286
11,91.0,1571,10286
11,92.0,1571,10286
11,93.0,1571,10286
11,94.0,1571,10286
11,95.0,1389,10286
11,96.0,1389,10286
11,97.0,1389,10286
11,98.0,1389,10286
11,99.0,1389,10286
11,100.0,1389,10286
11,101.0,2836,10286
11,102.0,4115,10286
11,103.0,4115,10286
11,104.0,5383,16367
11,105.0,5464,16367
11,106.0,5464,16367
11,107.0,5464,16367
11,108.0,5464,16367
11,109.0,5464,16367
11,110.0,5464,16367
11,111.0,5464,16367
11,112.0,5464,16367
11,113.0,5531,16367
11,114.0,5531,16367
11,115.0,5531,16367
11,116.0,5531,16367
11,117.0,4002,16367
11,118.0,4002,16367
11,119.0,4002,16367
11,120.0,4002,16367
11,121.0,4002,16367
11,122.0,4002,16367
11,123.0,4002,16367
11,124.0,4002,16367
11,125.0,4002,16367
11,126.0,4002,16367
11,127.0,4002,16367
11,128.0,4002,16367
11,129.0,4002,16367
11,130.0,4002,16367
11,131.0,4002,16367
11,132.0,4002,16367
11,133.0,4002,16367
11,134.0,4002,16367
11,135.0,4002,16367
11,136.0,4002,16367
11,137.0,4002,16367
11,138.0,4002,16367
11,139.0,4002,16367
11,140.0,4002,16367
11,141.0,4002,16367
11,142.0,4002,16367
11,143.0,4002,16367
11,144.0,4002,16367
11,145.0,4002,16367
11,146.0,4002,16367
11,147.0,4002,16367
11,148.0,4002,16367
11,149.0,4002,16367
11,150.0,4002,16367
11,151.0,4002,16367
11,152.0,4002,16367
11,153.0,4002,16367
11,154.0,4002,16367
11,155.0,4002,16367
11,156.0,4002,16367
11,157.0,4002,16367
11,158.0,4002,16367
11,159.0,4002,16367
11,160.0,4002,16367
11,161.0,4002,16367
11,162.0,4002,16367
11,163.0,4002,16367
11,164.0,4002,16367
11,165.0,4002,16367
11,166.0,4002,16367
12,1.0,20,700
12,2.0,20,700
12,3.0,20,700
12,4.0,20,700
12,5.0,20,700
12,6.0,20,700
12,7.0,20,700
12,8.0,20,700
12,9.0,20,700
12,10.0,20,700
12,11.0,20,700
12,12.0,20,700
12,13.0,20,700
12,14.0,20,700
12,15.0,20,700
12,16.0,20,700
12,17.0,20,700
12,18.0,20,700
12,19.0,20,700
12,20.0,20,700
12,21.0,20,700
12,22.0,20,700
12,23.0,20,700
12,24.0,20,700
12,25.0,20,700
12,26.0,20,796
12,27.0,42,796
12,28.0,42,796
12,29.0,67,796
12,30.0,67,796
12,31.0,67,796
12,32.0,67,796
12,33.0,67,796
12,34.0,67,796
12,35.0,107,796
12,36.0,107,796
12,37.0,107,796
12,38.0,135,796
12,39.0,135,796
12,40.0,135,796
12,41.0,135,796
12,42.0,135,796
12,43.0,135,796
12,44.0,135,796
12,45.0,135,5032
12,46.0,135,5032
12,47.0,135,5032
12,48.0,210,5032
12,49.0,296,5032
12,50.0,296,5032
12,51.0,296,5032
12,52.0,387,5032
12,53.0,485,5032
12,54.0,485,5032
12,55.0,485,5032
12,56.0,485,5032
12,57.0,485,5032
12,58.0,485,5032
12,59.0,485,5032
12,60.0,485,5032
12,61.0,485,5032
12,62.0,485,5032
12,63.0,485,5032
12,64.0,485,5032
12,65.0,485,5032
12,66.0,485,5032
12,67.0,485,5032
12,68.0,485,5032
12,69.0,667,5032
12,70.0,667,6036
12,71.0,839,6036
12,72.0,839,7401
12,73.0,839,7401
12,74.0,839,7401
12,75.0,839,7401
12,76.0,839,7401
12,77.0,839,7401
12,78.0,839,7401
12,79.0,1467,7401
12,80.0,2099,7401
12,81.0,2099,10345
12,82.0,2099,10345
12,83.0,2099,10345
12,84.0,1974,10345
12,85.0,1974,10345
12,86.0,1974,10345
12,87.0,1974,10345
12,88.0,1974,10345
12,89.0,1974,10345
12,90.0,1974,10345
12,91.0,1974,10345
12,92.0,1974,10345
12,93.0,1974,10345
12,94.0,1974,10345
12,95.0,1762,10345
12,96.0,1762,10345
12,97.0,1762,10345
12,98.0,1762,10345
12,99.0,1762,10345
12,100.0,1762,10345
12,101.0,3623,10345
12,102.0,5272,10345
12,103.0,5272,10345
12,104.0,6926,16533
12,105.0,8587,16533
12,106.0,8587,16533
12,107.0,8587,16533
12,108.0,8587,16533
12,109.0,8587,16533
12,110.0,8587,16533
12,111.0,8587,16533
12,112.0,8587,16533
12,113.0,8685,16533
12,114.0,8685,16533
12,115.0,8685,16533
12,116.0,8685,16533
12,117.0,6295,16533
12,118.0,6295,16533
12,119.0,6295,16533
12,120.0,6295,16533
12,121.0,6295,16533
12,122.0,6295,16533
12,123.0,6295,16533
12,124.0,6295,16533
12,125.0,6295,16533
12,126.0,6295,16533
12,127.0,6295,16533
12,128.0,6295,16533
12,129.0,6295,16533
12,130.0,6295,16533
12,131.0,6295,16533
12,132.0,6295,16533
12,133.0,6295,16533
12,134.0,6295,16533
12,135.0,6295,16533
12,136.0,6295,16533
12,137.0,6295,16533
12,138.0,6295,16533
12,139.0,6295,16533
12,140.0,6295,16533
12,141.0,6295,16533
12,142.0,6295,16533
12,143.0,6295,16533
12,144.0,6295,16533
12,145.0,6295,16533
12,146.0,6295,16533
12,147.0,6295,16533
12,148.0,6295,16533
12,149.0,6295,16533
12,150.0,6295,16533
12,151.0,6295,16533
12,152.0,6295,16533
12,153.0,6295,16533
12,154.0,6295,16533
12,155.0,6295,16533
12,156.0,6295,16533
12,157.0,6295,16533
12,158.0,6295,16533
12,159.0,6295,16533
12,160.0,6295,16533
12,161.0,6295,16533
12,162.0,6295,16533
12,163.0,6295,16533
12,164.0,6295,16533
12,165.0,6295,16533
12,166.0,6295,16533
13,1.0,20,700
13,2.0,20,700
13,3.0,20,700
13,4.0,20,700
13,5.0,20,700
13,6.0,20,700
13,7.0,20,700
13,8.0,20,700
13,9.0,20,700
13,10.0,20,700
13,11.0,20,700
13,12.0,20,700
13,13.0,20,700
13,14.0,20,700
13,15.0,20,700
13,16.0,20,700
13,17.0,20,700
13,18.0,20,700
13,19.0,20,700
13,20.0,20,700
13,21.0,20,700
13,22.0,20,700
13,23.0,20,700
13,24.0,20,700
13,25.0,20,700
13,26.0,20,766
13,27.0,33,766
13,28.0,33,766
13,29.0,62,766
13,30.0,62,766
13,31.0,62,766
13,32.0,62,766
13,33.0,62,766
13,34.0,62,766
13,35.0,102,766
13,36.0,102,766
13,37.0,102,766
13,38.0,130,766
13,39.0,130,766
13,40.0,130,766
13,41.0,130,766
13,42.0,130,766
13,43.0,130,766
13,44.0,130,766
13,45.0,130,5026
13,46.0,130,5026
13,47.0,130,5026
13,48.0,180,5026
13,49.0,239,5026
13,50.0,239,5026
13,51.0,239,5026
13,52.0,328,5026
13,53.0,414,5026
13,54.0,414,5026
13,55.0,414,5026
13,56.0,414,5026
13,57.0,414,5026
13,58.0,414,5026
13,59.0,414,5026
13,60.0,414,5026
13,61.0,414,5026
13,62.0,414,5026
13,63.0,414,5026
13,64.0,414,5026
13,65.0,414,5026
13,66.0,414,5026
13,67.0,414,5026
13,68.0,414,5026
13,69.0,582,5026
13,70.0,582,5984
13,71.0,746,5984
13,72.0,746,7293
13,73.0,746,7293
13,74.0,746,7293
13,75.0,746,7293
13,76.0,746,7293
13,77.0,746,7293
13,78.0,746,7293
13,79.0,1300,7293
13,80.0,1849,7293
13,81.0,1849,10069
13,82.0,1849,10069
13,83.0,1849,10069
13,84.0,1754,10069
13,85.0,1754,10069
13,86.0,1754,10069
13,87.0,1754,10069
13,88.0,1754,10069
13,89.0,1754,10069
13,90.0,1754,10069
13,91.0,1754,10069
13,92.0,1754,10069
13,93.0,1754,10069
13,94.0,1754,10069
13,95.0,1563,10069
13,96.0,1563,10069
13,97.0,1563,10069
13,98.0,1563,10069
13,99.0,1563,10069
13,100.0,1563,10069
13,101.0,3196,10069
13,102.0,4682,10069
13,103.0,4682,10069
13,104.0,6169,16122
13,105.0,6245,16122
13,106.0,6245,16122
13,107.0,6245,16122
13,108.0,6245,16122
13,109.0,6245,16122
13,110.0,6245,16122
13,111.0,6245,16122
13,112.0,6245,16122
13,113.0,6346,16122
13,114.0,6346,16122
13,115.0,6346,16122
13,116.0,6346,16122
13,117.0,4492,16122
13,118.0,4492,16122
13,119.0,4492,16122
13,120.0,4492,16122
13,121.0,4492,16122
13,122.0,4492,16122
13,123.0,4492,16122
13,124.0,4492,16122
13,125.0,4492,16122
13,126.0,4492,16122
13,127.0,4492,16122
13,128.0,4492,16122
13,129.0,4492,16122
13,130.0,4492,16122
13,131.0,4492,16122
13,132.0,4492,16122
13,133.0,4492,16122
13,134.0,4492,16122
13,135.0,4492,16122
13,136.0,4492,16122
13,137.0,4492,16122
13,138.0,4492,16122
13,139.0,4492,16122
13,140.0,4492,16122
13,141.0,4492,16122
13,142.0,4492,16122
13,143.0,4492,16122
13,144.0,4492,16122
13,145.0,4492,16122
13,146.0,4492,16122
13,147.0,4492,16122
13,148.0,4492,16122
13,149.0,4492,16122
13,150.0,4492,16122
13,151.0,4492,16122
13,152.0,4492,16122
13,153.0,4492,16122
13,154.0,4492,16122
13,155.0,4492,16122
13,156.0,4492,16122
13,157.0,4492,16122
13,158.0,4492,16122
13,159.0,4492,16122
13,160.0,4492,16122
13,161.0,4492,16122
13,162.0,4492,16122
13,163.0,4492,16122
13,164.0,4492,16122
13,165.0,4492,16122
13,166.0,4492,16122
14,1.0,20,700
14,2.0,20,700
14,3.0,20,700
14,4.0,20,700
14,5.0,20,700
14,6.0,20,700
14,7.0,20,700
14,8.0,20,700
14,9.0,20,700
14,10.0,20,700
14,11.0,20,700
14,12.0,20,700
14,13.0,20,700
14,14.0,20,700
14,15.0,20,700
14,16.0,20,700
14,17.0,20,700
14,18.0,20,700
14,19.0,20,700
14,20.0,20,700
14,21.0,20,700
14,22.0,20,700
14,23.0,20,700
14,24.0,20,700
14,25.0,20,700
14,26.0,20,796
14,27.0,30,796
14,28.0,30,796
14,29.0,46,796
14,30.0,46,796
14,31.0,46,796
14,32.0,46,796
14,33.0,46,796
14,34.0,46,796
14,35.0,86,796
14,36.0,86,796
14,37.0,86,796
14,38.0,117,796
14,39.0,117,796
14,40.0,117,796
14,41.0,117,796
14,42.0,117,796
14,43.0,117,796
14,44.0,117,796
14,45.0,117,4996
14,46.0,117,4996
14,47.0,117,4996
14,48.0,164,4996
14,49.0,209,4996
14,50.0,209,4996
14,51.0,209,4996
14,52.0,277,4996
14,53.0,340,4996
14,54.0,340,4996
14,55.0,340,4996
14,56.0,340,4996
14,57.0,340,4996
14,58.0,340,4996
14,59.0,340,4996
14,60.0,340,4996
14,61.0,340,4996
14,62.0,340,4996
14,63.0,340,4996
14,64.0,340,4996
14,65.0,340,4996
14,66.0,340,4996
14,67.0,340,4996
14,68.0,340,4996
14,69.0,484,4996
14,70.0,484,6073
14,71.0,646,6073
14,72.0,646,7400
14,73.0,646,7400
14,74.0,646,7400
14,75.0,646,7400
14,76.0,646,7400
14,77.0,646,7400
14,78.0,646,7400
14,79.0,1092,7400
14,80.0,1547,7400
14,81.0,1547,10251
14,82.0,1547,10251
14,83.0,1547,10251
14,84.0,1471,10251
14,85.0,1471,10251
14,86.0,1471,10251
14,87.0,1471,10251
14,88.0,1471,10251
14,89.0,1471,10251
14,90.0,1471,10251
14,91.0,1471,10251
14,92.0,1471,10251
14,93.0,1471,10251
14,94.0,1471,10251
14,95.0,1309,10251
14,96.0,1309,10251
14,97.0,1309,10251
14,98.0,1309,10251
14,99.0,1309,10251
14,100.0,1309,10251
14,101.0,2660,10251
14,102.0,3906,10251
14,103.0,3906,10251
14,104.0,3990,16401
14,105.0,4055,16401
14,106.0,4055,16401
14,107.0,4055,16401
14,108.0,4055,16401
14,109.0,4055,16401
14,110.0,4055,16401
14,111.0,4055,16401
14,112.0,4055,16401
14,113.0,4161,16401
14,114.0,4161,16401
14,115.0,4161,16401
14,116.0,4161,16401
14,117.0,2919,16401
14,118.0,2919,16401
14,119.0,2919,16401
14,120.0,2919,16401
14,121.0,2919,16401
14,122.0,2919,16401
14,123.0,2919,16401
14,124.0,2919,16401
14,125.0,2919,16401
14,126.0,2919,16401
14,127.0,2919,16401
14,128.0,2919,16401
14,129.0,2919,16401
14,130.0,2919,16401
14,131.0,2919,16401
14,132.0,2919,16401
14,133.0,2919,16401
14,134.0,2919,16401
14,135.0,2919,16401
14,136.0,2919,16401
14,137.0,2919,16401
14,138.0,2919,16401
14,139.0,2919,16401
14,140.0,2919,16401
14,141.0,2919,16401
14,142.0,2919,16401
14,143.0,2919,16401
14,144.0,2919,16401
14,145.0,2919,16401
14,146.0,2919,16401
14,147.0,2919,16401
14,148.0,2919,16401
14,149.0,2919,16401
14,150.0,2919,16401
14,151.0,2919,16401
14,152.0,2919,16401
14,153.0,2919,16401
14,154.0,2919,16401
14,155.0,2919,16401
14,156.0,2919,16401
14,157.0,2919,16401
14,158.0,2919,16401
14,159.0,2919,16401
14,160.0,2919,16401
14,161.0,2919,16401
14,162.0,2919,16401
14,163.0,2919,16401
14,164.0,2919,16401
14,165.0,2919,16401
14,166.0,2919,16401
15,1.0,20,700
15,2.0,20,700
15,3.0,20,700
15,4.0,20,700
15,5.0,20,700
15,6.0,20,700
15,7.0,20,700
15,8.0,20,700
15,9.0,20,700
15,10.0,20,700
15,11.0,20,700
15,12.0,20,700
15,13.0,20,700
15,14.0,20,700
15,15.0,20,700
15,16.0,20,700
15,17.0,20,700
15,18.0,20,700
15,19.0,20,700
15,20.0,20,700
15,21.0,20,700
15,22.0,20,700
15,23.0,20,700
15,24.0,20,700
15,25.0,20,700
15,26.0,20,784
15,27.0,35,784
15,28.0,35,784
15,29.0,50,784
15,30.0,50,784
15,31.0,50,784
15,32.0,50,784
15,33.0,50,784
15,34.0,50,784
15,35.0,90,784
15,36.0,90,784
15,37.0,90,784
15,38.0,120,784
15,39.0,120,784
15,40.0,120,784
15,41.0,120,784
15,42.0,120,784
15,43.0,120,784
15,44.0,120,784
15,45.0,120,4954
15,46.0,120,4954
15,47.0,120,4954
15,48.0,176,4954
15,49.0,231,4954
15,50.0,231,4954
15,51.0,231,4954
15,52.0,297,4954
15,53.0,377,4954
15,54.0,377,4954
15,55.0,377,4954
15,56.0,377,4954
15,57.0,377,4954
15,58.0,377,4954
15,59.0,377,4954
15,60.0,377,4954
15,61.0,377,4954
15,62.0,377,4954
15,63.0,377,4954
15,64.0,377,4954
15,65.0,377,4954
15,66.0,377,4954
15,67.0,377,4954
15,68.0,377,4954
15,69.0,528,4954
15,70.0,528,5962
15,71.0,682,5962
15,72.0,682,7324
15,73.0,682,7324
15,74.0,682,7324
15,75.0,682,7324
15,76.0,682,7324
15,77.0,682,7324
15,78.0,682,7324
15,79.0,1152,7324
15,80.0,1653,7324
15,81.0,1653,10110
15,82.0,1653,10110
15,83.0,1653,10110
15,84.0,1560,10110
15,85.0,1560,10110
15,86.0,1560,10110
15,87.0,1560,10110
15,88.0,1560,10110
15,89.0,1560,10110
15,90.0,1560,10110
15,91.0,1560,10110
15,92.0,1560,10110
15,93.0,1560,10110
15,94.0,1560,10110
15,95.0,1388,10110
15,96.0,1388,10110
15,97.0,1388,10110
15,98.0,1388,10110
15,99.0,1388,10110
15,100.0,1388,10110
15,101.0,2858,10110
15,102.0,4205,10110
15,103.0,4205,10110
15,104.0,4283,15931
15,105.0,4367,15931
15,106.0,4367,15931
15,107.0,4367,15931
15,108.0,4367,15931
15,109.0,4367,15931
15,110.0,4367,15931
15,111.0,4367,15931
15,112.0,4367,15931
15,113.0,4446,15931
15,114.0,4446,15931
15,115.0,4446,15931
15,116.0,4446,15931
15,117.0,3185,15931
15,118.0,3185,15931
15,119.0,3185,15931
15,120.0,3185,15931
15,121.0,3185,15931
15,122.0,3185,15931
15,123.0,3185,15931
15,124.0,3185,15931
15,125.0,3185,15931
15,126.0,3185,15931
15,127.0,3185,15931
15,128.0,3185,15931
15,129.0,3185,15931
15,130.0,3185,15931
15,131.0,3185,15931
15,132.0,3185,15931
15,133.0,3185,15931
15,134.0,3185,15931
15,135.0,3185,15931
15,136.0,3185,15931
15,137.0,3185,15931
15,138.0,3185,15931
15,139.0,3185,15931
15,140.0,3185,15931
15,141.0,3185,15931
15,142.0,3185,15931
15,143.0,3185,15931
15,144.0,3185,15931
15,145.0,3185,15931
15,146.0,3185,15931
15,147.0,3185,15931
15,148.0,3185,15931
15,149.0,3185,15931
15,150.0,3185,15931
15,151.0,3185,15931
15,152.0,3185,15931
15,153.0,3185,15931
15,154.0,3185,15931
15,155.0,3185,15931
15,156.0,3185,15931
15,157.0,3185,15931
15,158.0,3185,15931
15,159.0,3185,15931
15,160.0,3185,15931
15,161.0,3185,15931
15,162.0,3185,15931
15,163.0,3185,15931
15,164.0,3185,15931
15,165.0,3185,15931
15,166.0,3185,15931
16,1.0,20,700
16,2.0,20,700
16,3.0,20,700
16,4.0,20,700
16,5.0,20,700
16,6.0,20,700
16,7.0,20,700
16,8.0,20,700
16,9.0,20,700
16,10.0,20,700
16,11.0,20,700
16,12.0,20,700
16,13.0,20,700
16,14.0,20,700
16,15.0,20,700
16,16.0,20,700
16,17.0,20,700
16,18.0,20,700
16,19.0,20,700
16,20.0,20,700
16,21.0,20,700
16,22.0,20,700
16,23.0,20,700
16,24.0,20,700
16,25.0,20,700
16,26.0,20,796
16,27.0,36,796
16,28.0,36,796
16,29.0,53,796
16,30.0,53,796
16,31.0,53,796
16,32.0,53,796
16,33.0,53,796
16,34.0,53,796
16,35.0,93,796
16,36.0,93,796
16,37.0,93,796
16,38.0,118,796
16,39.0,118,796
16,40.0,118,796
16,41.0,118,796
16,42.0,118,796
16,43.0,118,796
16,44.0,118,796
16,45.0,118,4996
16,46.0,118,4996
16,47.0,118,4996
16,48.0,170,4996
16,49.0,211,4996
16,50.0,211,4996
16,51.0,211,4996
16,52.0,282,4996
16,53.0,348,4996
16,54.0,348,4996
16,55.0,348,4996
16,56.0,348,4996
16,57.0,348,4996
16,58.0,348,4996
16,59.0,348,4996
16,60.0,348,4996
16,61.0,348,4996
16,62.0,348,4996
16,63.0,348,4996
16,64.0,348,4996
16,65.0,348,4996
16,66.0,348,4996
16,67.0,348,4996
16,68.0,348,4996
16,69.0,497,4996
16,70.0,497,5982
16,71.0,654,5982
16,72.0,654,7333
16,73.0,654,7333
16,74.0,654,7333
16,75.0,654,7333
16,76.0,654,7333
16,77.0,654,7333
16,78.0,654,7333
16,79.0,1093,7333
16,80.0,1548,7333
16,81.0,1548,10243
16,82.0,1548,10243
16,83.0,1548,10243
16,84.0,1489,10243
16,85.0,1489,10243
16,86.0,1489,10243
16,87.0,1489,10243
16,88.0,1489,10243
16,89.0,1489,10243
16,90.0,1489,10243
16,91.0,1489,10243
16,92.0,1489,10243
16,93.0,1489,10243
16,94.0,1489,10243
16,95.0,1318,10243
16,96.0,1318,10243
16,97.0,1318,10243
16,98.0,1318,10243
16,99.0,1318,10243
16,100.0,1318,10243
16,101.0,2713,10243
16,102.0,3990,10243
16,103.0,3990,10243
16,104.0,5258,16342
16,105.0,6545,16342
16,106.0,6545,16342
16,107.0,6545,16342
16,108.0,6545,16342
16,109.0,6545,16342
16,110.0,6545,16342
16,111.0,6545,16342
16,112.0,6545,16342
16,113.0,7822,16342
16,114.0,7822,16342
16,115.0,7822,16342
16,116.0,7822,16342
16,117.0,5704,16342
16,118.0,5704,16342
16,119.0,5704,16342
16,120.0,5704,16342
16,121.0,5704,16342
16,122.0,5704,16342
16,123.0,5704,16342
16,124.0,5704,16342
16,125.0,5704,16342
16,126.0,5704,16342
16,127.0,5704,16342
16,128.0,5704,16342
16,129.0,5704,16342
16,130.0,5704,16342
16,131.0,5704,16342
16,132.0,5704,16342
16,133.0,5704,16342
16,134.0,5704,16342
16,135.0,5704,16342
16,136.0,5704,16342
16,137.0,5704,16342
16,138.0,5704,16342
16,139.0,5704,16342
16,140.0,5704,16342
16,141.0,5704,16342
16,142.0,5704,16342
16,143.0,5704,16342
16,144.0,5704,16342
16,145.0,5704,16342
16,146.0,5704,16342
16,147.0,5704,16342
16,148.0,5704,16342
16,149.0,5704,16342
16,150.0,5704,16342
16,151.0,5704,16342
16,152.0,5704,16342
16,153.0,5704,16342
16,154.0,5704,16342
16,155.0,5704,16342
16,156.0,5704,16342
16,157.0,5704,16342
16,158.0,5704,16342
16,159.0,5704,16342
16,160.0,5704,16342
16,161.0,5704,16342
16,162.0,5704,16342
16,163.0,5704,16342
16,164.0,5704,16342
16,165.0,5704,16342
16,166.0,5704,16342
17,1.0,20,700
17,2.0,20,700
17,3.0,20,700
17,4.0,20,700
17,5.0,20,700
17,6.0,20,700
17,7.0,20,700
17,8.0,20,700
17,9.0,20,700
17,10.0,20,700
17,11.0,20,700
17,12.0,20,700
17,13.0,20,700
17,14.0,20,700
17,15.0,20,700
17,16.0,20,700
17,17.0,20,700
17,18.0,20,700
17,19.0,20,700
17,20.0,20,700
17,21.0,20,700
17,22.0,20,700
17,23.0,20,700
17,24.0,20,700
17,25.0,20,700
17,26.0,20,790
17,27.0,32,790
17,28.0,32,790
17,29.0,47,790
17,30.0,47,790
17,31.0,47,790
17,32.0,47,790
17,33.0,47,790
17,34.0,47,790
17,35.0,87,790
17,36.0,87,790
17,37.0,87,790
17,38.0,115,790
17,39.0,115,790
17,40.0,115,790
17,41.0,115,790
17,42.0,115,790
17,43.0,115,790
17,44.0,115,790
17,45.0,115,4978
17,46.0,115,4978
17,47.0,115,4978
17,48.0,160,4978
17,49.0,203,4978
17,50.0,203,4978
17,51.0,203,4978
17,52.0,274,4978
17,53.0,336,4978
17,54.0,336,4978
17,55.0,336,4978
17,56.0,336,4978
17,57.0,336,4978
17,58.0,336,4978
17,59.0,336,4978
17,60.0,336,4978
17,61.0,336,4978
17,62.0,336,4978
17,63.0,336,4978
17,64.0,336,4978
17,65.0,336,4978
17,66.0,336,4978
17,67.0,336,4978
17,68.0,336,4978
17,69.0,488,4978
17,70.0,488,5947
17,71.0,631,5947
17,72.0,631,7342
17,73.0,631,7342
17,74.0,631,7342
17,75.0,631,7342
17,76.0,631,7342
17,77.0,631,7342
17,78.0,631,7342
17,79.0,1051,7342
17,80.0,1476,7342
17,81.0,1476,10184
17,82.0,1476,10184
17,83.0,1476,10184
17,84.0,1392,10184
17,85.0,1392,10184
17,86.0,1392,10184
17,87.0,1392,10184
17,88.0,1392,10184
17,89.0,1392,10184
17,90.0,1392,10184
17,91.0,1392,10184
17,92.0,1392,10184
17,93.0,1392,10184
17,94.0,1392,10184
17,95.0,1223,10184
17,96.0,1223,10184
17,97.0,1223,10184
17,98.0,1223,10184
17,99.0,1223,10184
17,100.0,1223,10184
17,101.0,2469,10184
17,102.0,3594,10184
17,103.0,3594,10184
17,104.0,4716,16195
17,105.0,4787,16195
17,106.0,4787,16195
17,107.0,4787,16195
17,108.0,4787,16195
17,109.0,4787,16195
17,110.0,4787,16195
17,111.0,4787,16195
17,112.0,4787,16195
17,113.0,4857,16195
17,114.0,4857,16195
17,115.0,4857,16195
17,116.0,4857,16195
17,117.0,3497,16195
17,118.0,3497,16195
17,119.0,3497,16195
17,120.0,3497,16195
17,121.0,3497,16195
17,122.0,3497,16195
17,123.0,3497,16195
17,124.0,3497,16195
17,125.0,3497,16195
17,126.0,3497,16195
17,127.0,3497,16195
17,128.0,3497,16195
17,129.0,3497,16195
17,130.0,3497,16195
17,131.0,3497,16195
17,132.0,3497,16195
17,133.0,3497,16195
17,134.0,3497,16195
17,135.0,3497,16195
17,136.0,3497,16195
17,137.0,3497,16195
17,138.0,3497,16195
17,139.0,3497,16195
17,140.0,3497,16195
17,141.0,3497,16195
17,142.0,3497,16195
17,143.0,3497,16195
17,144.0,3497,16195
17,145.0,3497,16195
17,146.0,3497,16195
17,147.0,3497,16195
17,148.0,3497,16195
17,149.0,3497,16195
17,150.0,3497,16195
17,151.0,3497,16195
17,152.0,3497,16195
17,153.0,3497,16195
17,154.0,3497,16195
17,155.0,3497,16195
17,156.0,3497,16195
17,157.0,3497,16195
17,158.0,3497,16195
17,159.0,3497,16195
17,160.0,3497,16195
17,161.0,3497,16195
17,162.0,3497,16195
17,163.0,3497,16195
17,164.0,3497,16195
17,165.0,3497,16195
17,166.0,3497,16195
18,1.0,20,700
18,2.0,20,700
18,3.0,20,700
18,4.0,20,700
18,5.0,20,700
18,6.0,20,700
18,7.0,20,700
18,8.0,20,700
18,9.0,20,700
18,10.0,20,700
18,11.0,20,700
18,12.0,20,700
18,13.0,20,700
18,14.0,20,700
18,15.0,20,700
18,16.0,20,700
18,17.0,20,700
18,18.0,20,700
18,19.0,20,700
18,20.0,20,700
18,21.0,20,700
18,22.0,20,700
18,23.0,20,700
18,24.0,20,700
18,25.0,20,700
18,26.0,20,778
18,27.0,30,778
18,28.0,30,778
18,29.0,53,778
18,30.0,53,778
18,31.0,53,778
18,32.0,53,778
18,33.0,53,778
18,34.0,53,778
18,35.0,93,778
18,36.0,93,778
18,37.0,93,778
18,38.0,126,778
18,39.0,126,778
18,40.0,126,778
18,41.0,126,778
18,42.0,126,778
18,43.0,126,778
18,44.0,126,778
18,45.0,126,4978
18,46.0,126,4978
18,47.0,126,4978
18,48.0,186,4978
18,49.0,247,4978
18,50.0,247,4978
18,51.0,247,4978
18,52.0,320,4978
18,53.0,396,4978
18,54.0,396,4978
18,55.0,396,4978
18,56.0,396,4978
18,57.0,396,4978
18,58.0,396,4978
18,59.0,396,4978
18,60.0,396,4978
18,61.0,396,4978
18,62.0,396,4978
18,63.0,396,4978
18,64.0,396,4978
18,65.0,396,4978
18,66.0,396,4978
18,67.0,396,4978
18,68.0,396,4978
18,69.0,565,4978
18,70.0,565,5960
18,71.0,749,5960
18,72.0,749,7245
18,73.0,749,7245
18,74.0,749,7245
18,75.0,749,7245
18,76.0,749,7245
18,77.0,749,7245
18,78.0,749,7245
18,79.0,1259,7245
18,80.0,1771,7245
18,81.0,1771,10033
18,82.0,1771,10033
18,83.0,1771,10033
18,84.0,1677,10033
18,85.0,1677,10033
18,86.0,1677,10033
18,87.0,1677,10033
18,88.0,1677,10033
18,89.0,1677,10033
18,90.0,1677,10033
18,91.0,1677,10033
18,92.0,1677,10033
18,93.0,1677,10033
18,94.0,1677,10033
18,95.0,1492,10033
18,96.0,1492,10033
18,97.0,1492,10033
18,98.0,1492,10033
18,99.0,1492,10033
18,100.0,1492,10033
18,101.0,3081,10033
18,102.0,4474,10033
18,103.0,4474,10033
18,104.0,5864,15813
18,105.0,5942,15813
18,106.0,5942,15813
18,107.0,5942,15813
18,108.0,5942,15813
18,109.0,5942,15813
18,110.0,5942,15813
18,111.0,5942,15813
18,112.0,5942,15813
18,113.0,6031,15813
18,114.0,6031,15813
18,115.0,6031,15813
18,116.0,6031,15813
18,117.0,4420,15813
18,118.0,4420,15813
18,119.0,4420,15813
18,120.0,4420,15813
18,121.0,4420,15813
18,122.0,4420,15813
18,123.0,4420,15813
18,124.0,4420,15813
18,125.0,4420,15813
18,126.0,4420,15813
18,127.0,4420,15813
18,128.0,4420,15813
18,129.0,4420,15813
18,130.0,4420,15813
18,131.0,4420,15813
18,132.0,4420,15813
18,133.0,4420,15813
18,134.0,4420,15813
18,135.0,4420,15813
18,136.0,4420,15813
18,137.0,4420,15813
18,138.0,4420,15813
18,139.0,4420,15813
18,140.0,4420,15813
18,141.0,4420,15813
18,142.0,4420,15813
18,143.0,4420,15813
18,144.0,4420,15813
18,145.0,4420,15813
18,146.0,4420,15813
18,147.0,4420,15813
18,148.0,4420,15813
18,149.0,4420,15813
18,150.0,4420,15813
18,151.0,4420,15813
18,152.0,4420,15813
18,153.0,4420,15813
18,154.0,4420,15813
18,155.0,4420,15813
18,156.0,4420,15813
18,157.0,4420,15813
18,158.0,4420,15813
18,159.0,4420,15813
18,160.0,4420,15813
18,161.0,4420,15813
18,162.0,4420,15813
18,163.0,4420,15813
18,164.0,4420,15813
18,165.0,4420,15813
18,166.0,4420,15813
19,1.0,20,700
19,2.0,20,700
19,3.0,20,700
19,4.0,20,700
19,5.0,20,700
19,6.0,20,700
19,7.0,20,700
19,8.0,20,700
19,9.0,20,700
19,10.0,20,700
19,11.0,20,700
19,12.0,20,700
19,13.0,20,700
19,14.0,20,700
19,15.0,20,700
19,16.0,20,700
19,17.0,20,700
19,18.0,20,700
19,19.0,20,700
19,20.0,20,700
19,21.0,20,700
19,22.0,20,700
19,23.0,20,700
19,24.0,20,700
19,25.0,20,700
19,26.0,20,808
19,27.0,35,808
19,28.0,35,808
19,29.0,55,808
19,30.0,55,808
19,31.0,55,808
19,32.0,55,808
19,33.0,55,808
19,34.0,55,808
19,35.0,95,808
19,36.0,95,808
19,37.0,95,808
19,38.0,121,808
19,39.0,121,808
19,40.0,121,808
19,41.0,121,808
19,42.0,121,808
19,43.0,121,808
19,44.0,121,808
19,45.0,121,5086
19,46.0,121,5086
19,47.0,121,5086
19,48.0,174,5086
19,49.0,221,5086
19,50.0,221,5086
19,51.0,221,5086
19,52.0,294,5086
19,53.0,363,5086
19,54.0,363,5086
19,55.0,363,5086
19,56.0,363,5086
19,57.0,363,5086
19,58.0,363,5086
19,59.0,363,5086
19,60.0,363,5086
19,61.0,363,5086
19,62.0,363,5086
19,63.0,363,5086
19,64.0,363,5086
19,65.0,363,5086
19,66.0,363,5086
19,67.0,363,5086
19,68.0,363,5086
19,69.0,525,5086
19,70.0,525,6112
19,71.0,684,6112
19,72.0,684,7422
19,73.0,684,7422
19,74.0,684,7422
19,75.0,684,7422
19,76.0,684,7422
19,77.0,684,7422
19,78.0,684,7422
19,79.0,1154,7422
19,80.0,1606,7422
19,81.0,1606,10418
19,82.0,1606,10418
19,83.0,1606,10418
19,84.0,1506,10418
19,85.0,1506,10418
19,86.0,1506,10418
19,87.0,1506,10418
19,88.0,1506,10418
19,89.0,1506,10418
19,90.0,1506,10418
19,91.0,1506,10418
19,92.0,1506,10418
19,93.0,1506,10418
19,94.0,1506,10418
19,95.0,1350,10418
19,96.0,1350,10418
19,97.0,1350,10418
19,98.0,1350,10418
19,99.0,1350,10418
19,100.0,1350,10418
19,101.0,2726,10418
19,102.0,3993,10418
19,103.0,3993,10418
19,104.0,5279,16597
19,105.0,6560,16597
19,106.0,6560,16597
19,107.0,6560,16597
19,108.0,6560,16597
19,109.0,6560,16597
19,110.0,6560,16597
19,111.0,6560,16597
19,112.0,6560,16597
19,113.0,6623,16597
19,114.0,6623,16597
19,115.0,6623,16597
19,116.0,6623,16597
19,117.0,4807,16597
19,118.0,4807,16597
19,119.0,4807,16597
19,120.0,4807,16597
19,121.0,4807,16597
19,122.0,4807,16597
19,123.0,4807,16597
19,124.0,4807,16597
19,125.0,4807,16597
19,126.0,4807,16597
19,127.0,4807,16597
19,128.0,4807,16597
19,129.0,4807,16597
19,130.0,4807,16597
19,131.0,4807,16597
19,132.0,4807,16597
19,133.0,4807,16597
19,134.0,4807,16597
19,135.0,4807,16597
19,136.0,4807,16597
19,137.0,4807,16597
19,138.0,4807,16597
19,139.0,4807,16597
19,140.0,4807,16597
19,141.0,4807,16597
19,142.0,4807,16597
19,143.0,4807,16597
19,144.0,4807,16597
19,145.0,4807,16597
19,146.0,4807,16597
19,147.0,4807,16597
19,148.0,4807,16597
19,149.0,4807,16597
19,150.0,4807,16597
19,151.0,4807,16597
19,152.0,4807,16597
19,153.0,4807,16597
19,154.0,4807,16597
19,155.0,4807,16597
19,156.0,4807,16597
19,157.0,4807,16597
19,158.0,4807,16597
19,159.0,4807,16597
19,160.0,4807,16597
19,161.0,4807,16597
19,162.0,4807,16597
19,163.0,4807,16597
19,164.0,4807,16597
19,165.0,4807,16597
19,166.0,4807,16597
20,1.0,20,700
20,2.0,20,700
20,3.0,20,700
20,4.0,20,700
20,5.0,20,700
20,6.0,20,700
20,7.0,20,700
20,8.0,20,700
20,9.0,20,700
20,10.0,20,700
20,11.0,20,700
20,12.0,20,700
20,13.0,20,700
20,14.0,20,700
20,15.0,20,700
20,16.0,20,700
20,17.0,20,700
20,18.0,20,700
20,19.0,20,700
20,20.0,20,700
20,21.0,20,700
20,22.0,20,700
20,23.0,20,700
20,24.0,20,700
20,25.0,20,700
20,26.0,20,796
20,27.0,28,796
20,28.0,28,796
20,29.0,51,796
20,30.0,51,796
20,31.0,51,796
20,32.0,51,796
20,33.0,51,796
20,34.0,51,796
20,35.0,91,796
20,36.0,91,796
20,37.0,91,796
20,38.0,117,796
20,39.0,117,796
20,40.0,117,796
20,41.0,117,796
20,42.0,117,796
20,43.0,117,796
20,44.0,117,796
20,45.0,117,5026
20,46.0,117,5026
20,47.0,117,5026
20,48.0,154,5026
20,49.0,201,5026
20,50.0,201,5026
20,51.0,201,5026
20,52.0,266,5026
20,53.0,340,5026
20,54.0,340,5026
20,55.0,340,5026
20,56.0,340,5026
20,57.0,340,5026
20,58.0,340,5026
20,59.0,340,5026
20,60.0,340,5026
20,61.0,340,5026
20,62.0,340,5026
20,63.0,340,5026
20,64.0,340,5026
20,65.0,340,5026
20,66.0,340,5026
20,67.0,340,5026
20,68.0,340,5026
20,69.0,499,5026
20,70.0,499,6069
20,71.0,657,6069
20,72.0,657,7433
20,73.0,657,7433
20,74.0,657,7433
20,75.0,657,7433
20,76.0,657,7433
20,77.0,657,7433
20,78.0,657,7433
20,79.0,1107,7433
20,80.0,1560,7433
20,81.0,1560,10231
20,82.0,1560,10231
20,83.0,1560,10231
20,84.0,1477,10231
20,85.0,1477,10231
20,86.0,1477,10231
20,87.0,1477,10231
20,88.0,1477,10231
20,89.0,1477,10231
20,90.0,1477,10231
20,91.0,1477,10231
20,92.0,1477,10231
20,93.0,1477,10231
20,94.0,1477,10231
20,95.0,1310,10231
20,96.0,1310,10231
20,97.0,1310,10231
20,98.0,1310,10231
20,99.0,1310,10231
20,100.0,1310,10231
20,101.0,2673,10231
20,102.0,3913,10231
20,103.0,3913,10231
20,104.0,5151,16517
20,105.0,6377,16517
20,106.0,6377,16517
20,107.0,6377,16517
20,108.0,6377,16517
20,109.0,6377,16517
20,110.0,6377,16517
20,111.0,6377,16517
20,112.0,6377,16517
20,113.0,7579,16517
20,114.0,7579,16517
20,115.0,7579,16517
20,116.0,7579,16517
20,117.0,5517,16517
20,118.0,5517,16517
20,119.0,5517,16517
20,120.0,5517,16517
20,121.0,5517,16517
20,122.0,5517,16517
20,123.0,5517,16517
20,124.0,5517,16517
20,125.0,5517,16517
20,126.0,5517,16517
20,127.0,5517,16517
20,128.0,5517,16517
20,129.0,5517,16517
20,130.0,5517,16517
20,131.0,5517,16517
20,132.0,5517,16517
20,133.0,5517,16517
20,134.0,5517,16517
20,135.0,5517,16517
20,136.0,5517,16517
20,137.0,5517,16517
20,138.0,5517,16517
20,139.0,5517,16517
20,140.0,5517,16517
20,141.0,5517,16517
20,142.0,5517,16517
20,143.0,5517,16517
20,144.0,5517,16517
20,145.0,5517,16517
20,146.0,5517,16517
20,147.0,5517,16517
20,148.0,5517,16517
20,149.0,5517,16517
20,150.0,5517,16517
20,151.0,5517,16517
20,152.0,5517,16517
20,153.0,5517,16517
20,154.0,5517,16517
20,155.0,5517,16517
20,156.0,5517,16517
20,157.0,5517,16517
20,158.0,5517,16517
20,159.0,5517,16517
20,160.0,5517,16517
20,161.0,5517,16517
20,162.0,5517,16517
20,163.0,5517,16517
20,164.0,5517,16517
20,165.0,5517,16517
20,166.0,5517,16517
