"run","tick","GRCount","STCount"
1,1.0,18,630
1,2.0,18,630
1,3.0,18,630
1,4.0,18,630
1,5.0,18,630
1,6.0,18,630
1,7.0,18,630
1,8.0,18,630
1,9.0,18,630
1,10.0,18,630
1,11.0,18,630
1,12.0,18,630
1,13.0,18,630
1,14.0,18,630
1,15.0,18,630
1,16.0,18,630
1,17.0,18,630
1,18.0,18,630
1,19.0,18,630
1,20.0,18,630
1,21.0,18,630
1,22.0,18,630
1,23.0,18,630
1,24.0,18,630
1,25.0,18,630
1,26.0,18,666
1,27.0,19,666
1,28.0,19,666
1,29.0,21,666
1,30.0,21,666
1,31.0,21,666
1,32.0,21,666
1,33.0,21,666
1,34.0,21,666
1,35.0,26,666
1,36.0,26,666
1,37.0,26,666
1,38.0,27,666
1,39.0,27,666
1,40.0,27,666
1,41.0,27,666
1,42.0,27,666
1,43.0,27,666
1,44.0,27,666
1,45.0,27,2009
1,46.0,27,2009
1,47.0,27,2009
1,48.0,34,2009
1,49.0,35,2009
1,50.0,35,2009
1,51.0,35,2009
1,52.0,39,2009
1,53.0,42,2009
1,54.0,42,2009
1,55.0,42,2009
1,56.0,42,2009
1,57.0,42,2009
1,58.0,42,2009
1,59.0,42,2009
1,60.0,42,2009
1,61.0,42,2009
1,62.0,42,2009
1,63.0,42,2009
1,64.0,42,2009
1,65.0,42,2009
1,66.0,42,2009
1,67.0,42,2009
1,68.0,42,2009
1,69.0,45,2009
1,70.0,45,2157
1,71.0,47,2157
1,72.0,47,2320
1,73.0,47,2320
1,74.0,47,2320
1,75.0,47,2320
1,76.0,47,2320
1,77.0,47,2320
1,78.0,47,2320
1,79.0,49,2320
1,80.0,51,2320
1,81.0,51,2699
1,82.0,51,2699
1,83.0,51,2699
1,84.0,35,2699
1,85.0,35,2699
1,86.0,35,2699
1,87.0,35,2699
1,88.0,35,2699
1,89.0,35,2699
1,90.0,35,2699
1,91.0,35,2699
1,92.0,35,2699
1,93.0,35,2699
1,94.0,35,2699
1,95.0,27,2699
1,96.0,27,2699
1,97.0,27,2699
1,98.0,27,2699
1,99.0,27,2699
1,100.0,27,2699
1,101.0,16,2699
1,102.0,17,2699
1,103.0,17,2699
1,104.0,21,3146
1,105.0,22,3146
1,106.0,22,3146
1,107.0,22,3146
1,108.0,22,3146
1,109.0,22,3146
1,110.0,22,3146
1,111.0,22,3146
1,112.0,22,3146
1,113.0,24,3146
1,114.0,24,3146
1,115.0,24,3146
1,116.0,24,3146
1,117.0,15,3146
1,118.0,15,3146
1,119.0,15,3146
1,120.0,15,3146
1,121.0,15,3146
1,122.0,15,3146
1,123.0,15,3146
1,124.0,15,3146
1,125.0,15,3146
1,126.0,15,3146
1,127.0,15,3146
1,128.0,15,3146
1,129.0,15,3146
1,130.0,15,3146
1,131.0,15,3146
1,132.0,15,3146
1,133.0,15,3146
1,134.0,15,3146
1,135.0,15,3146
1,136.0,15,3146
1,137.0,15,3146
1,138.0,15,3146
1,139.0,15,3146
1,140.0,15,3146
1,141.0,15,3146
1,142.0,15,3146
1,143.0,15,3146
1,144.0,15,3146
1,145.0,15,3146
1,146.0,15,3146
1,147.0,15,3146
1,148.0,15,3146
1,149.0,15,3146
1,150.0,15,3146
1,151.0,15,3146
1,152.0,15,3146
1,153.0,15,3146
1,154.0,15,3146
1,155.0,15,3146
1,156.0,15,3146
1,157.0,15,3146
1,158.0,15,3146
1,159.0,15,3146
1,160.0,15,3146
1,161.0,15,3146
1,162.0,15,3146
1,163.0,15,3146
1,164.0,15,3146
1,165.0,15,3146
1,166.0,15,3146
2,1.0,18,630
2,2.0,18,630
2,3.0,18,630
2,4.0,18,630
2,5.0,18,630
2,6.0,18,630
2,7.0,18,630
2,8.0,18,630
2,9.0,18,630
2,10.0,18,630
2,11.0,18,630
2,12.0,18,630
2,13.0,18,630
2,14.0,18,630
2,15.0,18,630
2,16.0,18,630
2,17.0,18,630
2,18.0,18,630
2,19.0,18,630
2,20.0,18,630
2,21.0,18,630
2,22.0,18,630
2,23.0,18,630
2,24.0,18,630
2,25.0,18,630
2,26.0,18,673
2,27.0,19,673
2,28.0,19,673
2,29.0,22,673
2,30.0,22,673
2,31.0,22,673
2,32.0,22,673
2,33.0,22,673
2,34.0,22,673
2,35.0,25,673
2,36.0,25,673
2,37.0,25,673
2,38.0,29,673
2,39.0,29,673
2,40.0,29,673
2,41.0,29,673
2,42.0,29,673
2,43.0,29,673
2,44.0,29,673
2,45.0,29,2040
2,46.0,29,2040
2,47.0,29,2040
2,48.0,31,2040
2,49.0,33,2040
2,50.0,33,2040
2,51.0,33,2040
2,52.0,39,2040
2,53.0,42,2040
2,54.0,42,2040
2,55.0,42,2040
2,56.0,42,2040
2,57.0,42,2040
2,58.0,42,2040
2,59.0,42,2040
2,60.0,42,2040
2,61.0,42,2040
2,62.0,42,2040
2,63.0,42,2040
2,64.0,42,2040
2,65.0,42,2040
2,66.0,42,2040
2,67.0,42,2040
2,68.0,42,2040
2,69.0,46,2040
2,70.0,46,2204
2,71.0,49,2204
2,72.0,49,2398
2,73.0,49,2398
2,74.0,49,2398
2,75.0,49,2398
2,76.0,49,2398
2,77.0,49,2398
2,78.0,49,2398
2,79.0,54,2398
2,80.0,59,2398
2,81.0,59,2758
2,82.0,59,2758
2,83.0,59,2758
2,84.0,46,2758
2,85.0,46,2758
2,86.0,46,2758
2,87.0,46,2758
2,88.0,46,2758
2,89.0,46,2758
2,90.0,46,2758
2,91.0,46,2758
2,92.0,46,2758
2,93.0,46,2758
2,94.0,46,2758
2,95.0,35,2758
2,96.0,35,2758
2,97.0,35,2758
2,98.0,35,2758
2,99.0,35,2758
2,100.0,35,2758
2,101.0,29,2758
2,102.0,31,2758
2,103.0,31,2758
2,104.0,34,3197
2,105.0,37,3197
2,106.0,37,3197
2,107.0,37,3197
2,108.0,37,3197
2,109.0,37,3197
2,110.0,37,3197
2,111.0,37,3197
2,112.0,37,3197
2,113.0,39,3197
2,114.0,39,3197
2,115.0,39,3197
2,116.0,39,3197
2,117.0,18,3197
2,118.0,18,3197
2,119.0,18,3197
2,120.0,18,3197
2,121.0,18,3197
2,122.0,18,3197
2,123.0,18,3197
2,124.0,18,3197
2,125.0,18,3197
2,126.0,18,3197
2,127.0,18,3197
2,128.0,18,3197
2,129.0,18,3197
2,130.0,18,3197
2,131.0,18,3197
2,132.0,18,3197
2,133.0,18,3197
2,134.0,18,3197
2,135.0,18,3197
2,136.0,18,3197
2,137.0,18,3197
2,138.0,18,3197
2,139.0,18,3197
2,140.0,18,3197
2,141.0,18,3197
2,142.0,18,3197
2,143.0,18,3197
2,144.0,18,3197
2,145.0,18,3197
2,146.0,18,3197
2,147.0,18,3197
2,148.0,18,3197
2,149.0,18,3197
2,150.0,18,3197
2,151.0,18,3197
2,152.0,18,3197
2,153.0,18,3197
2,154.0,18,3197
2,155.0,18,3197
2,156.0,18,3197
2,157.0,18,3197
2,158.0,18,3197
2,159.0,18,3197
2,160.0,18,3197
2,161.0,18,3197
2,162.0,18,3197
2,163.0,18,3197
2,164.0,18,3197
2,165.0,18,3197
2,166.0,18,3197
3,1.0,18,630
3,2.0,18,630
3,3.0,18,630
3,4.0,18,630
3,5.0,18,630
3,6.0,18,630
3,7.0,18,630
3,8.0,18,630
3,9.0,18,630
3,10.0,18,630
3,11.0,18,630
3,12.0,18,630
3,13.0,18,630
3,14.0,18,630
3,15.0,18,630
3,16.0,18,630
3,17.0,18,630
3,18.0,18,630
3,19.0,18,630
3,20.0,18,630
3,21.0,18,630
3,22.0,18,630
3,23.0,18,630
3,24.0,18,630
3,25.0,18,630
3,26.0,18,660
3,27.0,19,660
3,28.0,19,660
3,29.0,21,660
3,30.0,21,660
3,31.0,21,660
3,32.0,21,660
3,33.0,21,660
3,34.0,21,660
3,35.0,24,660
3,36.0,24,660
3,37.0,24,660
3,38.0,27,660
3,39.0,27,660
3,40.0,27,660
3,41.0,27,660
3,42.0,27,660
3,43.0,27,660
3,44.0,27,660
3,45.0,27,2008
3,46.0,27,2008
3,47.0,27,2008
3,48.0,31,2008
3,49.0,34,2008
3,50.0,34,2008
3,51.0,34,2008
3,52.0,38,2008
3,53.0,41,2008
3,54.0,41,2008
3,55.0,41,2008
3,56.0,41,2008
3,57.0,41,2008
3,58.0,41,2008
3,59.0,41,2008
3,60.0,41,2008
3,61.0,41,2008
3,62.0,41,2008
3,63.0,41,2008
3,64.0,41,2008
3,65.0,41,2008
3,66.0,41,2008
3,67.0,41,2008
3,68.0,41,2008
3,69.0,42,2008
3,70.0,42,2140
3,71.0,45,2140
3,72.0,45,2294
3,73.0,45,2294
3,74.0,45,2294
3,75.0,45,2294
3,76.0,45,2294
3,77.0,45,2294
3,78.0,45,2294
3,79.0,51,2294
3,80.0,55,2294
3,81.0,55,2687
3,82.0,55,2687
3,83.0,55,2687
3,84.0,44,2687
3,85.0,44,2687
3,86.0,44,2687
3,87.0,44,2687
3,88.0,44,2687
3,89.0,44,2687
3,90.0,44,2687
3,91.0,44,2687
3,92.0,44,2687
3,93.0,44,2687
3,94.0,44,2687
3,95.0,35,2687
3,96.0,35,2687
3,97.0,35,2687
3,98.0,35,2687
3,99.0,35,2687
3,100.0,35,2687
3,101.0,23,2687
3,102.0,29,2687
3,103.0,29,2687
3,104.0,32,3081
3,105.0,33,3081
3,106.0,33,3081
3,107.0,33,3081
3,108.0,33,3081
3,109.0,33,3081
3,110.0,33,3081
3,111.0,33,3081
3,112.0,33,3081
3,113.0,36,3081
3,114.0,36,3081
3,115.0,36,3081
3,116.0,36,3081
3,117.0,15,3081
3,118.0,15,3081
3,119.0,15,3081
3,120.0,15,3081
3,121.0,15,3081
3,122.0,15,3081
3,123.0,15,3081
3,124.0,15,3081
3,125.0,15,3081
3,126.0,15,3081
3,127.0,15,3081
3,128.0,15,3081
3,129.0,15,3081
3,130.0,15,3081
3,131.0,15,3081
3,132.0,15,3081
3,133.0,15,3081
3,134.0,15,3081
3,135.0,15,3081
3,136.0,15,3081
3,137.0,15,3081
3,138.0,15,3081
3,139.0,15,3081
3,140.0,15,3081
3,141.0,15,3081
3,142.0,15,3081
3,143.0,15,3081
3,144.0,15,3081
3,145.0,15,3081
3,146.0,15,3081
3,147.0,15,3081
3,148.0,15,3081
3,149.0,15,3081
3,150.0,15,3081
3,151.0,15,3081
3,152.0,15,3081
3,153.0,15,3081
3,154.0,15,3081
3,155.0,15,3081
3,156.0,15,3081
3,157.0,15,3081
3,158.0,15,3081
3,159.0,15,3081
3,160.0,15,3081
3,161.0,15,3081
3,162.0,15,3081
3,163.0,15,3081
3,164.0,15,3081
3,165.0,15,3081
3,166.0,15,3081
4,1.0,18,630
4,2.0,18,630
4,3.0,18,630
4,4.0,18,630
4,5.0,18,630
4,6.0,18,630
4,7.0,18,630
4,8.0,18,630
4,9.0,18,630
4,10.0,18,630
4,11.0,18,630
4,12.0,18,630
4,13.0,18,630
4,14.0,18,630
4,15.0,18,630
4,16.0,18,630
4,17.0,18,630
4,18.0,18,630
4,19.0,18,630
4,20.0,18,630
4,21.0,18,630
4,22.0,18,630
4,23.0,18,630
4,24.0,18,630
4,25.0,18,630
4,26.0,18,658
4,27.0,18,658
4,28.0,18,658
4,29.0,19,658
4,30.0,19,658
4,31.0,19,658
4,32.0,19,658
4,33.0,19,658
4,34.0,19,658
4,35.0,22,658
4,36.0,22,658
4,37.0,22,658
4,38.0,23,658
4,39.0,23,658
4,40.0,23,658
4,41.0,23,658
4,42.0,23,658
4,43.0,23,658
4,44.0,23,658
4,45.0,23,2016
4,46.0,23,2016
4,47.0,23,2016
4,48.0,26,2016
4,49.0,28,2016
4,50.0,28,2016
4,51.0,28,2016
4,52.0,30,2016
4,53.0,35,2016
4,54.0,35,2016
4,55.0,35,2016
4,56.0,35,2016
4,57.0,35,2016
4,58.0,35,2016
4,59.0,35,2016
4,60.0,35,2016
4,61.0,35,2016
4,62.0,35,2016
4,63.0,35,2016
4,64.0,35,2016
4,65.0,35,2016
4,66.0,35,2016
4,67.0,35,2016
4,68.0,35,2016
4,69.0,40,2016
4,70.0,40,2193
4,71.0,41,2193
4,72.0,41,2352
4,73.0,41,2352
4,74.0,41,2352
4,75.0,41,2352
4,76.0,41,2352
4,77.0,41,2352
4,78.0,41,2352
4,79.0,48,2352
4,80.0,53,2352
4,81.0,53,2738
4,82.0,53,2738
4,83.0,53,2738
4,84.0,45,2738
4,85.0,45,2738
4,86.0,45,2738
4,87.0,45,2738
4,88.0,45,2738
4,89.0,45,2738
4,90.0,45,2738
4,91.0,45,2738
4,92.0,45,2738
4,93.0,45,2738
4,94.0,45,2738
4,95.0,39,2738
4,96.0,39,2738
4,97.0,39,2738
4,98.0,39,2738
4,99.0,39,2738
4,100.0,39,2738
4,101.0,25,2738
4,102.0,27,2738
4,103.0,27,2738
4,104.0,29,3188
4,105.0,30,3188
4,106.0,30,3188
4,107.0,30,3188
4,108.0,30,3188
4,109.0,30,3188
4,110.0,30,3188
4,111.0,30,3188
4,112.0,30,3188
4,113.0,34,3188
4,114.0,34,3188
4,115.0,34,3188
4,116.0,34,3188
4,117.0,22,3188
4,118.0,22,3188
4,119.0,22,3188
4,120.0,22,3188
4,121.0,22,3188
4,122.0,22,3188
4,123.0,22,3188
4,124.0,22,3188
4,125.0,22,3188
4,126.0,22,3188
4,127.0,22,3188
4,128.0,22,3188
4,129.0,22,3188
4,130.0,22,3188
4,131.0,22,3188
4,132.0,22,3188
4,133.0,22,3188
4,134.0,22,3188
4,135.0,22,3188
4,136.0,22,3188
4,137.0,22,3188
4,138.0,22,3188
4,139.0,22,3188
4,140.0,22,3188
4,141.0,22,3188
4,142.0,22,3188
4,143.0,22,3188
4,144.0,22,3188
4,145.0,22,3188
4,146.0,22,3188
4,147.0,22,3188
4,148.0,22,3188
4,149.0,22,3188
4,150.0,22,3188
4,151.0,22,3188
4,152.0,22,3188
4,153.0,22,3188
4,154.0,22,3188
4,155.0,22,3188
4,156.0,22,3188
4,157.0,22,3188
4,158.0,22,3188
4,159.0,22,3188
4,160.0,22,3188
4,161.0,22,3188
4,162.0,22,3188
4,163.0,22,3188
4,164.0,22,3188
4,165.0,22,3188
4,166.0,22,3188
5,1.0,18,630
5,2.0,18,630
5,3.0,18,630
5,4.0,18,630
5,5.0,18,630
5,6.0,18,630
5,7.0,18,630
5,8.0,18,630
5,9.0,18,630
5,10.0,18,630
5,11.0,18,630
5,12.0,18,630
5,13.0,18,630
5,14.0,18,630
5,15.0,18,630
5,16.0,18,630
5,17.0,18,630
5,18.0,18,630
5,19.0,18,630
5,20.0,18,630
5,21.0,18,630
5,22.0,18,630
5,23.0,18,630
5,24.0,18,630
5,25.0,18,630
5,26.0,18,675
5,27.0,18,675
5,28.0,18,675
5,29.0,22,675
5,30.0,22,675
5,31.0,22,675
5,32.0,22,675
5,33.0,22,675
5,34.0,22,675
5,35.0,26,675
5,36.0,26,675
5,37.0,26,675
5,38.0,28,675
5,39.0,28,675
5,40.0,28,675
5,41.0,28,675
5,42.0,28,675
5,43.0,28,675
5,44.0,28,675
5,45.0,28,1934
5,46.0,28,1934
5,47.0,28,1934
5,48.0,30,1934
5,49.0,33,1934
5,50.0,33,1934
5,51.0,33,1934
5,52.0,35,1934
5,53.0,37,1934
5,54.0,37,1934
5,55.0,37,1934
5,56.0,37,1934
5,57.0,37,1934
5,58.0,37,1934
5,59.0,37,1934
5,60.0,37,1934
5,61.0,37,1934
5,62.0,37,1934
5,63.0,37,1934
5,64.0,37,1934
5,65.0,37,1934
5,66.0,37,1934
5,67.0,37,1934
5,68.0,37,1934
5,69.0,43,1934
5,70.0,43,2077
5,71.0,43,2077
5,72.0,43,2256
5,73.0,43,2256
5,74.0,43,2256
5,75.0,43,2256
5,76.0,43,2256
5,77.0,43,2256
5,78.0,43,2256
5,79.0,45,2256
5,80.0,47,2256
5,81.0,47,2613
5,82.0,47,2613
5,83.0,47,2613
5,84.0,38,2613
5,85.0,38,2613
5,86.0,38,2613
5,87.0,38,2613
5,88.0,38,2613
5,89.0,38,2613
5,90.0,38,2613
5,91.0,38,2613
5,92.0,38,2613
5,93.0,38,2613
5,94.0,38,2613
5,95.0,25,2613
5,96.0,25,2613
5,97.0,25,2613
5,98.0,25,2613
5,99.0,25,2613
5,100.0,25,2613
5,101.0,17,2613
5,102.0,17,2613
5,103.0,17,2613
5,104.0,18,2996
5,105.0,19,2996
5,106.0,19,2996
5,107.0,19,2996
5,108.0,19,2996
5,109.0,19,2996
5,110.0,19,2996
5,111.0,19,2996
5,112.0,19,2996
5,113.0,19,2996
5,114.0,19,2996
5,115.0,19,2996
5,116.0,19,2996
5,117.0,5,2996
5,118.0,5,2996
5,119.0,5,2996
5,120.0,5,2996
5,121.0,5,2996
5,122.0,5,2996
5,123.0,5,2996
5,124.0,5,2996
5,125.0,5,2996
5,126.0,5,2996
5,127.0,5,2996
5,128.0,5,2996
5,129.0,5,2996
5,130.0,5,2996
5,131.0,5,2996
5,132.0,5,2996
5,133.0,5,2996
5,134.0,5,2996
5,135.0,5,2996
5,136.0,5,2996
5,137.0,5,2996
5,138.0,5,2996
5,139.0,5,2996
5,140.0,5,2996
5,141.0,5,2996
5,142.0,5,2996
5,143.0,5,2996
5,144.0,5,2996
5,145.0,5,2996
5,146.0,5,2996
5,147.0,5,2996
5,148.0,5,2996
5,149.0,5,2996
5,150.0,5,2996
5,151.0,5,2996
5,152.0,5,2996
5,153.0,5,2996
5,154.0,5,2996
5,155.0,5,2996
5,156.0,5,2996
5,157.0,5,2996
5,158.0,5,2996
5,159.0,5,2996
5,160.0,5,2996
5,161.0,5,2996
5,162.0,5,2996
5,163.0,5,2996
5,164.0,5,2996
5,165.0,5,2996
5,166.0,5,2996
6,1.0,18,630
6,2.0,18,630
6,3.0,18,630
6,4.0,18,630
6,5.0,18,630
6,6.0,18,630
6,7.0,18,630
6,8.0,18,630
6,9.0,18,630
6,10.0,18,630
6,11.0,18,630
6,12.0,18,630
6,13.0,18,630
6,14.0,18,630
6,15.0,18,630
6,16.0,18,630
6,17.0,18,630
6,18.0,18,630
6,19.0,18,630
6,20.0,18,630
6,21.0,18,630
6,22.0,18,630
6,23.0,18,630
6,24.0,18,630
6,25.0,18,630
6,26.0,18,656
6,27.0,18,656
6,28.0,18,656
6,29.0,19,656
6,30.0,19,656
6,31.0,19,656
6,32.0,19,656
6,33.0,19,656
6,34.0,19,656
6,35.0,21,656
6,36.0,21,656
6,37.0,21,656
6,38.0,25,656
6,39.0,25,656
6,40.0,25,656
6,41.0,25,656
6,42.0,25,656
6,43.0,25,656
6,44.0,25,656
6,45.0,25,2018
6,46.0,25,2018
6,47.0,25,2018
6,48.0,26,2018
6,49.0,30,2018
6,50.0,30,2018
6,51.0,30,2018
6,52.0,32,2018
6,53.0,34,2018
6,54.0,34,2018
6,55.0,34,2018
6,56.0,34,2018
6,57.0,34,2018
6,58.0,34,2018
6,59.0,34,2018
6,60.0,34,2018
6,61.0,34,2018
6,62.0,34,2018
6,63.0,34,2018
6,64.0,34,2018
6,65.0,34,2018
6,66.0,34,2018
6,67.0,34,2018
6,68.0,34,2018
6,69.0,40,2018
6,70.0,40,2164
6,71.0,41,2164
6,72.0,41,2347
6,73.0,41,2347
6,74.0,41,2347
6,75.0,41,2347
6,76.0,41,2347
6,77.0,41,2347
6,78.0,41,2347
6,79.0,43,2347
6,80.0,46,2347
6,81.0,46,2731
6,82.0,46,2731
6,83.0,46,2731
6,84.0,37,2731
6,85.0,37,2731
6,86.0,37,2731
6,87.0,37,2731
6,88.0,37,2731
6,89.0,37,2731
6,90.0,37,2731
6,91.0,37,2731
6,92.0,37,2731
6,93.0,37,2731
6,94.0,37,2731
6,95.0,24,2731
6,96.0,24,2731
6,97.0,24,2731
6,98.0,24,2731
6,99.0,24,2731
6,100.0,24,2731
6,101.0,19,2731
6,102.0,20,2731
6,103.0,20,2731
6,104.0,23,3174
6,105.0,25,3174
6,106.0,25,3174
6,107.0,25,3174
6,108.0,25,3174
6,109.0,25,3174
6,110.0,25,3174
6,111.0,25,3174
6,112.0,25,3174
6,113.0,27,3174
6,114.0,27,3174
6,115.0,27,3174
6,116.0,27,3174
6,117.0,15,3174
6,118.0,15,3174
6,119.0,15,3174
6,120.0,15,3174
6,121.0,15,3174
6,122.0,15,3174
6,123.0,15,3174
6,124.0,15,3174
6,125.0,15,3174
6,126.0,15,3174
6,127.0,15,3174
6,128.0,15,3174
6,129.0,15,3174
6,130.0,15,3174
6,131.0,15,3174
6,132.0,15,3174
6,133.0,15,3174
6,134.0,15,3174
6,135.0,15,3174
6,136.0,15,3174
6,137.0,15,3174
6,138.0,15,3174
6,139.0,15,3174
6,140.0,15,3174
6,141.0,15,3174
6,142.0,15,3174
6,143.0,15,3174
6,144.0,15,3174
6,145.0,15,3174
6,146.0,15,3174
6,147.0,15,3174
6,148.0,15,3174
6,149.0,15,3174
6,150.0,15,3174
6,151.0,15,3174
6,152.0,15,3174
6,153.0,15,3174
6,154.0,15,3174
6,155.0,15,3174
6,156.0,15,3174
6,157.0,15,3174
6,158.0,15,3174
6,159.0,15,3174
6,160.0,15,3174
6,161.0,15,3174
6,162.0,15,3174
6,163.0,15,3174
6,164.0,15,3174
6,165.0,15,3174
6,166.0,15,3174
7,1.0,18,630
7,2.0,18,630
7,3.0,18,630
7,4.0,18,630
7,5.0,18,630
7,6.0,18,630
7,7.0,18,630
7,8.0,18,630
7,9.0,18,630
7,10.0,18,630
7,11.0,18,630
7,12.0,18,630
7,13.0,18,630
7,14.0,18,630
7,15.0,18,630
7,16.0,18,630
7,17.0,18,630
7,18.0,18,630
7,19.0,18,630
7,20.0,18,630
7,21.0,18,630
7,22.0,18,630
7,23.0,18,630
7,24.0,18,630
7,25.0,18,630
7,26.0,18,665
7,27.0,20,665
7,28.0,20,665
7,29.0,24,665
7,30.0,24,665
7,31.0,24,665
7,32.0,24,665
7,33.0,24,665
7,34.0,24,665
7,35.0,27,665
7,36.0,27,665
7,37.0,27,665
7,38.0,28,665
7,39.0,28,665
7,40.0,28,665
7,41.0,28,665
7,42.0,28,665
7,43.0,28,665
7,44.0,28,665
7,45.0,28,2085
7,46.0,28,2085
7,47.0,28,2085
7,48.0,29,2085
7,49.0,31,2085
7,50.0,31,2085
7,51.0,31,2085
7,52.0,31,2085
7,53.0,35,2085
7,54.0,35,2085
7,55.0,35,2085
7,56.0,35,2085
7,57.0,35,2085
7,58.0,35,2085
7,59.0,35,2085
7,60.0,35,2085
7,61.0,35,2085
7,62.0,35,2085
7,63.0,35,2085
7,64.0,35,2085
7,65.0,35,2085
7,66.0,35,2085
7,67.0,35,2085
7,68.0,35,2085
7,69.0,38,2085
7,70.0,38,2241
7,71.0,41,2241
7,72.0,41,2400
7,73.0,41,2400
7,74.0,41,2400
7,75.0,41,2400
7,76.0,41,2400
7,77.0,41,2400
7,78.0,41,2400
7,79.0,44,2400
7,80.0,45,2400
7,81.0,45,2820
7,82.0,45,2820
7,83.0,45,2820
7,84.0,37,2820
7,85.0,37,2820
7,86.0,37,2820
7,87.0,37,2820
7,88.0,37,2820
7,89.0,37,2820
7,90.0,37,2820
7,91.0,37,2820
7,92.0,37,2820
7,93.0,37,2820
7,94.0,37,2820
7,95.0,27,2820
7,96.0,27,2820
7,97.0,27,2820
7,98.0,27,2820
7,99.0,27,2820
7,100.0,27,2820
7,101.0,20,2820
7,102.0,21,2820
7,103.0,21,2820
7,104.0,22,3280
7,105.0,24,3280
7,106.0,24,3280
7,107.0,24,3280
7,108.0,24,3280
7,109.0,24,3280
7,110.0,24,3280
7,111.0,24,3280
7,112.0,24,3280
7,113.0,25,3280
7,114.0,25,3280
7,115.0,25,3280
7,116.0,25,3280
7,117.0,9,3280
7,118.0,9,3280
7,119.0,9,3280
7,120.0,9,3280
7,121.0,9,3280
7,122.0,9,3280
7,123.0,9,3280
7,124.0,9,3280
7,125.0,9,3280
7,126.0,9,3280
7,127.0,9,3280
7,128.0,9,3280
7,129.0,9,3280
7,130.0,9,3280
7,131.0,9,3280
7,132.0,9,3280
7,133.0,9,3280
7,134.0,9,3280
7,135.0,9,3280
7,136.0,9,3280
7,137.0,9,3280
7,138.0,9,3280
7,139.0,9,3280
7,140.0,9,3280
7,141.0,9,3280
7,142.0,9,3280
7,143.0,9,3280
7,144.0,9,3280
7,145.0,9,3280
7,146.0,9,3280
7,147.0,9,3280
7,148.0,9,3280
7,149.0,9,3280
7,150.0,9,3280
7,151.0,9,3280
7,152.0,9,3280
7,153.0,9,3280
7,154.0,9,3280
7,155.0,9,3280
7,156.0,9,3280
7,157.0,9,3280
7,158.0,9,3280
7,159.0,9,3280
7,160.0,9,3280
7,161.0,9,3280
7,162.0,9,3280
7,163.0,9,3280
7,164.0,9,3280
7,165.0,9,3280
7,166.0,9,3280
8,1.0,18,630
8,2.0,18,630
8,3.0,18,630
8,4.0,18,630
8,5.0,18,630
8,6.0,18,630
8,7.0,18,630
8,8.0,18,630
8,9.0,18,630
8,10.0,18,630
8,11.0,18,630
8,12.0,18,630
8,13.0,18,630
8,14.0,18,630
8,15.0,18,630
8,16.0,18,630
8,17.0,18,630
8,18.0,18,630
8,19.0,18,630
8,20.0,18,630
8,21.0,18,630
8,22.0,18,630
8,23.0,18,630
8,24.0,18,630
8,25.0,18,630
8,26.0,18,662
8,27.0,21,662
8,28.0,21,662
8,29.0,23,662
8,30.0,23,662
8,31.0,23,662
8,32.0,23,662
8,33.0,23,662
8,34.0,23,662
8,35.0,26,662
8,36.0,26,662
8,37.0,26,662
8,38.0,30,662
8,39.0,30,662
8,40.0,30,662
8,41.0,30,662
8,42.0,30,662
8,43.0,30,662
8,44.0,30,662
8,45.0,30,1983
8,46.0,30,1983
8,47.0,30,1983
8,48.0,30,1983
8,49.0,33,1983
8,50.0,33,1983
8,51.0,33,1983
8,52.0,33,1983
8,53.0,34,1983
8,54.0,34,1983
8,55.0,34,1983
8,56.0,34,1983
8,57.0,34,1983
8,58.0,34,1983
8,59.0,34,1983
8,60.0,34,1983
8,61.0,34,1983
8,62.0,34,1983
8,63.0,34,1983
8,64.0,34,1983
8,65.0,34,1983
8,66.0,34,1983
8,67.0,34,1983
8,68.0,34,1983
8,69.0,37,1983
8,70.0,37,2133
8,71.0,39,2133
8,72.0,39,2309
8,73.0,39,2309
8,74.0,39,2309
8,75.0,39,2309
8,76.0,39,2309
8,77.0,39,2309
8,78.0,39,2309
8,79.0,42,2309
8,80.0,46,2309
8,81.0,46,2696
8,82.0,46,2696
8,83.0,46,2696
8,84.0,34,2696
8,85.0,34,2696
8,86.0,34,2696
8,87.0,34,2696
8,88.0,34,2696
8,89.0,34,2696
8,90.0,34,2696
8,91.0,34,2696
8,92.0,34,2696
8,93.0,34,2696
8,94.0,34,2696
8,95.0,25,2696
8,96.0,25,2696
8,97.0,25,2696
8,98.0,25,2696
8,99.0,25,2696
8,100.0,25,2696
8,101.0,21,2696
8,102.0,21,2696
8,103.0,21,2696
8,104.0,21,3147
8,105.0,23,3147
8,106.0,23,3147
8,107.0,23,3147
8,108.0,23,3147
8,109.0,23,3147
8,110.0,23,3147
8,111.0,23,3147
8,112.0,23,3147
8,113.0,24,3147
8,114.0,24,3147
8,115.0,24,3147
8,116.0,24,3147
8,117.0,14,3147
8,118.0,14,3147
8,119.0,14,3147
8,120.0,14,3147
8,121.0,14,3147
8,122.0,14,3147
8,123.0,14,3147
8,124.0,14,3147
8,125.0,14,3147
8,126.0,14,3147
8,127.0,14,3147
8,128.0,14,3147
8,129.0,14,3147
8,130.0,14,3147
8,131.0,14,3147
8,132.0,14,3147
8,133.0,14,3147
8,134.0,14,3147
8,135.0,14,3147
8,136.0,14,3147
8,137.0,14,3147
8,138.0,14,3147
8,139.0,14,3147
8,140.0,14,3147
8,141.0,14,3147
8,142.0,14,3147
8,143.0,14,3147
8,144.0,14,3147
8,145.0,14,3147
8,146.0,14,3147
8,147.0,14,3147
8,148.0,14,3147
8,149.0,14,3147
8,150.0,14,3147
8,151.0,14,3147
8,152.0,14,3147
8,153.0,14,3147
8,154.0,14,3147
8,155.0,14,3147
8,156.0,14,3147
8,157.0,14,3147
8,158.0,14,3147
8,159.0,14,3147
8,160.0,14,3147
8,161.0,14,3147
8,162.0,14,3147
8,163.0,14,3147
8,164.0,14,3147
8,165.0,14,3147
8,166.0,14,3147
9,1.0,18,630
9,2.0,18,630
9,3.0,18,630
9,4.0,18,630
9,5.0,18,630
9,6.0,18,630
9,7.0,18,630
9,8.0,18,630
9,9.0,18,630
9,10.0,18,630
9,11.0,18,630
9,12.0,18,630
9,13.0,18,630
9,14.0,18,630
9,15.0,18,630
9,16.0,18,630
9,17.0,18,630
9,18.0,18,630
9,19.0,18,630
9,20.0,18,630
9,21.0,18,630
9,22.0,18,630
9,23.0,18,630
9,24.0,18,630
9,25.0,18,630
9,26.0,18,660
9,27.0,20,660
9,28.0,20,660
9,29.0,20,660
9,30.0,20,660
9,31.0,20,660
9,32.0,20,660
9,33.0,20,660
9,34.0,20,660
9,35.0,23,660
9,36.0,23,660
9,37.0,23,660
9,38.0,25,660
9,39.0,25,660
9,40.0,25,660
9,41.0,25,660
9,42.0,25,660
9,43.0,25,660
9,44.0,25,660
9,45.0,25,1938
9,46.0,25,1938
9,47.0,25,1938
9,48.0,28,1938
9,49.0,31,1938
9,50.0,31,1938
9,51.0,31,1938
9,52.0,32,1938
9,53.0,33,1938
9,54.0,33,1938
9,55.0,33,1938
9,56.0,33,1938
9,57.0,33,1938
9,58.0,33,1938
9,59.0,33,1938
9,60.0,33,1938
9,61.0,33,1938
9,62.0,33,1938
9,63.0,33,1938
9,64.0,33,1938
9,65.0,33,1938
9,66.0,33,1938
9,67.0,33,1938
9,68.0,33,1938
9,69.0,34,1938
9,70.0,34,2103
9,71.0,36,2103
9,72.0,36,2270
9,73.0,36,2270
9,74.0,36,2270
9,75.0,36,2270
9,76.0,36,2270
9,77.0,36,2270
9,78.0,36,2270
9,79.0,39,2270
9,80.0,45,2270
9,81.0,45,2641
9,82.0,45,2641
9,83.0,45,2641
9,84.0,28,2641
9,85.0,28,2641
9,86.0,28,2641
9,87.0,28,2641
9,88.0,28,2641
9,89.0,28,2641
9,90.0,28,2641
9,91.0,28,2641
9,92.0,28,2641
9,93.0,28,2641
9,94.0,28,2641
9,95.0,22,2641
9,96.0,22,2641
9,97.0,22,2641
9,98.0,22,2641
9,99.0,22,2641
9,100.0,22,2641
9,101.0,22,2641
9,102.0,25,2641
9,103.0,25,2641
9,104.0,27,3028
9,105.0,29,3028
9,106.0,29,3028
9,107.0,29,3028
9,108.0,29,3028
9,109.0,29,3028
9,110.0,29,3028
9,111.0,29,3028
9,112.0,29,3028
9,113.0,30,3028
9,114.0,30,3028
9,115.0,30,3028
9,116.0,30,3028
9,117.0,12,3028
9,118.0,12,3028
9,119.0,12,3028
9,120.0,12,3028
9,121.0,12,3028
9,122.0,12,3028
9,123.0,12,3028
9,124.0,12,3028
9,125.0,12,3028
9,126.0,12,3028
9,127.0,12,3028
9,128.0,12,3028
9,129.0,12,3028
9,130.0,12,3028
9,131.0,12,3028
9,132.0,12,3028
9,133.0,12,3028
9,134.0,12,3028
9,135.0,12,3028
9,136.0,12,3028
9,137.0,12,3028
9,138.0,12,3028
9,139.0,12,3028
9,140.0,12,3028
9,141.0,12,3028
9,142.0,12,3028
9,143.0,12,3028
9,144.0,12,3028
9,145.0,12,3028
9,146.0,12,3028
9,147.0,12,3028
9,148.0,12,3028
9,149.0,12,3028
9,150.0,12,3028
9,151.0,12,3028
9,152.0,12,3028
9,153.0,12,3028
9,154.0,12,3028
9,155.0,12,3028
9,156.0,12,3028
9,157.0,12,3028
9,158.0,12,3028
9,159.0,12,3028
9,160.0,12,3028
9,161.0,12,3028
9,162.0,12,3028
9,163.0,12,3028
9,164.0,12,3028
9,165.0,12,3028
9,166.0,12,3028
10,1.0,18,630
10,2.0,18,630
10,3.0,18,630
10,4.0,18,630
10,5.0,18,630
10,6.0,18,630
10,7.0,18,630
10,8.0,18,630
10,9.0,18,630
10,10.0,18,630
10,11.0,18,630
10,12.0,18,630
10,13.0,18,630
10,14.0,18,630
10,15.0,18,630
10,16.0,18,630
10,17.0,18,630
10,18.0,18,630
10,19.0,18,630
10,20.0,18,630
10,21.0,18,630
10,22.0,18,630
10,23.0,18,630
10,24.0,18,630
10,25.0,18,630
10,26.0,18,676
10,27.0,19,676
10,28.0,19,676
10,29.0,20,676
10,30.0,20,676
10,31.0,20,676
10,32.0,20,676
10,33.0,20,676
10,34.0,20,676
10,35.0,22,676
10,36.0,22,676
10,37.0,22,676
10,38.0,24,676
10,39.0,24,676
10,40.0,24,676
10,41.0,24,676
10,42.0,24,676
10,43.0,24,676
10,44.0,24,676
10,45.0,24,2002
10,46.0,24,2002
10,47.0,24,2002
10,48.0,29,2002
10,49.0,29,2002
10,50.0,29,2002
10,51.0,29,2002
10,52.0,30,2002
10,53.0,35,2002
10,54.0,35,2002
10,55.0,35,2002
10,56.0,35,2002
10,57.0,35,2002
10,58.0,35,2002
10,59.0,35,2002
10,60.0,35,2002
10,61.0,35,2002
10,62.0,35,2002
10,63.0,35,2002
10,64.0,35,2002
10,65.0,35,2002
10,66.0,35,2002
10,67.0,35,2002
10,68.0,35,2002
10,69.0,37,2002
10,70.0,37,2156
10,71.0,40,2156
10,72.0,40,2338
10,73.0,40,2338
10,74.0,40,2338
10,75.0,40,2338
10,76.0,40,2338
10,77.0,40,2338
10,78.0,40,2338
10,79.0,45,2338
10,80.0,51,2338
10,81.0,51,2701
10,82.0,51,2701
10,83.0,51,2701
10,84.0,46,2701
10,85.0,46,2701
10,86.0,46,2701
10,87.0,46,2701
10,88.0,46,2701
10,89.0,46,2701
10,90.0,46,2701
10,91.0,46,2701
10,92.0,46,2701
10,93.0,46,2701
10,94.0,46,2701
10,95.0,35,2701
10,96.0,35,2701
10,97.0,35,2701
10,98.0,35,2701
10,99.0,35,2701
10,100.0,35,2701
10,101.0,30,2701
10,102.0,32,2701
10,103.0,32,2701
10,104.0,36,3120
10,105.0,39,3120
10,106.0,39,3120
10,107.0,39,3120
10,108.0,39,3120
10,109.0,39,3120
10,110.0,39,3120
10,111.0,39,3120
10,112.0,39,3120
10,113.0,42,3120
10,114.0,42,3120
10,115.0,42,3120
10,116.0,42,3120
10,117.0,22,3120
10,118.0,22,3120
10,119.0,22,3120
10,120.0,22,3120
10,121.0,22,3120
10,122.0,22,3120
10,123.0,22,3120
10,124.0,22,3120
10,125.0,22,3120
10,126.0,22,3120
10,127.0,22,3120
10,128.0,22,3120
10,129.0,22,3120
10,130.0,22,3120
10,131.0,22,3120
10,132.0,22,3120
10,133.0,22,3120
10,134.0,22,3120
10,135.0,22,3120
10,136.0,22,3120
10,137.0,22,3120
10,138.0,22,3120
10,139.0,22,3120
10,140.0,22,3120
10,141.0,22,3120
10,142.0,22,3120
10,143.0,22,3120
10,144.0,22,3120
10,145.0,22,3120
10,146.0,22,3120
10,147.0,22,3120
10,148.0,22,3120
10,149.0,22,3120
10,150.0,22,3120
10,151.0,22,3120
10,152.0,22,3120
10,153.0,22,3120
10,154.0,22,3120
10,155.0,22,3120
10,156.0,22,3120
10,157.0,22,3120
10,158.0,22,3120
10,159.0,22,3120
10,160.0,22,3120
10,161.0,22,3120
10,162.0,22,3120
10,163.0,22,3120
10,164.0,22,3120
10,165.0,22,3120
10,166.0,22,3120
11,1.0,18,630
11,2.0,18,630
11,3.0,18,630
11,4.0,18,630
11,5.0,18,630
11,6.0,18,630
11,7.0,18,630
11,8.0,18,630
11,9.0,18,630
11,10.0,18,630
11,11.0,18,630
11,12.0,18,630
11,13.0,18,630
11,14.0,18,630
11,15.0,18,630
11,16.0,18,630
11,17.0,18,630
11,18.0,18,630
11,19.0,18,630
11,20.0,18,630
11,21.0,18,630
11,22.0,18,630
11,23.0,18,630
11,24.0,18,630
11,25.0,18,630
11,26.0,18,666
11,27.0,20,666
11,28.0,20,666
11,29.0,21,666
11,30.0,21,666
11,31.0,21,666
11,32.0,21,666
11,33.0,21,666
11,34.0,21,666
11,35.0,23,666
11,36.0,23,666
11,37.0,23,666
11,38.0,25,666
11,39.0,25,666
11,40.0,25,666
11,41.0,25,666
11,42.0,25,666
11,43.0,25,666
11,44.0,25,666
11,45.0,25,1995
11,46.0,25,1995
11,47.0,25,1995
11,48.0,28,1995
11,49.0,31,1995
11,50.0,31,1995
11,51.0,31,1995
11,52.0,36,1995
11,53.0,38,1995
11,54.0,38,1995
11,55.0,38,1995
11,56.0,38,1995
11,57.0,38,1995
11,58.0,38,1995
11,59.0,38,1995
11,60.0,38,1995
11,61.0,38,1995
11,62.0,38,1995
11,63.0,38,1995
11,64.0,38,1995
11,65.0,38,1995
11,66.0,38,1995
11,67.0,38,1995
11,68.0,38,1995
11,69.0,40,1995
11,70.0,40,2142
11,71.0,41,2142
11,72.0,41,2296
11,73.0,41,2296
11,74.0,41,2296
11,75.0,41,2296
11,76.0,41,2296
11,77.0,41,2296
11,78.0,41,2296
11,79.0,45,2296
11,80.0,49,2296
11,81.0,49,2664
11,82.0,49,2664
11,83.0,49,2664
11,84.0,37,2664
11,85.0,37,2664
11,86.0,37,2664
11,87.0,37,2664
11,88.0,37,2664
11,89.0,37,2664
11,90.0,37,2664
11,91.0,37,2664
11,92.0,37,2664
11,93.0,37,2664
11,94.0,37,2664
11,95.0,27,2664
11,96.0,27,2664
11,97.0,27,2664
11,98.0,27,2664
11,99.0,27,2664
11,100.0,27,2664
11,101.0,18,2664
11,102.0,19,2664
11,103.0,19,2664
11,104.0,20,3070
11,105.0,21,3070
11,106.0,21,3070
11,107.0,21,3070
11,108.0,21,3070
11,109.0,21,3070
11,110.0,21,3070
11,111.0,21,3070
11,112.0,21,3070
11,113.0,24,3070
11,114.0,24,3070
11,115.0,24,3070
11,116.0,24,3070
11,117.0,11,3070
11,118.0,11,3070
11,119.0,11,3070
11,120.0,11,3070
11,121.0,11,3070
11,122.0,11,3070
11,123.0,11,3070
11,124.0,11,3070
11,125.0,11,3070
11,126.0,11,3070
11,127.0,11,3070
11,128.0,11,3070
11,129.0,11,3070
11,130.0,11,3070
11,131.0,11,3070
11,132.0,11,3070
11,133.0,11,3070
11,134.0,11,3070
11,135.0,11,3070
11,136.0,11,3070
11,137.0,11,3070
11,138.0,11,3070
11,139.0,11,3070
11,140.0,11,3070
11,141.0,11,3070
11,142.0,11,3070
11,143.0,11,3070
11,144.0,11,3070
11,145.0,11,3070
11,146.0,11,3070
11,147.0,11,3070
11,148.0,11,3070
11,149.0,11,3070
11,150.0,11,3070
11,151.0,11,3070
11,152.0,11,3070
11,153.0,11,3070
11,154.0,11,3070
11,155.0,11,3070
11,156.0,11,3070
11,157.0,11,3070
11,158.0,11,3070
11,159.0,11,3070
11,160.0,11,3070
11,161.0,11,3070
11,162.0,11,3070
11,163.0,11,3070
11,164.0,11,3070
11,165.0,11,3070
11,166.0,11,3070
12,1.0,18,630
12,2.0,18,630
12,3.0,18,630
12,4.0,18,630
12,5.0,18,630
12,6.0,18,630
12,7.0,18,630
12,8.0,18,630
12,9.0,18,630
12,10.0,18,630
12,11.0,18,630
12,12.0,18,630
12,13.0,18,630
12,14.0,18,630
12,15.0,18,630
12,16.0,18,630
12,17.0,18,630
12,18.0,18,630
12,19.0,18,630
12,20.0,18,630
12,21.0,18,630
12,22.0,18,630
12,23.0,18,630
12,24.0,18,630
12,25.0,18,630
12,26.0,18,657
12,27.0,22,657
12,28.0,22,657
12,29.0,23,657
12,30.0,23,657
12,31.0,23,657
12,32.0,23,657
12,33.0,23,657
12,34.0,23,657
12,35.0,25,657
12,36.0,25,657
12,37.0,25,657
12,38.0,27,657
12,39.0,27,657
12,40.0,27,657
12,41.0,27,657
12,42.0,27,657
12,43.0,27,657
12,44.0,27,657
12,45.0,27,1929
12,46.0,27,1929
12,47.0,27,1929
12,48.0,31,1929
12,49.0,34,1929
12,50.0,34,1929
12,51.0,34,1929
12,52.0,36,1929
12,53.0,38,1929
12,54.0,38,1929
12,55.0,38,1929
12,56.0,38,1929
12,57.0,38,1929
12,58.0,38,1929
12,59.0,38,1929
12,60.0,38,1929
12,61.0,38,1929
12,62.0,38,1929
12,63.0,38,1929
12,64.0,38,1929
12,65.0,38,1929
12,66.0,38,1929
12,67.0,38,1929
12,68.0,38,1929
12,69.0,41,1929
12,70.0,41,2067
12,71.0,44,2067
12,72.0,44,2232
12,73.0,44,2232
12,74.0,44,2232
12,75.0,44,2232
12,76.0,44,2232
12,77.0,44,2232
12,78.0,44,2232
12,79.0,49,2232
12,80.0,52,2232
12,81.0,52,2603
12,82.0,52,2603
12,83.0,52,2603
12,84.0,44,2603
12,85.0,44,2603
12,86.0,44,2603
12,87.0,44,2603
12,88.0,44,2603
12,89.0,44,2603
12,90.0,44,2603
12,91.0,44,2603
12,92.0,44,2603
12,93.0,44,2603
12,94.0,44,2603
12,95.0,34,2603
12,96.0,34,2603
12,97.0,34,2603
12,98.0,34,2603
12,99.0,34,2603
12,100.0,34,2603
12,101.0,26,2603
12,102.0,28,2603
12,103.0,28,2603
12,104.0,31,3025
12,105.0,34,3025
12,106.0,34,3025
12,107.0,34,3025
12,108.0,34,3025
12,109.0,34,3025
12,110.0,34,3025
12,111.0,34,3025
12,112.0,34,3025
12,113.0,36,3025
12,114.0,36,3025
12,115.0,36,3025
12,116.0,36,3025
12,117.0,16,3025
12,118.0,16,3025
12,119.0,16,3025
12,120.0,16,3025
12,121.0,16,3025
12,122.0,16,3025
12,123.0,16,3025
12,124.0,16,3025
12,125.0,16,3025
12,126.0,16,3025
12,127.0,16,3025
12,128.0,16,3025
12,129.0,16,3025
12,130.0,16,3025
12,131.0,16,3025
12,132.0,16,3025
12,133.0,16,3025
12,134.0,16,3025
12,135.0,16,3025
12,136.0,16,3025
12,137.0,16,3025
12,138.0,16,3025
12,139.0,16,3025
12,140.0,16,3025
12,141.0,16,3025
12,142.0,16,3025
12,143.0,16,3025
12,144.0,16,3025
12,145.0,16,3025
12,146.0,16,3025
12,147.0,16,3025
12,148.0,16,3025
12,149.0,16,3025
12,150.0,16,3025
12,151.0,16,3025
12,152.0,16,3025
12,153.0,16,3025
12,154.0,16,3025
12,155.0,16,3025
12,156.0,16,3025
12,157.0,16,3025
12,158.0,16,3025
12,159.0,16,3025
12,160.0,16,3025
12,161.0,16,3025
12,162.0,16,3025
12,163.0,16,3025
12,164.0,16,3025
12,165.0,16,3025
12,166.0,16,3025
13,1.0,18,630
13,2.0,18,630
13,3.0,18,630
13,4.0,18,630
13,5.0,18,630
13,6.0,18,630
13,7.0,18,630
13,8.0,18,630
13,9.0,18,630
13,10.0,18,630
13,11.0,18,630
13,12.0,18,630
13,13.0,18,630
13,14.0,18,630
13,15.0,18,630
13,16.0,18,630
13,17.0,18,630
13,18.0,18,630
13,19.0,18,630
13,20.0,18,630
13,21.0,18,630
13,22.0,18,630
13,23.0,18,630
13,24.0,18,630
13,25.0,18,630
13,26.0,18,678
13,27.0,20,678
13,28.0,20,678
13,29.0,21,678
13,30.0,21,678
13,31.0,21,678
13,32.0,21,678
13,33.0,21,678
13,34.0,21,678
13,35.0,24,678
13,36.0,24,678
13,37.0,24,678
13,38.0,28,678
13,39.0,28,678
13,40.0,28,678
13,41.0,28,678
13,42.0,28,678
13,43.0,28,678
13,44.0,28,678
13,45.0,28,1963
13,46.0,28,1963
13,47.0,28,1963
13,48.0,32,1963
13,49.0,34,1963
13,50.0,34,1963
13,51.0,34,1963
13,52.0,39,1963
13,53.0,42,1963
13,54.0,42,1963
13,55.0,42,1963
13,56.0,42,1963
13,57.0,42,1963
13,58.0,42,1963
13,59.0,42,1963
13,60.0,42,1963
13,61.0,42,1963
13,62.0,42,1963
13,63.0,42,1963
13,64.0,42,1963
13,65.0,42,1963
13,66.0,42,1963
13,67.0,42,1963
13,68.0,42,1963
13,69.0,45,1963
13,70.0,45,2135
13,71.0,48,2135
13,72.0,48,2296
13,73.0,48,2296
13,74.0,48,2296
13,75.0,48,2296
13,76.0,48,2296
13,77.0,48,2296
13,78.0,48,2296
13,79.0,49,2296
13,80.0,54,2296
13,81.0,54,2650
13,82.0,54,2650
13,83.0,54,2650
13,84.0,45,2650
13,85.0,45,2650
13,86.0,45,2650
13,87.0,45,2650
13,88.0,45,2650
13,89.0,45,2650
13,90.0,45,2650
13,91.0,45,2650
13,92.0,45,2650
13,93.0,45,2650
13,94.0,45,2650
13,95.0,28,2650
13,96.0,28,2650
13,97.0,28,2650
13,98.0,28,2650
13,99.0,28,2650
13,100.0,28,2650
13,101.0,22,2650
13,102.0,24,2650
13,103.0,24,2650
13,104.0,26,3035
13,105.0,29,3035
13,106.0,29,3035
13,107.0,29,3035
13,108.0,29,3035
13,109.0,29,3035
13,110.0,29,3035
13,111.0,29,3035
13,112.0,29,3035
13,113.0,31,3035
13,114.0,31,3035
13,115.0,31,3035
13,116.0,31,3035
13,117.0,17,3035
13,118.0,17,3035
13,119.0,17,3035
13,120.0,17,3035
13,121.0,17,3035
13,122.0,17,3035
13,123.0,17,3035
13,124.0,17,3035
13,125.0,17,3035
13,126.0,17,3035
13,127.0,17,3035
13,128.0,17,3035
13,129.0,17,3035
13,130.0,17,3035
13,131.0,17,3035
13,132.0,17,3035
13,133.0,17,3035
13,134.0,17,3035
13,135.0,17,3035
13,136.0,17,3035
13,137.0,17,3035
13,138.0,17,3035
13,139.0,17,3035
13,140.0,17,3035
13,141.0,17,3035
13,142.0,17,3035
13,143.0,17,3035
13,144.0,17,3035
13,145.0,17,3035
13,146.0,17,3035
13,147.0,17,3035
13,148.0,17,3035
13,149.0,17,3035
13,150.0,17,3035
13,151.0,17,3035
13,152.0,17,3035
13,153.0,17,3035
13,154.0,17,3035
13,155.0,17,3035
13,156.0,17,3035
13,157.0,17,3035
13,158.0,17,3035
13,159.0,17,3035
13,160.0,17,3035
13,161.0,17,3035
13,162.0,17,3035
13,163.0,17,3035
13,164.0,17,3035
13,165.0,17,3035
13,166.0,17,3035
14,1.0,18,630
14,2.0,18,630
14,3.0,18,630
14,4.0,18,630
14,5.0,18,630
14,6.0,18,630
14,7.0,18,630
14,8.0,18,630
14,9.0,18,630
14,10.0,18,630
14,11.0,18,630
14,12.0,18,630
14,13.0,18,630
14,14.0,18,630
14,15.0,18,630
14,16.0,18,630
14,17.0,18,630
14,18.0,18,630
14,19.0,18,630
14,20.0,18,630
14,21.0,18,630
14,22.0,18,630
14,23.0,18,630
14,24.0,18,630
14,25.0,18,630
14,26.0,18,662
14,27.0,18,662
14,28.0,18,662
14,29.0,19,662
14,30.0,19,662
14,31.0,19,662
14,32.0,19,662
14,33.0,19,662
14,34.0,19,662
14,35.0,24,662
14,36.0,24,662
14,37.0,24,662
14,38.0,27,662
14,39.0,27,662
14,40.0,27,662
14,41.0,27,662
14,42.0,27,662
14,43.0,27,662
14,44.0,27,662
14,45.0,27,2076
14,46.0,27,2076
14,47.0,27,2076
14,48.0,30,2076
14,49.0,31,2076
14,50.0,31,2076
14,51.0,31,2076
14,52.0,34,2076
14,53.0,35,2076
14,54.0,35,2076
14,55.0,35,2076
14,56.0,35,2076
14,57.0,35,2076
14,58.0,35,2076
14,59.0,35,2076
14,60.0,35,2076
14,61.0,35,2076
14,62.0,35,2076
14,63.0,35,2076
14,64.0,35,2076
14,65.0,35,2076
14,66.0,35,2076
14,67.0,35,2076
14,68.0,35,2076
14,69.0,41,2076
14,70.0,41,2210
14,71.0,47,2210
14,72.0,47,2379
14,73.0,47,2379
14,74.0,47,2379
14,75.0,47,2379
14,76.0,47,2379
14,77.0,47,2379
14,78.0,47,2379
14,79.0,52,2379
14,80.0,56,2379
14,81.0,56,2752
14,82.0,56,2752
14,83.0,56,2752
14,84.0,47,2752
14,85.0,47,2752
14,86.0,47,2752
14,87.0,47,2752
14,88.0,47,2752
14,89.0,47,2752
14,90.0,47,2752
14,91.0,47,2752
14,92.0,47,2752
14,93.0,47,2752
14,94.0,47,2752
14,95.0,33,2752
14,96.0,33,2752
14,97.0,33,2752
14,98.0,33,2752
14,99.0,33,2752
14,100.0,33,2752
14,101.0,22,2752
14,102.0,25,2752
14,103.0,25,2752
14,104.0,26,3156
14,105.0,30,3156
14,106.0,30,3156
14,107.0,30,3156
14,108.0,30,3156
14,109.0,30,3156
14,110.0,30,3156
14,111.0,30,3156
14,112.0,30,3156
14,113.0,34,3156
14,114.0,34,3156
14,115.0,34,3156
14,116.0,34,3156
14,117.0,18,3156
14,118.0,18,3156
14,119.0,18,3156
14,120.0,18,3156
14,121.0,18,3156
14,122.0,18,3156
14,123.0,18,3156
14,124.0,18,3156
14,125.0,18,3156
14,126.0,18,3156
14,127.0,18,3156
14,128.0,18,3156
14,129.0,18,3156
14,130.0,18,3156
14,131.0,18,3156
14,132.0,18,3156
14,133.0,18,3156
14,134.0,18,3156
14,135.0,18,3156
14,136.0,18,3156
14,137.0,18,3156
14,138.0,18,3156
14,139.0,18,3156
14,140.0,18,3156
14,141.0,18,3156
14,142.0,18,3156
14,143.0,18,3156
14,144.0,18,3156
14,145.0,18,3156
14,146.0,18,3156
14,147.0,18,3156
14,148.0,18,3156
14,149.0,18,3156
14,150.0,18,3156
14,151.0,18,3156
14,152.0,18,3156
14,153.0,18,3156
14,154.0,18,3156
14,155.0,18,3156
14,156.0,18,3156
14,157.0,18,3156
14,158.0,18,3156
14,159.0,18,3156
14,160.0,18,3156
14,161.0,18,3156
14,162.0,18,3156
14,163.0,18,3156
14,164.0,18,3156
14,165.0,18,3156
14,166.0,18,3156
15,1.0,18,630
15,2.0,18,630
15,3.0,18,630
15,4.0,18,630
15,5.0,18,630
15,6.0,18,630
15,7.0,18,630
15,8.0,18,630
15,9.0,18,630
15,10.0,18,630
15,11.0,18,630
15,12.0,18,630
15,13.0,18,630
15,14.0,18,630
15,15.0,18,630
15,16.0,18,630
15,17.0,18,630
15,18.0,18,630
15,19.0,18,630
15,20.0,18,630
15,21.0,18,630
15,22.0,18,630
15,23.0,18,630
15,24.0,18,630
15,25.0,18,630
15,26.0,18,675
15,27.0,19,675
15,28.0,19,675
15,29.0,20,675
15,30.0,20,675
15,31.0,20,675
15,32.0,20,675
15,33.0,20,675
15,34.0,20,675
15,35.0,22,675
15,36.0,22,675
15,37.0,22,675
15,38.0,24,675
15,39.0,24,675
15,40.0,24,675
15,41.0,24,675
15,42.0,24,675
15,43.0,24,675
15,44.0,24,675
15,45.0,24,2014
15,46.0,24,2014
15,47.0,24,2014
15,48.0,27,2014
15,49.0,30,2014
15,50.0,30,2014
15,51.0,30,2014
15,52.0,32,2014
15,53.0,35,2014
15,54.0,35,2014
15,55.0,35,2014
15,56.0,35,2014
15,57.0,35,2014
15,58.0,35,2014
15,59.0,35,2014
15,60.0,35,2014
15,61.0,35,2014
15,62.0,35,2014
15,63.0,35,2014
15,64.0,35,2014
15,65.0,35,2014
15,66.0,35,2014
15,67.0,35,2014
15,68.0,35,2014
15,69.0,38,2014
15,70.0,38,2169
15,71.0,40,2169
15,72.0,40,2367
15,73.0,40,2367
15,74.0,40,2367
15,75.0,40,2367
15,76.0,40,2367
15,77.0,40,2367
15,78.0,40,2367
15,79.0,43,2367
15,80.0,46,2367
15,81.0,46,2764
15,82.0,46,2764
15,83.0,46,2764
15,84.0,38,2764
15,85.0,38,2764
15,86.0,38,2764
15,87.0,38,2764
15,88.0,38,2764
15,89.0,38,2764
15,90.0,38,2764
15,91.0,38,2764
15,92.0,38,2764
15,93.0,38,2764
15,94.0,38,2764
15,95.0,27,2764
15,96.0,27,2764
15,97.0,27,2764
15,98.0,27,2764
15,99.0,27,2764
15,100.0,27,2764
15,101.0,17,2764
15,102.0,18,2764
15,103.0,18,2764
15,104.0,19,3185
15,105.0,20,3185
15,106.0,20,3185
15,107.0,20,3185
15,108.0,20,3185
15,109.0,20,3185
15,110.0,20,3185
15,111.0,20,3185
15,112.0,20,3185
15,113.0,21,3185
15,114.0,21,3185
15,115.0,21,3185
15,116.0,21,3185
15,117.0,12,3185
15,118.0,12,3185
15,119.0,12,3185
15,120.0,12,3185
15,121.0,12,3185
15,122.0,12,3185
15,123.0,12,3185
15,124.0,12,3185
15,125.0,12,3185
15,126.0,12,3185
15,127.0,12,3185
15,128.0,12,3185
15,129.0,12,3185
15,130.0,12,3185
15,131.0,12,3185
15,132.0,12,3185
15,133.0,12,3185
15,134.0,12,3185
15,135.0,12,3185
15,136.0,12,3185
15,137.0,12,3185
15,138.0,12,3185
15,139.0,12,3185
15,140.0,12,3185
15,141.0,12,3185
15,142.0,12,3185
15,143.0,12,3185
15,144.0,12,3185
15,145.0,12,3185
15,146.0,12,3185
15,147.0,12,3185
15,148.0,12,3185
15,149.0,12,3185
15,150.0,12,3185
15,151.0,12,3185
15,152.0,12,3185
15,153.0,12,3185
15,154.0,12,3185
15,155.0,12,3185
15,156.0,12,3185
15,157.0,12,3185
15,158.0,12,3185
15,159.0,12,3185
15,160.0,12,3185
15,161.0,12,3185
15,162.0,12,3185
15,163.0,12,3185
15,164.0,12,3185
15,165.0,12,3185
15,166.0,12,3185
16,1.0,18,630
16,2.0,18,630
16,3.0,18,630
16,4.0,18,630
16,5.0,18,630
16,6.0,18,630
16,7.0,18,630
16,8.0,18,630
16,9.0,18,630
16,10.0,18,630
16,11.0,18,630
16,12.0,18,630
16,13.0,18,630
16,14.0,18,630
16,15.0,18,630
16,16.0,18,630
16,17.0,18,630
16,18.0,18,630
16,19.0,18,630
16,20.0,18,630
16,21.0,18,630
16,22.0,18,630
16,23.0,18,630
16,24.0,18,630
16,25.0,18,630
16,26.0,18,679
16,27.0,19,679
16,28.0,19,679
16,29.0,21,679
16,30.0,21,679
16,31.0,21,679
16,32.0,21,679
16,33.0,21,679
16,34.0,21,679
16,35.0,24,679
16,36.0,24,679
16,37.0,24,679
16,38.0,27,679
16,39.0,27,679
16,40.0,27,679
16,41.0,27,679
16,42.0,27,679
16,43.0,27,679
16,44.0,27,679
16,45.0,27,1994
16,46.0,27,1994
16,47.0,27,1994
16,48.0,29,1994
16,49.0,35,1994
16,50.0,35,1994
16,51.0,35,1994
16,52.0,40,1994
16,53.0,44,1994
16,54.0,44,1994
16,55.0,44,1994
16,56.0,44,1994
16,57.0,44,1994
16,58.0,44,1994
16,59.0,44,1994
16,60.0,44,1994
16,61.0,44,1994
16,62.0,44,1994
16,63.0,44,1994
16,64.0,44,1994
16,65.0,44,1994
16,66.0,44,1994
16,67.0,44,1994
16,68.0,44,1994
16,69.0,45,1994
16,70.0,45,2160
16,71.0,47,2160
16,72.0,47,2339
16,73.0,47,2339
16,74.0,47,2339
16,75.0,47,2339
16,76.0,47,2339
16,77.0,47,2339
16,78.0,47,2339
16,79.0,49,2339
16,80.0,54,2339
16,81.0,54,2779
16,82.0,54,2779
16,83.0,54,2779
16,84.0,37,2779
16,85.0,37,2779
16,86.0,37,2779
16,87.0,37,2779
16,88.0,37,2779
16,89.0,37,2779
16,90.0,37,2779
16,91.0,37,2779
16,92.0,37,2779
16,93.0,37,2779
16,94.0,37,2779
16,95.0,28,2779
16,96.0,28,2779
16,97.0,28,2779
16,98.0,28,2779
16,99.0,28,2779
16,100.0,28,2779
16,101.0,20,2779
16,102.0,21,2779
16,103.0,21,2779
16,104.0,23,3214
16,105.0,26,3214
16,106.0,26,3214
16,107.0,26,3214
16,108.0,26,3214
16,109.0,26,3214
16,110.0,26,3214
16,111.0,26,3214
16,112.0,26,3214
16,113.0,27,3214
16,114.0,27,3214
16,115.0,27,3214
16,116.0,27,3214
16,117.0,12,3214
16,118.0,12,3214
16,119.0,12,3214
16,120.0,12,3214
16,121.0,12,3214
16,122.0,12,3214
16,123.0,12,3214
16,124.0,12,3214
16,125.0,12,3214
16,126.0,12,3214
16,127.0,12,3214
16,128.0,12,3214
16,129.0,12,3214
16,130.0,12,3214
16,131.0,12,3214
16,132.0,12,3214
16,133.0,12,3214
16,134.0,12,3214
16,135.0,12,3214
16,136.0,12,3214
16,137.0,12,3214
16,138.0,12,3214
16,139.0,12,3214
16,140.0,12,3214
16,141.0,12,3214
16,142.0,12,3214
16,143.0,12,3214
16,144.0,12,3214
16,145.0,12,3214
16,146.0,12,3214
16,147.0,12,3214
16,148.0,12,3214
16,149.0,12,3214
16,150.0,12,3214
16,151.0,12,3214
16,152.0,12,3214
16,153.0,12,3214
16,154.0,12,3214
16,155.0,12,3214
16,156.0,12,3214
16,157.0,12,3214
16,158.0,12,3214
16,159.0,12,3214
16,160.0,12,3214
16,161.0,12,3214
16,162.0,12,3214
16,163.0,12,3214
16,164.0,12,3214
16,165.0,12,3214
16,166.0,12,3214
17,1.0,18,630
17,2.0,18,630
17,3.0,18,630
17,4.0,18,630
17,5.0,18,630
17,6.0,18,630
17,7.0,18,630
17,8.0,18,630
17,9.0,18,630
17,10.0,18,630
17,11.0,18,630
17,12.0,18,630
17,13.0,18,630
17,14.0,18,630
17,15.0,18,630
17,16.0,18,630
17,17.0,18,630
17,18.0,18,630
17,19.0,18,630
17,20.0,18,630
17,21.0,18,630
17,22.0,18,630
17,23.0,18,630
17,24.0,18,630
17,25.0,18,630
17,26.0,18,668
17,27.0,20,668
17,28.0,20,668
17,29.0,23,668
17,30.0,23,668
17,31.0,23,668
17,32.0,23,668
17,33.0,23,668
17,34.0,23,668
17,35.0,24,668
17,36.0,24,668
17,37.0,24,668
17,38.0,25,668
17,39.0,25,668
17,40.0,25,668
17,41.0,25,668
17,42.0,25,668
17,43.0,25,668
17,44.0,25,668
17,45.0,25,2003
17,46.0,25,2003
17,47.0,25,2003
17,48.0,26,2003
17,49.0,28,2003
17,50.0,28,2003
17,51.0,28,2003
17,52.0,35,2003
17,53.0,39,2003
17,54.0,39,2003
17,55.0,39,2003
17,56.0,39,2003
17,57.0,39,2003
17,58.0,39,2003
17,59.0,39,2003
17,60.0,39,2003
17,61.0,39,2003
17,62.0,39,2003
17,63.0,39,2003
17,64.0,39,2003
17,65.0,39,2003
17,66.0,39,2003
17,67.0,39,2003
17,68.0,39,2003
17,69.0,44,2003
17,70.0,44,2151
17,71.0,46,2151
17,72.0,46,2322
17,73.0,46,2322
17,74.0,46,2322
17,75.0,46,2322
17,76.0,46,2322
17,77.0,46,2322
17,78.0,46,2322
17,79.0,52,2322
17,80.0,59,2322
17,81.0,59,2769
17,82.0,59,2769
17,83.0,59,2769
17,84.0,48,2769
17,85.0,48,2769
17,86.0,48,2769
17,87.0,48,2769
17,88.0,48,2769
17,89.0,48,2769
17,90.0,48,2769
17,91.0,48,2769
17,92.0,48,2769
17,93.0,48,2769
17,94.0,48,2769
17,95.0,37,2769
17,96.0,37,2769
17,97.0,37,2769
17,98.0,37,2769
17,99.0,37,2769
17,100.0,37,2769
17,101.0,30,2769
17,102.0,31,2769
17,103.0,31,2769
17,104.0,33,3215
17,105.0,34,3215
17,106.0,34,3215
17,107.0,34,3215
17,108.0,34,3215
17,109.0,34,3215
17,110.0,34,3215
17,111.0,34,3215
17,112.0,34,3215
17,113.0,35,3215
17,114.0,35,3215
17,115.0,35,3215
17,116.0,35,3215
17,117.0,13,3215
17,118.0,13,3215
17,119.0,13,3215
17,120.0,13,3215
17,121.0,13,3215
17,122.0,13,3215
17,123.0,13,3215
17,124.0,13,3215
17,125.0,13,3215
17,126.0,13,3215
17,127.0,13,3215
17,128.0,13,3215
17,129.0,13,3215
17,130.0,13,3215
17,131.0,13,3215
17,132.0,13,3215
17,133.0,13,3215
17,134.0,13,3215
17,135.0,13,3215
17,136.0,13,3215
17,137.0,13,3215
17,138.0,13,3215
17,139.0,13,3215
17,140.0,13,3215
17,141.0,13,3215
17,142.0,13,3215
17,143.0,13,3215
17,144.0,13,3215
17,145.0,13,3215
17,146.0,13,3215
17,147.0,13,3215
17,148.0,13,3215
17,149.0,13,3215
17,150.0,13,3215
17,151.0,13,3215
17,152.0,13,3215
17,153.0,13,3215
17,154.0,13,3215
17,155.0,13,3215
17,156.0,13,3215
17,157.0,13,3215
17,158.0,13,3215
17,159.0,13,3215
17,160.0,13,3215
17,161.0,13,3215
17,162.0,13,3215
17,163.0,13,3215
17,164.0,13,3215
17,165.0,13,3215
17,166.0,13,3215
18,1.0,18,630
18,2.0,18,630
18,3.0,18,630
18,4.0,18,630
18,5.0,18,630
18,6.0,18,630
18,7.0,18,630
18,8.0,18,630
18,9.0,18,630
18,10.0,18,630
18,11.0,18,630
18,12.0,18,630
18,13.0,18,630
18,14.0,18,630
18,15.0,18,630
18,16.0,18,630
18,17.0,18,630
18,18.0,18,630
18,19.0,18,630
18,20.0,18,630
18,21.0,18,630
18,22.0,18,630
18,23.0,18,630
18,24.0,18,630
18,25.0,18,630
18,26.0,18,655
18,27.0,21,655
18,28.0,21,655
18,29.0,22,655
18,30.0,22,655
18,31.0,22,655
18,32.0,22,655
18,33.0,22,655
18,34.0,22,655
18,35.0,24,655
18,36.0,24,655
18,37.0,24,655
18,38.0,26,655
18,39.0,26,655
18,40.0,26,655
18,41.0,26,655
18,42.0,26,655
18,43.0,26,655
18,44.0,26,655
18,45.0,26,2038
18,46.0,26,2038
18,47.0,26,2038
18,48.0,27,2038
18,49.0,28,2038
18,50.0,28,2038
18,51.0,28,2038
18,52.0,32,2038
18,53.0,34,2038
18,54.0,34,2038
18,55.0,34,2038
18,56.0,34,2038
18,57.0,34,2038
18,58.0,34,2038
18,59.0,34,2038
18,60.0,34,2038
18,61.0,34,2038
18,62.0,34,2038
18,63.0,34,2038
18,64.0,34,2038
18,65.0,34,2038
18,66.0,34,2038
18,67.0,34,2038
18,68.0,34,2038
18,69.0,37,2038
18,70.0,37,2186
18,71.0,37,2186
18,72.0,37,2348
18,73.0,37,2348
18,74.0,37,2348
18,75.0,37,2348
18,76.0,37,2348
18,77.0,37,2348
18,78.0,37,2348
18,79.0,42,2348
18,80.0,44,2348
18,81.0,44,2764
18,82.0,44,2764
18,83.0,44,2764
18,84.0,35,2764
18,85.0,35,2764
18,86.0,35,2764
18,87.0,35,2764
18,88.0,35,2764
18,89.0,35,2764
18,90.0,35,2764
18,91.0,35,2764
18,92.0,35,2764
18,93.0,35,2764
18,94.0,35,2764
18,95.0,24,2764
18,96.0,24,2764
18,97.0,24,2764
18,98.0,24,2764
18,99.0,24,2764
18,100.0,24,2764
18,101.0,16,2764
18,102.0,19,2764
18,103.0,19,2764
18,104.0,20,3189
18,105.0,20,3189
18,106.0,20,3189
18,107.0,20,3189
18,108.0,20,3189
18,109.0,20,3189
18,110.0,20,3189
18,111.0,20,3189
18,112.0,20,3189
18,113.0,20,3189
18,114.0,20,3189
18,115.0,20,3189
18,116.0,20,3189
18,117.0,6,3189
18,118.0,6,3189
18,119.0,6,3189
18,120.0,6,3189
18,121.0,6,3189
18,122.0,6,3189
18,123.0,6,3189
18,124.0,6,3189
18,125.0,6,3189
18,126.0,6,3189
18,127.0,6,3189
18,128.0,6,3189
18,129.0,6,3189
18,130.0,6,3189
18,131.0,6,3189
18,132.0,6,3189
18,133.0,6,3189
18,134.0,6,3189
18,135.0,6,3189
18,136.0,6,3189
18,137.0,6,3189
18,138.0,6,3189
18,139.0,6,3189
18,140.0,6,3189
18,141.0,6,3189
18,142.0,6,3189
18,143.0,6,3189
18,144.0,6,3189
18,145.0,6,3189
18,146.0,6,3189
18,147.0,6,3189
18,148.0,6,3189
18,149.0,6,3189
18,150.0,6,3189
18,151.0,6,3189
18,152.0,6,3189
18,153.0,6,3189
18,154.0,6,3189
18,155.0,6,3189
18,156.0,6,3189
18,157.0,6,3189
18,158.0,6,3189
18,159.0,6,3189
18,160.0,6,3189
18,161.0,6,3189
18,162.0,6,3189
18,163.0,6,3189
18,164.0,6,3189
18,165.0,6,3189
18,166.0,6,3189
19,1.0,18,630
19,2.0,18,630
19,3.0,18,630
19,4.0,18,630
19,5.0,18,630
19,6.0,18,630
19,7.0,18,630
19,8.0,18,630
19,9.0,18,630
19,10.0,18,630
19,11.0,18,630
19,12.0,18,630
19,13.0,18,630
19,14.0,18,630
19,15.0,18,630
19,16.0,18,630
19,17.0,18,630
19,18.0,18,630
19,19.0,18,630
19,20.0,18,630
19,21.0,18,630
19,22.0,18,630
19,23.0,18,630
19,24.0,18,630
19,25.0,18,630
19,26.0,18,660
19,27.0,19,660
19,28.0,19,660
19,29.0,19,660
19,30.0,19,660
19,31.0,19,660
19,32.0,19,660
19,33.0,19,660
19,34.0,19,660
19,35.0,23,660
19,36.0,23,660
19,37.0,23,660
19,38.0,23,660
19,39.0,23,660
19,40.0,23,660
19,41.0,23,660
19,42.0,23,660
19,43.0,23,660
19,44.0,23,660
19,45.0,23,2051
19,46.0,23,2051
19,47.0,23,2051
19,48.0,23,2051
19,49.0,24,2051
19,50.0,24,2051
19,51.0,24,2051
19,52.0,26,2051
19,53.0,31,2051
19,54.0,31,2051
19,55.0,31,2051
19,56.0,31,2051
19,57.0,31,2051
19,58.0,31,2051
19,59.0,31,2051
19,60.0,31,2051
19,61.0,31,2051
19,62.0,31,2051
19,63.0,31,2051
19,64.0,31,2051
19,65.0,31,2051
19,66.0,31,2051
19,67.0,31,2051
19,68.0,31,2051
19,69.0,33,2051
19,70.0,33,2189
19,71.0,34,2189
19,72.0,34,2366
19,73.0,34,2366
19,74.0,34,2366
19,75.0,34,2366
19,76.0,34,2366
19,77.0,34,2366
19,78.0,34,2366
19,79.0,38,2366
19,80.0,43,2366
19,81.0,43,2816
19,82.0,43,2816
19,83.0,43,2816
19,84.0,36,2816
19,85.0,36,2816
19,86.0,36,2816
19,87.0,36,2816
19,88.0,36,2816
19,89.0,36,2816
19,90.0,36,2816
19,91.0,36,2816
19,92.0,36,2816
19,93.0,36,2816
19,94.0,36,2816
19,95.0,24,2816
19,96.0,24,2816
19,97.0,24,2816
19,98.0,24,2816
19,99.0,24,2816
19,100.0,24,2816
19,101.0,21,2816
19,102.0,23,2816
19,103.0,23,2816
19,104.0,26,3265
19,105.0,28,3265
19,106.0,28,3265
19,107.0,28,3265
19,108.0,28,3265
19,109.0,28,3265
19,110.0,28,3265
19,111.0,28,3265
19,112.0,28,3265
19,113.0,30,3265
19,114.0,30,3265
19,115.0,30,3265
19,116.0,30,3265
19,117.0,14,3265
19,118.0,14,3265
19,119.0,14,3265
19,120.0,14,3265
19,121.0,14,3265
19,122.0,14,3265
19,123.0,14,3265
19,124.0,14,3265
19,125.0,14,3265
19,126.0,14,3265
19,127.0,14,3265
19,128.0,14,3265
19,129.0,14,3265
19,130.0,14,3265
19,131.0,14,3265
19,132.0,14,3265
19,133.0,14,3265
19,134.0,14,3265
19,135.0,14,3265
19,136.0,14,3265
19,137.0,14,3265
19,138.0,14,3265
19,139.0,14,3265
19,140.0,14,3265
19,141.0,14,3265
19,142.0,14,3265
19,143.0,14,3265
19,144.0,14,3265
19,145.0,14,3265
19,146.0,14,3265
19,147.0,14,3265
19,148.0,14,3265
19,149.0,14,3265
19,150.0,14,3265
19,151.0,14,3265
19,152.0,14,3265
19,153.0,14,3265
19,154.0,14,3265
19,155.0,14,3265
19,156.0,14,3265
19,157.0,14,3265
19,158.0,14,3265
19,159.0,14,3265
19,160.0,14,3265
19,161.0,14,3265
19,162.0,14,3265
19,163.0,14,3265
19,164.0,14,3265
19,165.0,14,3265
19,166.0,14,3265
20,1.0,18,630
20,2.0,18,630
20,3.0,18,630
20,4.0,18,630
20,5.0,18,630
20,6.0,18,630
20,7.0,18,630
20,8.0,18,630
20,9.0,18,630
20,10.0,18,630
20,11.0,18,630
20,12.0,18,630
20,13.0,18,630
20,14.0,18,630
20,15.0,18,630
20,16.0,18,630
20,17.0,18,630
20,18.0,18,630
20,19.0,18,630
20,20.0,18,630
20,21.0,18,630
20,22.0,18,630
20,23.0,18,630
20,24.0,18,630
20,25.0,18,630
20,26.0,18,652
20,27.0,19,652
20,28.0,19,652
20,29.0,20,652
20,30.0,20,652
20,31.0,20,652
20,32.0,20,652
20,33.0,20,652
20,34.0,20,652
20,35.0,22,652
20,36.0,22,652
20,37.0,22,652
20,38.0,24,652
20,39.0,24,652
20,40.0,24,652
20,41.0,24,652
20,42.0,24,652
20,43.0,24,652
20,44.0,24,652
20,45.0,24,1927
20,46.0,24,1927
20,47.0,24,1927
20,48.0,26,1927
20,49.0,28,1927
20,50.0,28,1927
20,51.0,28,1927
20,52.0,29,1927
20,53.0,32,1927
20,54.0,32,1927
20,55.0,32,1927
20,56.0,32,1927
20,57.0,32,1927
20,58.0,32,1927
20,59.0,32,1927
20,60.0,32,1927
20,61.0,32,1927
20,62.0,32,1927
20,63.0,32,1927
20,64.0,32,1927
20,65.0,32,1927
20,66.0,32,1927
20,67.0,32,1927
20,68.0,32,1927
20,69.0,38,1927
20,70.0,38,2079
20,71.0,39,2079
20,72.0,39,2240
20,73.0,39,2240
20,74.0,39,2240
20,75.0,39,2240
20,76.0,39,2240
20,77.0,39,2240
20,78.0,39,2240
20,79.0,42,2240
20,80.0,48,2240
20,81.0,48,2622
20,82.0,48,2622
20,83.0,48,2622
20,84.0,41,2622
20,85.0,41,2622
20,86.0,41,2622
20,87.0,41,2622
20,88.0,41,2622
20,89.0,41,2622
20,90.0,41,2622
20,91.0,41,2622
20,92.0,41,2622
20,93.0,41,2622
20,94.0,41,2622
20,95.0,29,2622
20,96.0,29,2622
20,97.0,29,2622
20,98.0,29,2622
20,99.0,29,2622
20,100.0,29,2622
20,101.0,17,2622
20,102.0,18,2622
20,103.0,18,2622
20,104.0,19,3031
20,105.0,20,3031
20,106.0,20,3031
20,107.0,20,3031
20,108.0,20,3031
20,109.0,20,3031
20,110.0,20,3031
20,111.0,20,3031
20,112.0,20,3031
20,113.0,23,3031
20,114.0,23,3031
20,115.0,23,3031
20,116.0,23,3031
20,117.0,12,3031
20,118.0,12,3031
20,119.0,12,3031
20,120.0,12,3031
20,121.0,12,3031
20,122.0,12,3031
20,123.0,12,3031
20,124.0,12,3031
20,125.0,12,3031
20,126.0,12,3031
20,127.0,12,3031
20,128.0,12,3031
20,129.0,12,3031
20,130.0,12,3031
20,131.0,12,3031
20,132.0,12,3031
20,133.0,12,3031
20,134.0,12,3031
20,135.0,12,3031
20,136.0,12,3031
20,137.0,12,3031
20,138.0,12,3031
20,139.0,12,3031
20,140.0,12,3031
20,141.0,12,3031
20,142.0,12,3031
20,143.0,12,3031
20,144.0,12,3031
20,145.0,12,3031
20,146.0,12,3031
20,147.0,12,3031
20,148.0,12,3031
20,149.0,12,3031
20,150.0,12,3031
20,151.0,12,3031
20,152.0,12,3031
20,153.0,12,3031
20,154.0,12,3031
20,155.0,12,3031
20,156.0,12,3031
20,157.0,12,3031
20,158.0,12,3031
20,159.0,12,3031
20,160.0,12,3031
20,161.0,12,3031
20,162.0,12,3031
20,163.0,12,3031
20,164.0,12,3031
20,165.0,12,3031
20,166.0,12,3031
