"run","tick","GRCount","STCount"
1,1.0,8,1200
1,2.0,8,1200
1,3.0,8,1200
1,4.0,8,1200
1,5.0,8,1200
1,6.0,8,1200
1,7.0,8,1200
1,8.0,8,1200
1,9.0,8,1200
1,10.0,8,1200
1,11.0,8,1200
1,12.0,8,1200
1,13.0,8,1200
1,14.0,8,1200
1,15.0,8,1200
1,16.0,8,1200
1,17.0,8,1200
1,18.0,8,1200
1,19.0,8,1200
1,20.0,8,1200
1,21.0,8,1200
1,22.0,8,1200
1,23.0,8,1200
1,24.0,8,1200
1,25.0,8,1292
1,26.0,8,1292
1,27.0,12,1292
1,28.0,12,1292
1,29.0,15,1849
1,30.0,15,1849
1,31.0,15,1849
1,32.0,15,1849
1,33.0,15,1849
1,34.0,15,1849
1,35.0,22,1849
1,36.0,22,1849
1,37.0,22,1849
1,38.0,28,1849
1,39.0,28,1849
1,40.0,28,1849
1,41.0,28,1849
1,42.0,28,1849
1,43.0,28,1849
1,44.0,28,2713
1,45.0,28,2713
1,46.0,28,2713
1,47.0,28,2713
1,48.0,34,2713
1,49.0,40,2713
1,50.0,40,2713
1,51.0,40,2713
1,52.0,45,2713
1,53.0,57,2713
1,54.0,60,2713
1,55.0,59,2713
1,56.0,54,2713
1,57.0,54,2713
1,58.0,54,2713
1,59.0,54,2713
1,60.0,52,2713
1,61.0,52,2713
1,62.0,52,2713
1,63.0,52,2713
1,64.0,52,2713
1,65.0,52,2713
1,66.0,52,2713
1,67.0,52,2713
1,68.0,52,2713
1,69.0,58,5116
1,70.0,58,5116
1,71.0,67,5142
1,72.0,67,5142
1,73.0,67,5142
1,74.0,67,5142
1,75.0,67,5142
1,76.0,65,5142
1,77.0,64,5142
1,78.0,64,5142
1,79.0,80,5142
1,80.0,104,5525
1,81.0,103,5525
1,82.0,103,5525
1,83.0,103,5525
1,84.0,88,5525
1,85.0,88,5525
1,86.0,88,5525
1,87.0,88,5525
1,88.0,85,5525
1,89.0,85,5525
1,90.0,83,5525
1,91.0,83,5525
1,92.0,83,5525
1,93.0,83,5525
1,94.0,80,5525
1,95.0,70,5525
1,96.0,69,5525
1,97.0,69,5525
1,98.0,69,5525
1,99.0,69,5525
1,100.0,69,5525
1,101.0,76,5525
1,102.0,97,6958
1,103.0,96,6958
1,104.0,117,6958
1,105.0,133,6958
1,106.0,132,6958
1,107.0,132,6958
1,108.0,131,6958
1,109.0,130,6958
1,110.0,130,6958
1,111.0,130,6958
1,112.0,130,6958
1,113.0,130,6958
1,114.0,153,6958
1,115.0,153,6958
1,116.0,152,6958
1,117.0,107,6958
1,118.0,107,6958
1,119.0,107,6958
1,120.0,107,6958
1,121.0,107,6958
1,122.0,107,6958
1,123.0,107,6958
1,124.0,107,6958
1,125.0,107,6958
1,126.0,107,6958
1,127.0,107,6958
1,128.0,107,6958
1,129.0,107,6958
1,130.0,107,6958
1,131.0,107,6958
1,132.0,107,6958
1,133.0,107,6958
1,134.0,107,6958
1,135.0,107,6958
1,136.0,107,6958
1,137.0,107,6958
1,138.0,107,6958
1,139.0,107,6958
1,140.0,107,6958
1,141.0,107,6958
1,142.0,107,6958
1,143.0,107,6958
1,144.0,107,6958
1,145.0,107,6958
1,146.0,107,6958
1,147.0,107,6958
1,148.0,107,6958
1,149.0,107,6958
1,150.0,107,6958
1,151.0,107,6958
1,152.0,107,6958
1,153.0,107,6958
1,154.0,107,6958
1,155.0,107,6958
1,156.0,107,6958
1,157.0,107,6958
1,158.0,107,6958
1,159.0,107,6958
1,160.0,107,6958
1,161.0,107,6958
1,162.0,107,6958
1,163.0,107,6958
1,164.0,107,6958
1,165.0,107,6958
1,166.0,107,6958
3,1.0,8,1200
3,2.0,8,1200
3,3.0,8,1200
3,4.0,8,1200
3,5.0,8,1200
3,6.0,8,1200
3,7.0,8,1200
3,8.0,8,1200
3,9.0,8,1200
3,10.0,8,1200
3,11.0,8,1200
3,12.0,8,1200
3,13.0,8,1200
3,14.0,8,1200
3,15.0,8,1200
3,16.0,8,1200
3,17.0,8,1200
3,18.0,8,1200
3,19.0,8,1200
3,20.0,8,1200
3,21.0,8,1200
3,22.0,8,1200
3,23.0,8,1200
3,24.0,8,1200
3,25.0,8,1269
3,26.0,8,1269
3,27.0,10,1269
3,28.0,10,1269
3,29.0,12,1851
3,30.0,12,1851
3,31.0,12,1851
3,32.0,12,1851
3,33.0,12,1851
3,34.0,12,1851
3,35.0,17,1851
3,36.0,17,1851
3,37.0,17,1851
3,38.0,23,1851
3,39.0,23,1851
3,40.0,23,1851
3,41.0,23,1851
3,42.0,23,1851
3,43.0,23,1851
3,44.0,23,2766
3,45.0,23,2766
3,46.0,23,2766
3,47.0,23,2766
3,48.0,27,2766
3,49.0,30,2766
3,50.0,30,2766
3,51.0,30,2766
3,52.0,35,2766
3,53.0,40,2766
3,54.0,45,2766
3,55.0,41,2766
3,56.0,40,2766
3,57.0,40,2766
3,58.0,38,2766
3,59.0,38,2766
3,60.0,37,2766
3,61.0,37,2766
3,62.0,37,2766
3,63.0,37,2766
3,64.0,37,2766
3,65.0,37,2766
3,66.0,37,2766
3,67.0,37,2766
3,68.0,37,2766
3,69.0,46,5186
3,70.0,46,5186
3,71.0,54,5209
3,72.0,54,5209
3,73.0,54,5209
3,74.0,54,5209
3,75.0,54,5209
3,76.0,53,5209
3,77.0,52,5209
3,78.0,52,5209
3,79.0,62,5209
3,80.0,71,5565
3,81.0,71,5565
3,82.0,71,5565
3,83.0,71,5565
3,84.0,63,5565
3,85.0,63,5565
3,86.0,63,5565
3,87.0,63,5565
3,88.0,61,5565
3,89.0,61,5565
3,90.0,58,5565
3,91.0,58,5565
3,92.0,57,5565
3,93.0,57,5565
3,94.0,55,5565
3,95.0,43,5565
3,96.0,43,5565
3,97.0,43,5565
3,98.0,43,5565
3,99.0,43,5565
3,100.0,43,5565
3,101.0,41,5565
3,102.0,55,6938
3,103.0,55,6938
3,104.0,67,6938
3,105.0,80,6938
3,106.0,80,6938
3,107.0,79,6938
3,108.0,78,6938
3,109.0,77,6938
3,110.0,77,6938
3,111.0,77,6938
3,112.0,77,6938
3,113.0,77,6938
3,114.0,88,6938
3,115.0,88,6938
3,116.0,88,6938
3,117.0,62,6938
3,118.0,62,6938
3,119.0,62,6938
3,120.0,62,6938
3,121.0,62,6938
3,122.0,62,6938
3,123.0,62,6938
3,124.0,62,6938
3,125.0,62,6938
3,126.0,62,6938
3,127.0,62,6938
3,128.0,62,6938
3,129.0,62,6938
3,130.0,62,6938
3,131.0,62,6938
3,132.0,62,6938
3,133.0,62,6938
3,134.0,62,6938
3,135.0,62,6938
3,136.0,62,6938
3,137.0,62,6938
3,138.0,62,6938
3,139.0,62,6938
3,140.0,62,6938
3,141.0,62,6938
3,142.0,62,6938
3,143.0,62,6938
3,144.0,62,6938
3,145.0,62,6938
3,146.0,62,6938
3,147.0,62,6938
3,148.0,62,6938
3,149.0,62,6938
3,150.0,62,6938
3,151.0,62,6938
3,152.0,62,6938
3,153.0,62,6938
3,154.0,62,6938
3,155.0,62,6938
3,156.0,62,6938
3,157.0,62,6938
3,158.0,62,6938
3,159.0,62,6938
3,160.0,62,6938
3,161.0,62,6938
3,162.0,62,6938
3,163.0,62,6938
3,164.0,62,6938
3,165.0,62,6938
3,166.0,62,6938
5,1.0,8,1200
5,2.0,8,1200
5,3.0,8,1200
5,4.0,8,1200
5,5.0,8,1200
5,6.0,8,1200
5,7.0,8,1200
5,8.0,8,1200
5,9.0,8,1200
5,10.0,8,1200
5,11.0,8,1200
5,12.0,8,1200
5,13.0,8,1200
5,14.0,8,1200
5,15.0,8,1200
5,16.0,8,1200
5,17.0,8,1200
5,18.0,8,1200
5,19.0,8,1200
5,20.0,8,1200
5,21.0,8,1200
5,22.0,8,1200
5,23.0,8,1200
5,24.0,8,1200
5,25.0,8,1359
5,26.0,8,1359
5,27.0,11,1359
5,28.0,11,1359
5,29.0,15,1968
5,30.0,15,1968
5,31.0,15,1968
5,32.0,15,1968
5,33.0,15,1968
5,34.0,15,1968
5,35.0,19,1968
5,36.0,19,1968
5,37.0,19,1968
5,38.0,22,1968
5,39.0,22,1968
5,40.0,22,1968
5,41.0,22,1968
5,42.0,22,1968
5,43.0,22,1968
5,44.0,22,2837
5,45.0,22,2837
5,46.0,22,2837
5,47.0,22,2837
5,48.0,25,2837
5,49.0,29,2837
5,50.0,29,2837
5,51.0,29,2837
5,52.0,35,2837
5,53.0,42,2837
5,54.0,46,2837
5,55.0,43,2837
5,56.0,42,2837
5,57.0,42,2837
5,58.0,40,2837
5,59.0,40,2837
5,60.0,38,2837
5,61.0,38,2837
5,62.0,38,2837
5,63.0,38,2837
5,64.0,38,2837
5,65.0,38,2837
5,66.0,38,2837
5,67.0,38,2837
5,68.0,38,2837
5,69.0,43,5624
5,70.0,43,5624
5,71.0,51,5644
5,72.0,51,5644
5,73.0,51,5644
5,74.0,51,5644
5,75.0,50,5644
5,76.0,50,5644
5,77.0,49,5644
5,78.0,49,5644
5,79.0,57,5644
5,80.0,64,5995
5,81.0,64,5995
5,82.0,64,5995
5,83.0,64,5995
5,84.0,52,5995
5,85.0,52,5995
5,86.0,51,5995
5,87.0,51,5995
5,88.0,50,5995
5,89.0,50,5995
5,90.0,49,5995
5,91.0,49,5995
5,92.0,49,5995
5,93.0,49,5995
5,94.0,49,5995
5,95.0,43,5995
5,96.0,42,5995
5,97.0,42,5995
5,98.0,42,5995
5,99.0,42,5995
5,100.0,42,5995
5,101.0,40,5995
5,102.0,54,7501
5,103.0,54,7501
5,104.0,62,7501
5,105.0,76,7501
5,106.0,75,7501
5,107.0,74,7501
5,108.0,74,7501
5,109.0,74,7501
5,110.0,74,7501
5,111.0,74,7501
5,112.0,74,7501
5,113.0,74,7501
5,114.0,79,7501
5,115.0,79,7501
5,116.0,79,7501
5,117.0,56,7501
5,118.0,56,7501
5,119.0,56,7501
5,120.0,56,7501
5,121.0,56,7501
5,122.0,56,7501
5,123.0,56,7501
5,124.0,56,7501
5,125.0,56,7501
5,126.0,56,7501
5,127.0,56,7501
5,128.0,56,7501
5,129.0,56,7501
5,130.0,56,7501
5,131.0,56,7501
5,132.0,56,7501
5,133.0,56,7501
5,134.0,56,7501
5,135.0,56,7501
5,136.0,56,7501
5,137.0,56,7501
5,138.0,56,7501
5,139.0,56,7501
5,140.0,56,7501
5,141.0,56,7501
5,142.0,56,7501
5,143.0,56,7501
5,144.0,56,7501
5,145.0,56,7501
5,146.0,56,7501
5,147.0,56,7501
5,148.0,56,7501
5,149.0,56,7501
5,150.0,56,7501
5,151.0,56,7501
5,152.0,56,7501
5,153.0,56,7501
5,154.0,56,7501
5,155.0,56,7501
5,156.0,56,7501
5,157.0,56,7501
5,158.0,56,7501
5,159.0,56,7501
5,160.0,56,7501
5,161.0,56,7501
5,162.0,56,7501
5,163.0,56,7501
5,164.0,56,7501
5,165.0,56,7501
5,166.0,56,7501
7,1.0,8,1200
7,2.0,8,1200
7,3.0,8,1200
7,4.0,8,1200
7,5.0,8,1200
7,6.0,8,1200
7,7.0,8,1200
7,8.0,8,1200
7,9.0,8,1200
7,10.0,8,1200
7,11.0,8,1200
7,12.0,8,1200
7,13.0,8,1200
7,14.0,8,1200
7,15.0,8,1200
7,16.0,8,1200
7,17.0,8,1200
7,18.0,8,1200
7,19.0,8,1200
7,20.0,8,1200
7,21.0,8,1200
7,22.0,8,1200
7,23.0,8,1200
7,24.0,8,1200
7,25.0,8,1300
7,26.0,8,1300
7,27.0,9,1300
7,28.0,9,1300
7,29.0,9,1860
7,30.0,9,1860
7,31.0,9,1860
7,32.0,9,1860
7,33.0,9,1860
7,34.0,9,1860
7,35.0,14,1860
7,36.0,14,1860
7,37.0,14,1860
7,38.0,17,1860
7,39.0,17,1860
7,40.0,17,1860
7,41.0,17,1860
7,42.0,17,1860
7,43.0,17,1860
7,44.0,17,2816
7,45.0,17,2816
7,46.0,17,2816
7,47.0,17,2816
7,48.0,17,2816
7,49.0,22,2816
7,50.0,22,2816
7,51.0,22,2816
7,52.0,28,2816
7,53.0,31,2816
7,54.0,35,2816
7,55.0,35,2816
7,56.0,32,2816
7,57.0,32,2816
7,58.0,30,2816
7,59.0,30,2816
7,60.0,27,2816
7,61.0,27,2816
7,62.0,27,2816
7,63.0,27,2816
7,64.0,27,2816
7,65.0,27,2816
7,66.0,27,2816
7,67.0,27,2816
7,68.0,27,2816
7,69.0,30,5397
7,70.0,30,5397
7,71.0,32,5422
7,72.0,32,5422
7,73.0,32,5422
7,74.0,32,5422
7,75.0,32,5422
7,76.0,32,5422
7,77.0,32,5422
7,78.0,32,5422
7,79.0,39,5422
7,80.0,56,5785
7,81.0,56,5785
7,82.0,56,5785
7,83.0,56,5785
7,84.0,49,5785
7,85.0,49,5785
7,86.0,47,5785
7,87.0,47,5785
7,88.0,46,5785
7,89.0,46,5785
7,90.0,46,5785
7,91.0,46,5785
7,92.0,45,5785
7,93.0,45,5785
7,94.0,43,5785
7,95.0,39,5785
7,96.0,39,5785
7,97.0,39,5785
7,98.0,39,5785
7,99.0,39,5785
7,100.0,39,5785
7,101.0,44,5785
7,102.0,61,7175
7,103.0,61,7175
7,104.0,73,7175
7,105.0,83,7175
7,106.0,83,7175
7,107.0,83,7175
7,108.0,81,7175
7,109.0,81,7175
7,110.0,81,7175
7,111.0,81,7175
7,112.0,81,7175
7,113.0,81,7175
7,114.0,90,7175
7,115.0,90,7175
7,116.0,90,7175
7,117.0,63,7175
7,118.0,63,7175
7,119.0,63,7175
7,120.0,63,7175
7,121.0,63,7175
7,122.0,63,7175
7,123.0,63,7175
7,124.0,63,7175
7,125.0,63,7175
7,126.0,63,7175
7,127.0,63,7175
7,128.0,63,7175
7,129.0,63,7175
7,130.0,63,7175
7,131.0,63,7175
7,132.0,63,7175
7,133.0,63,7175
7,134.0,63,7175
7,135.0,63,7175
7,136.0,63,7175
7,137.0,63,7175
7,138.0,63,7175
7,139.0,63,7175
7,140.0,63,7175
7,141.0,63,7175
7,142.0,63,7175
7,143.0,63,7175
7,144.0,63,7175
7,145.0,63,7175
7,146.0,63,7175
7,147.0,63,7175
7,148.0,63,7175
7,149.0,63,7175
7,150.0,63,7175
7,151.0,63,7175
7,152.0,63,7175
7,153.0,63,7175
7,154.0,63,7175
7,155.0,63,7175
7,156.0,63,7175
7,157.0,63,7175
7,158.0,63,7175
7,159.0,63,7175
7,160.0,63,7175
7,161.0,63,7175
7,162.0,63,7175
7,163.0,63,7175
7,164.0,63,7175
7,165.0,63,7175
7,166.0,63,7175
9,1.0,8,1200
9,2.0,8,1200
9,3.0,8,1200
9,4.0,8,1200
9,5.0,8,1200
9,6.0,8,1200
9,7.0,8,1200
9,8.0,8,1200
9,9.0,8,1200
9,10.0,8,1200
9,11.0,8,1200
9,12.0,8,1200
9,13.0,8,1200
9,14.0,8,1200
9,15.0,8,1200
9,16.0,8,1200
9,17.0,8,1200
9,18.0,8,1200
9,19.0,8,1200
9,20.0,8,1200
9,21.0,8,1200
9,22.0,8,1200
9,23.0,8,1200
9,24.0,8,1200
9,25.0,8,1293
9,26.0,8,1293
9,27.0,9,1293
9,28.0,9,1293
9,29.0,11,1803
9,30.0,11,1803
9,31.0,11,1803
9,32.0,11,1803
9,33.0,11,1803
9,34.0,11,1803
9,35.0,18,1803
9,36.0,18,1803
9,37.0,18,1803
9,38.0,22,1803
9,39.0,22,1803
9,40.0,22,1803
9,41.0,22,1803
9,42.0,22,1803
9,43.0,22,1803
9,44.0,22,2733
9,45.0,22,2733
9,46.0,22,2733
9,47.0,22,2733
9,48.0,26,2733
9,49.0,28,2733
9,50.0,28,2733
9,51.0,28,2733
9,52.0,35,2733
9,53.0,39,2733
9,54.0,43,2733
9,55.0,42,2733
9,56.0,39,2733
9,57.0,39,2733
9,58.0,36,2733
9,59.0,36,2733
9,60.0,35,2733
9,61.0,35,2733
9,62.0,35,2733
9,63.0,35,2733
9,64.0,35,2733
9,65.0,35,2733
9,66.0,35,2733
9,67.0,35,2733
9,68.0,35,2733
9,69.0,44,5115
9,70.0,44,5115
9,71.0,53,5136
9,72.0,53,5136
9,73.0,53,5136
9,74.0,53,5136
9,75.0,52,5136
9,76.0,52,5136
9,77.0,52,5136
9,78.0,52,5136
9,79.0,60,5136
9,80.0,72,5501
9,81.0,70,5501
9,82.0,70,5501
9,83.0,70,5501
9,84.0,60,5501
9,85.0,60,5501
9,86.0,60,5501
9,87.0,60,5501
9,88.0,59,5501
9,89.0,59,5501
9,90.0,56,5501
9,91.0,56,5501
9,92.0,56,5501
9,93.0,56,5501
9,94.0,55,5501
9,95.0,47,5501
9,96.0,46,5501
9,97.0,46,5501
9,98.0,46,5501
9,99.0,46,5501
9,100.0,46,5501
9,101.0,50,5501
9,102.0,64,6823
9,103.0,64,6823
9,104.0,76,6823
9,105.0,85,6823
9,106.0,85,6823
9,107.0,85,6823
9,108.0,83,6823
9,109.0,82,6823
9,110.0,82,6823
9,111.0,82,6823
9,112.0,82,6823
9,113.0,82,6823
9,114.0,90,6823
9,115.0,90,6823
9,116.0,87,6823
9,117.0,56,6823
9,118.0,56,6823
9,119.0,56,6823
9,120.0,56,6823
9,121.0,56,6823
9,122.0,56,6823
9,123.0,56,6823
9,124.0,56,6823
9,125.0,56,6823
9,126.0,56,6823
9,127.0,56,6823
9,128.0,56,6823
9,129.0,56,6823
9,130.0,56,6823
9,131.0,56,6823
9,132.0,56,6823
9,133.0,56,6823
9,134.0,56,6823
9,135.0,56,6823
9,136.0,56,6823
9,137.0,56,6823
9,138.0,56,6823
9,139.0,56,6823
9,140.0,56,6823
9,141.0,56,6823
9,142.0,56,6823
9,143.0,56,6823
9,144.0,56,6823
9,145.0,56,6823
9,146.0,56,6823
9,147.0,56,6823
9,148.0,56,6823
9,149.0,56,6823
9,150.0,56,6823
9,151.0,56,6823
9,152.0,56,6823
9,153.0,56,6823
9,154.0,56,6823
9,155.0,56,6823
9,156.0,56,6823
9,157.0,56,6823
9,158.0,56,6823
9,159.0,56,6823
9,160.0,56,6823
9,161.0,56,6823
9,162.0,56,6823
9,163.0,56,6823
9,164.0,56,6823
9,165.0,56,6823
9,166.0,56,6823
2,1.0,8,1200
2,2.0,8,1200
2,3.0,8,1200
2,4.0,8,1200
2,5.0,8,1200
2,6.0,8,1200
2,7.0,8,1200
2,8.0,8,1200
2,9.0,8,1200
2,10.0,8,1200
2,11.0,8,1200
2,12.0,8,1200
2,13.0,8,1200
2,14.0,8,1200
2,15.0,8,1200
2,16.0,8,1200
2,17.0,8,1200
2,18.0,8,1200
2,19.0,8,1200
2,20.0,8,1200
2,21.0,8,1200
2,22.0,8,1200
2,23.0,8,1200
2,24.0,8,1200
2,25.0,8,1326
2,26.0,8,1326
2,27.0,11,1326
2,28.0,11,1326
2,29.0,11,1888
2,30.0,11,1888
2,31.0,11,1888
2,32.0,11,1888
2,33.0,11,1888
2,34.0,11,1888
2,35.0,18,1888
2,36.0,18,1888
2,37.0,18,1888
2,38.0,19,1888
2,39.0,19,1888
2,40.0,19,1888
2,41.0,19,1888
2,42.0,19,1888
2,43.0,19,1888
2,44.0,19,2866
2,45.0,19,2866
2,46.0,19,2866
2,47.0,19,2866
2,48.0,24,2866
2,49.0,30,2866
2,50.0,30,2866
2,51.0,30,2866
2,52.0,34,2866
2,53.0,39,2866
2,54.0,46,2866
2,55.0,43,2866
2,56.0,42,2866
2,57.0,42,2866
2,58.0,42,2866
2,59.0,42,2866
2,60.0,38,2866
2,61.0,38,2866
2,62.0,38,2866
2,63.0,38,2866
2,64.0,38,2866
2,65.0,38,2866
2,66.0,38,2866
2,67.0,38,2866
2,68.0,38,2866
2,69.0,42,5276
2,70.0,42,5276
2,71.0,47,5303
2,72.0,47,5303
2,73.0,47,5303
2,74.0,47,5303
2,75.0,46,5303
2,76.0,46,5303
2,77.0,45,5303
2,78.0,45,5303
2,79.0,64,5303
2,80.0,80,5706
2,81.0,80,5706
2,82.0,80,5706
2,83.0,80,5706
2,84.0,67,5706
2,85.0,67,5706
2,86.0,67,5706
2,87.0,67,5706
2,88.0,63,5706
2,89.0,63,5706
2,90.0,63,5706
2,91.0,63,5706
2,92.0,63,5706
2,93.0,63,5706
2,94.0,62,5706
2,95.0,53,5706
2,96.0,53,5706
2,97.0,53,5706
2,98.0,53,5706
2,99.0,53,5706
2,100.0,53,5706
2,101.0,51,5706
2,102.0,63,7102
2,103.0,62,7102
2,104.0,80,7102
2,105.0,91,7102
2,106.0,91,7102
2,107.0,91,7102
2,108.0,89,7102
2,109.0,88,7102
2,110.0,88,7102
2,111.0,88,7102
2,112.0,88,7102
2,113.0,88,7102
2,114.0,100,7102
2,115.0,100,7102
2,116.0,99,7102
2,117.0,70,7102
2,118.0,70,7102
2,119.0,70,7102
2,120.0,70,7102
2,121.0,70,7102
2,122.0,70,7102
2,123.0,70,7102
2,124.0,70,7102
2,125.0,70,7102
2,126.0,70,7102
2,127.0,70,7102
2,128.0,70,7102
2,129.0,70,7102
2,130.0,70,7102
2,131.0,70,7102
2,132.0,70,7102
2,133.0,70,7102
2,134.0,70,7102
2,135.0,70,7102
2,136.0,70,7102
2,137.0,70,7102
2,138.0,70,7102
2,139.0,70,7102
2,140.0,70,7102
2,141.0,70,7102
2,142.0,70,7102
2,143.0,70,7102
2,144.0,70,7102
2,145.0,70,7102
2,146.0,70,7102
2,147.0,70,7102
2,148.0,70,7102
2,149.0,70,7102
2,150.0,70,7102
2,151.0,70,7102
2,152.0,70,7102
2,153.0,70,7102
2,154.0,70,7102
2,155.0,70,7102
2,156.0,70,7102
2,157.0,70,7102
2,158.0,70,7102
2,159.0,70,7102
2,160.0,70,7102
2,161.0,70,7102
2,162.0,70,7102
2,163.0,70,7102
2,164.0,70,7102
2,165.0,70,7102
2,166.0,70,7102
4,1.0,8,1200
4,2.0,8,1200
4,3.0,8,1200
4,4.0,8,1200
4,5.0,8,1200
4,6.0,8,1200
4,7.0,8,1200
4,8.0,8,1200
4,9.0,8,1200
4,10.0,8,1200
4,11.0,8,1200
4,12.0,8,1200
4,13.0,8,1200
4,14.0,8,1200
4,15.0,8,1200
4,16.0,8,1200
4,17.0,8,1200
4,18.0,8,1200
4,19.0,8,1200
4,20.0,8,1200
4,21.0,8,1200
4,22.0,8,1200
4,23.0,8,1200
4,24.0,8,1200
4,25.0,8,1311
4,26.0,8,1311
4,27.0,11,1311
4,28.0,11,1311
4,29.0,14,1906
4,30.0,14,1906
4,31.0,14,1906
4,32.0,14,1906
4,33.0,14,1906
4,34.0,14,1906
4,35.0,19,1906
4,36.0,19,1906
4,37.0,19,1906
4,38.0,20,1906
4,39.0,20,1906
4,40.0,20,1906
4,41.0,20,1906
4,42.0,20,1906
4,43.0,20,1906
4,44.0,20,2795
4,45.0,20,2795
4,46.0,20,2795
4,47.0,20,2795
4,48.0,25,2795
4,49.0,31,2795
4,50.0,31,2795
4,51.0,31,2795
4,52.0,36,2795
4,53.0,40,2795
4,54.0,47,2795
4,55.0,45,2795
4,56.0,43,2795
4,57.0,43,2795
4,58.0,42,2795
4,59.0,42,2795
4,60.0,39,2795
4,61.0,39,2795
4,62.0,39,2795
4,63.0,39,2795
4,64.0,39,2795
4,65.0,39,2795
4,66.0,39,2795
4,67.0,39,2795
4,68.0,39,2795
4,69.0,47,5383
4,70.0,47,5383
4,71.0,50,5416
4,72.0,50,5416
4,73.0,50,5416
4,74.0,50,5416
4,75.0,50,5416
4,76.0,49,5416
4,77.0,49,5416
4,78.0,49,5416
4,79.0,60,5416
4,80.0,78,5791
4,81.0,77,5791
4,82.0,77,5791
4,83.0,77,5791
4,84.0,71,5791
4,85.0,71,5791
4,86.0,71,5791
4,87.0,71,5791
4,88.0,69,5791
4,89.0,69,5791
4,90.0,66,5791
4,91.0,66,5791
4,92.0,66,5791
4,93.0,66,5791
4,94.0,66,5791
4,95.0,53,5791
4,96.0,53,5791
4,97.0,53,5791
4,98.0,53,5791
4,99.0,53,5791
4,100.0,53,5791
4,101.0,55,5791
4,102.0,73,7211
4,103.0,73,7211
4,104.0,86,7211
4,105.0,103,7211
4,106.0,102,7211
4,107.0,101,7211
4,108.0,100,7211
4,109.0,99,7211
4,110.0,99,7211
4,111.0,99,7211
4,112.0,99,7211
4,113.0,99,7211
4,114.0,113,7211
4,115.0,113,7211
4,116.0,112,7211
4,117.0,82,7211
4,118.0,82,7211
4,119.0,82,7211
4,120.0,82,7211
4,121.0,82,7211
4,122.0,82,7211
4,123.0,82,7211
4,124.0,82,7211
4,125.0,82,7211
4,126.0,82,7211
4,127.0,82,7211
4,128.0,82,7211
4,129.0,82,7211
4,130.0,82,7211
4,131.0,82,7211
4,132.0,82,7211
4,133.0,82,7211
4,134.0,82,7211
4,135.0,82,7211
4,136.0,82,7211
4,137.0,82,7211
4,138.0,82,7211
4,139.0,82,7211
4,140.0,82,7211
4,141.0,82,7211
4,142.0,82,7211
4,143.0,82,7211
4,144.0,82,7211
4,145.0,82,7211
4,146.0,82,7211
4,147.0,82,7211
4,148.0,82,7211
4,149.0,82,7211
4,150.0,82,7211
4,151.0,82,7211
4,152.0,82,7211
4,153.0,82,7211
4,154.0,82,7211
4,155.0,82,7211
4,156.0,82,7211
4,157.0,82,7211
4,158.0,82,7211
4,159.0,82,7211
4,160.0,82,7211
4,161.0,82,7211
4,162.0,82,7211
4,163.0,82,7211
4,164.0,82,7211
4,165.0,82,7211
4,166.0,82,7211
6,1.0,8,1200
6,2.0,8,1200
6,3.0,8,1200
6,4.0,8,1200
6,5.0,8,1200
6,6.0,8,1200
6,7.0,8,1200
6,8.0,8,1200
6,9.0,8,1200
6,10.0,8,1200
6,11.0,8,1200
6,12.0,8,1200
6,13.0,8,1200
6,14.0,8,1200
6,15.0,8,1200
6,16.0,8,1200
6,17.0,8,1200
6,18.0,8,1200
6,19.0,8,1200
6,20.0,8,1200
6,21.0,8,1200
6,22.0,8,1200
6,23.0,8,1200
6,24.0,8,1200
6,25.0,8,1304
6,26.0,8,1304
6,27.0,10,1304
6,28.0,10,1304
6,29.0,15,1865
6,30.0,15,1865
6,31.0,15,1865
6,32.0,15,1865
6,33.0,15,1865
6,34.0,15,1865
6,35.0,22,1865
6,36.0,22,1865
6,37.0,22,1865
6,38.0,26,1865
6,39.0,26,1865
6,40.0,26,1865
6,41.0,26,1865
6,42.0,26,1865
6,43.0,26,1865
6,44.0,26,2831
6,45.0,26,2831
6,46.0,26,2831
6,47.0,26,2831
6,48.0,30,2831
6,49.0,36,2831
6,50.0,36,2831
6,51.0,36,2831
6,52.0,42,2831
6,53.0,45,2831
6,54.0,51,2831
6,55.0,50,2831
6,56.0,48,2831
6,57.0,48,2831
6,58.0,44,2831
6,59.0,44,2831
6,60.0,43,2831
6,61.0,43,2831
6,62.0,43,2831
6,63.0,43,2831
6,64.0,43,2831
6,65.0,43,2831
6,66.0,43,2831
6,67.0,43,2831
6,68.0,43,2831
6,69.0,48,5306
6,70.0,48,5306
6,71.0,55,5329
6,72.0,55,5329
6,73.0,55,5329
6,74.0,55,5329
6,75.0,55,5329
6,76.0,55,5329
6,77.0,53,5329
6,78.0,53,5329
6,79.0,62,5329
6,80.0,78,5756
6,81.0,76,5756
6,82.0,76,5756
6,83.0,76,5756
6,84.0,67,5756
6,85.0,67,5756
6,86.0,65,5756
6,87.0,65,5756
6,88.0,63,5756
6,89.0,63,5756
6,90.0,61,5756
6,91.0,61,5756
6,92.0,61,5756
6,93.0,61,5756
6,94.0,59,5756
6,95.0,45,5756
6,96.0,45,5756
6,97.0,45,5756
6,98.0,45,5756
6,99.0,45,5756
6,100.0,45,5756
6,101.0,40,5756
6,102.0,51,7169
6,103.0,51,7169
6,104.0,60,7169
6,105.0,74,7169
6,106.0,74,7169
6,107.0,74,7169
6,108.0,73,7169
6,109.0,73,7169
6,110.0,73,7169
6,111.0,73,7169
6,112.0,73,7169
6,113.0,73,7169
6,114.0,85,7169
6,115.0,85,7169
6,116.0,85,7169
6,117.0,56,7169
6,118.0,56,7169
6,119.0,56,7169
6,120.0,56,7169
6,121.0,56,7169
6,122.0,56,7169
6,123.0,56,7169
6,124.0,56,7169
6,125.0,56,7169
6,126.0,56,7169
6,127.0,56,7169
6,128.0,56,7169
6,129.0,56,7169
6,130.0,56,7169
6,131.0,56,7169
6,132.0,56,7169
6,133.0,56,7169
6,134.0,56,7169
6,135.0,56,7169
6,136.0,56,7169
6,137.0,56,7169
6,138.0,56,7169
6,139.0,56,7169
6,140.0,56,7169
6,141.0,56,7169
6,142.0,56,7169
6,143.0,56,7169
6,144.0,56,7169
6,145.0,56,7169
6,146.0,56,7169
6,147.0,56,7169
6,148.0,56,7169
6,149.0,56,7169
6,150.0,56,7169
6,151.0,56,7169
6,152.0,56,7169
6,153.0,56,7169
6,154.0,56,7169
6,155.0,56,7169
6,156.0,56,7169
6,157.0,56,7169
6,158.0,56,7169
6,159.0,56,7169
6,160.0,56,7169
6,161.0,56,7169
6,162.0,56,7169
6,163.0,56,7169
6,164.0,56,7169
6,165.0,56,7169
6,166.0,56,7169
8,1.0,8,1200
8,2.0,8,1200
8,3.0,8,1200
8,4.0,8,1200
8,5.0,8,1200
8,6.0,8,1200
8,7.0,8,1200
8,8.0,8,1200
8,9.0,8,1200
8,10.0,8,1200
8,11.0,8,1200
8,12.0,8,1200
8,13.0,8,1200
8,14.0,8,1200
8,15.0,8,1200
8,16.0,8,1200
8,17.0,8,1200
8,18.0,8,1200
8,19.0,8,1200
8,20.0,8,1200
8,21.0,8,1200
8,22.0,8,1200
8,23.0,8,1200
8,24.0,8,1200
8,25.0,8,1279
8,26.0,8,1279
8,27.0,8,1279
8,28.0,8,1279
8,29.0,10,1759
8,30.0,10,1759
8,31.0,10,1759
8,32.0,10,1759
8,33.0,10,1759
8,34.0,10,1759
8,35.0,15,1759
8,36.0,15,1759
8,37.0,15,1759
8,38.0,22,1759
8,39.0,22,1759
8,40.0,22,1759
8,41.0,22,1759
8,42.0,22,1759
8,43.0,22,1759
8,44.0,22,2761
8,45.0,22,2761
8,46.0,22,2761
8,47.0,22,2761
8,48.0,26,2761
8,49.0,30,2761
8,50.0,30,2761
8,51.0,30,2761
8,52.0,38,2761
8,53.0,44,2761
8,54.0,47,2761
8,55.0,46,2761
8,56.0,44,2761
8,57.0,44,2761
8,58.0,42,2761
8,59.0,42,2761
8,60.0,39,2761
8,61.0,39,2761
8,62.0,39,2761
8,63.0,39,2761
8,64.0,39,2761
8,65.0,39,2761
8,66.0,39,2761
8,67.0,39,2761
8,68.0,39,2761
8,69.0,48,4967
8,70.0,48,4967
8,71.0,52,4986
8,72.0,52,4986
8,73.0,52,4986
8,74.0,52,4986
8,75.0,52,4986
8,76.0,52,4986
8,77.0,51,4986
8,78.0,51,4986
8,79.0,61,4986
8,80.0,75,5324
8,81.0,75,5324
8,82.0,75,5324
8,83.0,75,5324
8,84.0,58,5324
8,85.0,58,5324
8,86.0,57,5324
8,87.0,57,5324
8,88.0,56,5324
8,89.0,56,5324
8,90.0,55,5324
8,91.0,55,5324
8,92.0,55,5324
8,93.0,55,5324
8,94.0,55,5324
8,95.0,42,5324
8,96.0,42,5324
8,97.0,42,5324
8,98.0,42,5324
8,99.0,42,5324
8,100.0,42,5324
8,101.0,40,5324
8,102.0,56,6638
8,103.0,56,6638
8,104.0,63,6638
8,105.0,68,6638
8,106.0,68,6638
8,107.0,68,6638
8,108.0,67,6638
8,109.0,67,6638
8,110.0,67,6638
8,111.0,67,6638
8,112.0,67,6638
8,113.0,67,6638
8,114.0,76,6638
8,115.0,76,6638
8,116.0,75,6638
8,117.0,55,6638
8,118.0,55,6638
8,119.0,55,6638
8,120.0,55,6638
8,121.0,55,6638
8,122.0,55,6638
8,123.0,55,6638
8,124.0,55,6638
8,125.0,55,6638
8,126.0,55,6638
8,127.0,55,6638
8,128.0,55,6638
8,129.0,55,6638
8,130.0,55,6638
8,131.0,55,6638
8,132.0,55,6638
8,133.0,55,6638
8,134.0,55,6638
8,135.0,55,6638
8,136.0,55,6638
8,137.0,55,6638
8,138.0,55,6638
8,139.0,55,6638
8,140.0,55,6638
8,141.0,55,6638
8,142.0,55,6638
8,143.0,55,6638
8,144.0,55,6638
8,145.0,55,6638
8,146.0,55,6638
8,147.0,55,6638
8,148.0,55,6638
8,149.0,55,6638
8,150.0,55,6638
8,151.0,55,6638
8,152.0,55,6638
8,153.0,55,6638
8,154.0,55,6638
8,155.0,55,6638
8,156.0,55,6638
8,157.0,55,6638
8,158.0,55,6638
8,159.0,55,6638
8,160.0,55,6638
8,161.0,55,6638
8,162.0,55,6638
8,163.0,55,6638
8,164.0,55,6638
8,165.0,55,6638
8,166.0,55,6638
10,1.0,8,1200
10,2.0,8,1200
10,3.0,8,1200
10,4.0,8,1200
10,5.0,8,1200
10,6.0,8,1200
10,7.0,8,1200
10,8.0,8,1200
10,9.0,8,1200
10,10.0,8,1200
10,11.0,8,1200
10,12.0,8,1200
10,13.0,8,1200
10,14.0,8,1200
10,15.0,8,1200
10,16.0,8,1200
10,17.0,8,1200
10,18.0,8,1200
10,19.0,8,1200
10,20.0,8,1200
10,21.0,8,1200
10,22.0,8,1200
10,23.0,8,1200
10,24.0,8,1200
10,25.0,8,1292
10,26.0,8,1292
10,27.0,10,1292
10,28.0,10,1292
10,29.0,16,1891
10,30.0,16,1891
10,31.0,16,1891
10,32.0,16,1891
10,33.0,16,1891
10,34.0,16,1891
10,35.0,19,1891
10,36.0,19,1891
10,37.0,19,1891
10,38.0,23,1891
10,39.0,23,1891
10,40.0,23,1891
10,41.0,23,1891
10,42.0,23,1891
10,43.0,23,1891
10,44.0,23,2778
10,45.0,23,2778
10,46.0,23,2778
10,47.0,23,2778
10,48.0,30,2778
10,49.0,40,2778
10,50.0,40,2778
10,51.0,40,2778
10,52.0,47,2778
10,53.0,52,2778
10,54.0,60,2778
10,55.0,55,2778
10,56.0,55,2778
10,57.0,55,2778
10,58.0,54,2778
10,59.0,54,2778
10,60.0,52,2778
10,61.0,52,2778
10,62.0,52,2778
10,63.0,52,2778
10,64.0,52,2778
10,65.0,52,2778
10,66.0,52,2778
10,67.0,52,2778
10,68.0,52,2778
10,69.0,58,5276
10,70.0,58,5276
10,71.0,67,5298
10,72.0,67,5298
10,73.0,67,5298
10,74.0,67,5298
10,75.0,67,5298
10,76.0,65,5298
10,77.0,61,5298
10,78.0,61,5298
10,79.0,78,5298
10,80.0,94,5666
10,81.0,94,5666
10,82.0,94,5666
10,83.0,94,5666
10,84.0,81,5666
10,85.0,81,5666
10,86.0,81,5666
10,87.0,81,5666
10,88.0,81,5666
10,89.0,81,5666
10,90.0,79,5666
10,91.0,79,5666
10,92.0,77,5666
10,93.0,77,5666
10,94.0,76,5666
10,95.0,60,5666
10,96.0,60,5666
10,97.0,60,5666
10,98.0,60,5666
10,99.0,60,5666
10,100.0,60,5666
10,101.0,55,5666
10,102.0,71,7042
10,103.0,71,7042
10,104.0,78,7042
10,105.0,89,7042
10,106.0,88,7042
10,107.0,88,7042
10,108.0,87,7042
10,109.0,86,7042
10,110.0,86,7042
10,111.0,86,7042
10,112.0,86,7042
10,113.0,86,7042
10,114.0,92,7042
10,115.0,92,7042
10,116.0,91,7042
10,117.0,68,7042
10,118.0,68,7042
10,119.0,68,7042
10,120.0,68,7042
10,121.0,68,7042
10,122.0,68,7042
10,123.0,68,7042
10,124.0,68,7042
10,125.0,68,7042
10,126.0,68,7042
10,127.0,68,7042
10,128.0,68,7042
10,129.0,68,7042
10,130.0,68,7042
10,131.0,68,7042
10,132.0,68,7042
10,133.0,68,7042
10,134.0,68,7042
10,135.0,68,7042
10,136.0,68,7042
10,137.0,68,7042
10,138.0,68,7042
10,139.0,68,7042
10,140.0,68,7042
10,141.0,68,7042
10,142.0,68,7042
10,143.0,68,7042
10,144.0,68,7042
10,145.0,68,7042
10,146.0,68,7042
10,147.0,68,7042
10,148.0,68,7042
10,149.0,68,7042
10,150.0,68,7042
10,151.0,68,7042
10,152.0,68,7042
10,153.0,68,7042
10,154.0,68,7042
10,155.0,68,7042
10,156.0,68,7042
10,157.0,68,7042
10,158.0,68,7042
10,159.0,68,7042
10,160.0,68,7042
10,161.0,68,7042
10,162.0,68,7042
10,163.0,68,7042
10,164.0,68,7042
10,165.0,68,7042
10,166.0,68,7042
