"run","tick","GRCount","STCount"
1,1.0,20,600
1,2.0,20,600
1,3.0,20,600
1,4.0,20,600
1,5.0,20,600
1,6.0,20,600
1,7.0,20,600
1,8.0,20,600
1,9.0,20,600
1,10.0,20,600
1,11.0,20,600
1,12.0,20,600
1,13.0,20,600
1,14.0,20,600
1,15.0,20,600
1,16.0,20,600
1,17.0,20,600
1,18.0,20,600
1,19.0,20,600
1,20.0,20,600
1,21.0,20,600
1,22.0,20,600
1,23.0,20,600
1,24.0,20,600
1,25.0,20,600
1,26.0,20,678
1,27.0,32,678
1,28.0,32,678
1,29.0,56,678
1,30.0,56,678
1,31.0,56,678
1,32.0,56,678
1,33.0,56,678
1,34.0,56,678
1,35.0,96,678
1,36.0,96,678
1,37.0,96,678
1,38.0,122,678
1,39.0,122,678
1,40.0,122,678
1,41.0,122,678
1,42.0,122,678
1,43.0,122,678
1,44.0,122,678
1,45.0,122,4290
1,46.0,122,4290
1,47.0,122,4290
1,48.0,178,4290
1,49.0,224,4290
1,50.0,224,4290
1,51.0,224,4290
1,52.0,303,4290
1,53.0,375,4290
1,54.0,375,4290
1,55.0,375,4290
1,56.0,375,4290
1,57.0,375,4290
1,58.0,375,4290
1,59.0,375,4290
1,60.0,375,4290
1,61.0,375,4290
1,62.0,375,4290
1,63.0,375,4290
1,64.0,375,4290
1,65.0,375,4290
1,66.0,375,4290
1,67.0,375,4290
1,68.0,375,4290
1,69.0,531,4290
1,70.0,531,5180
1,71.0,689,5180
1,72.0,689,6330
1,73.0,689,6330
1,74.0,689,6330
1,75.0,689,6330
1,76.0,689,6330
1,77.0,689,6330
1,78.0,689,6330
1,79.0,1177,6330
1,80.0,1662,6330
1,81.0,1662,8773
1,82.0,1662,8773
1,83.0,1662,8773
1,84.0,1564,8773
1,85.0,1564,8773
1,86.0,1564,8773
1,87.0,1564,8773
1,88.0,1564,8773
1,89.0,1564,8773
1,90.0,1564,8773
1,91.0,1564,8773
1,92.0,1564,8773
1,93.0,1564,8773
1,94.0,1564,8773
1,95.0,1399,8773
1,96.0,1399,8773
1,97.0,1399,8773
1,98.0,1399,8773
1,99.0,1399,8773
1,100.0,1399,8773
1,101.0,2848,8773
1,102.0,4200,8773
1,103.0,4200,8773
1,104.0,4282,14081
1,105.0,4354,14081
1,106.0,4354,14081
1,107.0,4354,14081
1,108.0,4354,14081
1,109.0,4354,14081
1,110.0,4354,14081
1,111.0,4354,14081
1,112.0,4354,14081
1,113.0,4422,14081
1,114.0,4422,14081
1,115.0,4422,14081
1,116.0,4422,14081
1,117.0,3142,14081
1,118.0,3142,14081
1,119.0,3142,14081
1,120.0,3142,14081
1,121.0,3142,14081
1,122.0,3142,14081
1,123.0,3142,14081
1,124.0,3142,14081
1,125.0,3142,14081
1,126.0,3142,14081
1,127.0,3142,14081
1,128.0,3142,14081
1,129.0,3142,14081
1,130.0,3142,14081
1,131.0,3142,14081
1,132.0,3142,14081
1,133.0,3142,14081
1,134.0,3142,14081
1,135.0,3142,14081
1,136.0,3142,14081
1,137.0,3142,14081
1,138.0,3142,14081
1,139.0,3142,14081
1,140.0,3142,14081
1,141.0,3142,14081
1,142.0,3142,14081
1,143.0,3142,14081
1,144.0,3142,14081
1,145.0,3142,14081
1,146.0,3142,14081
1,147.0,3142,14081
1,148.0,3142,14081
1,149.0,3142,14081
1,150.0,3142,14081
1,151.0,3142,14081
1,152.0,3142,14081
1,153.0,3142,14081
1,154.0,3142,14081
1,155.0,3142,14081
1,156.0,3142,14081
1,157.0,3142,14081
1,158.0,3142,14081
1,159.0,3142,14081
1,160.0,3142,14081
1,161.0,3142,14081
1,162.0,3142,14081
1,163.0,3142,14081
1,164.0,3142,14081
1,165.0,3142,14081
1,166.0,3142,14081
2,1.0,20,600
2,2.0,20,600
2,3.0,20,600
2,4.0,20,600
2,5.0,20,600
2,6.0,20,600
2,7.0,20,600
2,8.0,20,600
2,9.0,20,600
2,10.0,20,600
2,11.0,20,600
2,12.0,20,600
2,13.0,20,600
2,14.0,20,600
2,15.0,20,600
2,16.0,20,600
2,17.0,20,600
2,18.0,20,600
2,19.0,20,600
2,20.0,20,600
2,21.0,20,600
2,22.0,20,600
2,23.0,20,600
2,24.0,20,600
2,25.0,20,600
2,26.0,20,696
2,27.0,34,696
2,28.0,34,696
2,29.0,60,696
2,30.0,60,696
2,31.0,60,696
2,32.0,60,696
2,33.0,60,696
2,34.0,60,696
2,35.0,100,696
2,36.0,100,696
2,37.0,100,696
2,38.0,125,696
2,39.0,125,696
2,40.0,125,696
2,41.0,125,696
2,42.0,125,696
2,43.0,125,696
2,44.0,125,696
2,45.0,125,4320
2,46.0,125,4320
2,47.0,125,4320
2,48.0,188,4320
2,49.0,249,4320
2,50.0,249,4320
2,51.0,249,4320
2,52.0,331,4320
2,53.0,414,4320
2,54.0,414,4320
2,55.0,414,4320
2,56.0,414,4320
2,57.0,414,4320
2,58.0,414,4320
2,59.0,414,4320
2,60.0,414,4320
2,61.0,414,4320
2,62.0,414,4320
2,63.0,414,4320
2,64.0,414,4320
2,65.0,414,4320
2,66.0,414,4320
2,67.0,414,4320
2,68.0,414,4320
2,69.0,573,4320
2,70.0,573,5191
2,71.0,729,5191
2,72.0,729,6362
2,73.0,729,6362
2,74.0,729,6362
2,75.0,729,6362
2,76.0,729,6362
2,77.0,729,6362
2,78.0,729,6362
2,79.0,1269,6362
2,80.0,1837,6362
2,81.0,1837,8769
2,82.0,1837,8769
2,83.0,1837,8769
2,84.0,1727,8769
2,85.0,1727,8769
2,86.0,1727,8769
2,87.0,1727,8769
2,88.0,1727,8769
2,89.0,1727,8769
2,90.0,1727,8769
2,91.0,1727,8769
2,92.0,1727,8769
2,93.0,1727,8769
2,94.0,1727,8769
2,95.0,1533,8769
2,96.0,1533,8769
2,97.0,1533,8769
2,98.0,1533,8769
2,99.0,1533,8769
2,100.0,1533,8769
2,101.0,3190,8769
2,102.0,4687,8769
2,103.0,4687,8769
2,104.0,4780,13994
2,105.0,4871,13994
2,106.0,4871,13994
2,107.0,4871,13994
2,108.0,4871,13994
2,109.0,4871,13994
2,110.0,4871,13994
2,111.0,4871,13994
2,112.0,4871,13994
2,113.0,4951,13994
2,114.0,4951,13994
2,115.0,4951,13994
2,116.0,4951,13994
2,117.0,3502,13994
2,118.0,3502,13994
2,119.0,3502,13994
2,120.0,3502,13994
2,121.0,3502,13994
2,122.0,3502,13994
2,123.0,3502,13994
2,124.0,3502,13994
2,125.0,3502,13994
2,126.0,3502,13994
2,127.0,3502,13994
2,128.0,3502,13994
2,129.0,3502,13994
2,130.0,3502,13994
2,131.0,3502,13994
2,132.0,3502,13994
2,133.0,3502,13994
2,134.0,3502,13994
2,135.0,3502,13994
2,136.0,3502,13994
2,137.0,3502,13994
2,138.0,3502,13994
2,139.0,3502,13994
2,140.0,3502,13994
2,141.0,3502,13994
2,142.0,3502,13994
2,143.0,3502,13994
2,144.0,3502,13994
2,145.0,3502,13994
2,146.0,3502,13994
2,147.0,3502,13994
2,148.0,3502,13994
2,149.0,3502,13994
2,150.0,3502,13994
2,151.0,3502,13994
2,152.0,3502,13994
2,153.0,3502,13994
2,154.0,3502,13994
2,155.0,3502,13994
2,156.0,3502,13994
2,157.0,3502,13994
2,158.0,3502,13994
2,159.0,3502,13994
2,160.0,3502,13994
2,161.0,3502,13994
2,162.0,3502,13994
2,163.0,3502,13994
2,164.0,3502,13994
2,165.0,3502,13994
2,166.0,3502,13994
3,1.0,20,600
3,2.0,20,600
3,3.0,20,600
3,4.0,20,600
3,5.0,20,600
3,6.0,20,600
3,7.0,20,600
3,8.0,20,600
3,9.0,20,600
3,10.0,20,600
3,11.0,20,600
3,12.0,20,600
3,13.0,20,600
3,14.0,20,600
3,15.0,20,600
3,16.0,20,600
3,17.0,20,600
3,18.0,20,600
3,19.0,20,600
3,20.0,20,600
3,21.0,20,600
3,22.0,20,600
3,23.0,20,600
3,24.0,20,600
3,25.0,20,600
3,26.0,20,708
3,27.0,30,708
3,28.0,30,708
3,29.0,49,708
3,30.0,49,708
3,31.0,49,708
3,32.0,49,708
3,33.0,49,708
3,34.0,49,708
3,35.0,89,708
3,36.0,89,708
3,37.0,89,708
3,38.0,118,708
3,39.0,118,708
3,40.0,118,708
3,41.0,118,708
3,42.0,118,708
3,43.0,118,708
3,44.0,118,708
3,45.0,118,4314
3,46.0,118,4314
3,47.0,118,4314
3,48.0,167,4314
3,49.0,214,4314
3,50.0,214,4314
3,51.0,214,4314
3,52.0,272,4314
3,53.0,327,4314
3,54.0,327,4314
3,55.0,327,4314
3,56.0,327,4314
3,57.0,327,4314
3,58.0,327,4314
3,59.0,327,4314
3,60.0,327,4314
3,61.0,327,4314
3,62.0,327,4314
3,63.0,327,4314
3,64.0,327,4314
3,65.0,327,4314
3,66.0,327,4314
3,67.0,327,4314
3,68.0,327,4314
3,69.0,487,4314
3,70.0,487,5146
3,71.0,652,5146
3,72.0,652,6340
3,73.0,652,6340
3,74.0,652,6340
3,75.0,652,6340
3,76.0,652,6340
3,77.0,652,6340
3,78.0,652,6340
3,79.0,1091,6340
3,80.0,1494,6340
3,81.0,1494,8832
3,82.0,1494,8832
3,83.0,1494,8832
3,84.0,1411,8832
3,85.0,1411,8832
3,86.0,1411,8832
3,87.0,1411,8832
3,88.0,1411,8832
3,89.0,1411,8832
3,90.0,1411,8832
3,91.0,1411,8832
3,92.0,1411,8832
3,93.0,1411,8832
3,94.0,1411,8832
3,95.0,1269,8832
3,96.0,1269,8832
3,97.0,1269,8832
3,98.0,1269,8832
3,99.0,1269,8832
3,100.0,1269,8832
3,101.0,2591,8832
3,102.0,3755,8832
3,103.0,3755,8832
3,104.0,4936,13920
3,105.0,6117,13920
3,106.0,6117,13920
3,107.0,6117,13920
3,108.0,6117,13920
3,109.0,6117,13920
3,110.0,6117,13920
3,111.0,6117,13920
3,112.0,6117,13920
3,113.0,6194,13920
3,114.0,6194,13920
3,115.0,6194,13920
3,116.0,6194,13920
3,117.0,4401,13920
3,118.0,4401,13920
3,119.0,4401,13920
3,120.0,4401,13920
3,121.0,4401,13920
3,122.0,4401,13920
3,123.0,4401,13920
3,124.0,4401,13920
3,125.0,4401,13920
3,126.0,4401,13920
3,127.0,4401,13920
3,128.0,4401,13920
3,129.0,4401,13920
3,130.0,4401,13920
3,131.0,4401,13920
3,132.0,4401,13920
3,133.0,4401,13920
3,134.0,4401,13920
3,135.0,4401,13920
3,136.0,4401,13920
3,137.0,4401,13920
3,138.0,4401,13920
3,139.0,4401,13920
3,140.0,4401,13920
3,141.0,4401,13920
3,142.0,4401,13920
3,143.0,4401,13920
3,144.0,4401,13920
3,145.0,4401,13920
3,146.0,4401,13920
3,147.0,4401,13920
3,148.0,4401,13920
3,149.0,4401,13920
3,150.0,4401,13920
3,151.0,4401,13920
3,152.0,4401,13920
3,153.0,4401,13920
3,154.0,4401,13920
3,155.0,4401,13920
3,156.0,4401,13920
3,157.0,4401,13920
3,158.0,4401,13920
3,159.0,4401,13920
3,160.0,4401,13920
3,161.0,4401,13920
3,162.0,4401,13920
3,163.0,4401,13920
3,164.0,4401,13920
3,165.0,4401,13920
3,166.0,4401,13920
4,1.0,20,600
4,2.0,20,600
4,3.0,20,600
4,4.0,20,600
4,5.0,20,600
4,6.0,20,600
4,7.0,20,600
4,8.0,20,600
4,9.0,20,600
4,10.0,20,600
4,11.0,20,600
4,12.0,20,600
4,13.0,20,600
4,14.0,20,600
4,15.0,20,600
4,16.0,20,600
4,17.0,20,600
4,18.0,20,600
4,19.0,20,600
4,20.0,20,600
4,21.0,20,600
4,22.0,20,600
4,23.0,20,600
4,24.0,20,600
4,25.0,20,600
4,26.0,20,708
4,27.0,34,708
4,28.0,34,708
4,29.0,52,708
4,30.0,52,708
4,31.0,52,708
4,32.0,52,708
4,33.0,52,708
4,34.0,52,708
4,35.0,92,708
4,36.0,92,708
4,37.0,92,708
4,38.0,119,708
4,39.0,119,708
4,40.0,119,708
4,41.0,119,708
4,42.0,119,708
4,43.0,119,708
4,44.0,119,708
4,45.0,119,4344
4,46.0,119,4344
4,47.0,119,4344
4,48.0,169,4344
4,49.0,221,4344
4,50.0,221,4344
4,51.0,221,4344
4,52.0,288,4344
4,53.0,358,4344
4,54.0,358,4344
4,55.0,358,4344
4,56.0,358,4344
4,57.0,358,4344
4,58.0,358,4344
4,59.0,358,4344
4,60.0,358,4344
4,61.0,358,4344
4,62.0,358,4344
4,63.0,358,4344
4,64.0,358,4344
4,65.0,358,4344
4,66.0,358,4344
4,67.0,358,4344
4,68.0,358,4344
4,69.0,520,4344
4,70.0,520,5224
4,71.0,677,5224
4,72.0,677,6400
4,73.0,677,6400
4,74.0,677,6400
4,75.0,677,6400
4,76.0,677,6400
4,77.0,677,6400
4,78.0,677,6400
4,79.0,1135,6400
4,80.0,1605,6400
4,81.0,1605,8901
4,82.0,1605,8901
4,83.0,1605,8901
4,84.0,1513,8901
4,85.0,1513,8901
4,86.0,1513,8901
4,87.0,1513,8901
4,88.0,1513,8901
4,89.0,1513,8901
4,90.0,1513,8901
4,91.0,1513,8901
4,92.0,1513,8901
4,93.0,1513,8901
4,94.0,1513,8901
4,95.0,1366,8901
4,96.0,1366,8901
4,97.0,1366,8901
4,98.0,1366,8901
4,99.0,1366,8901
4,100.0,1366,8901
4,101.0,2753,8901
4,102.0,4030,8901
4,103.0,4030,8901
4,104.0,5301,14101
4,105.0,5361,14101
4,106.0,5361,14101
4,107.0,5361,14101
4,108.0,5361,14101
4,109.0,5361,14101
4,110.0,5361,14101
4,111.0,5361,14101
4,112.0,5361,14101
4,113.0,5452,14101
4,114.0,5452,14101
4,115.0,5452,14101
4,116.0,5452,14101
4,117.0,3906,14101
4,118.0,3906,14101
4,119.0,3906,14101
4,120.0,3906,14101
4,121.0,3906,14101
4,122.0,3906,14101
4,123.0,3906,14101
4,124.0,3906,14101
4,125.0,3906,14101
4,126.0,3906,14101
4,127.0,3906,14101
4,128.0,3906,14101
4,129.0,3906,14101
4,130.0,3906,14101
4,131.0,3906,14101
4,132.0,3906,14101
4,133.0,3906,14101
4,134.0,3906,14101
4,135.0,3906,14101
4,136.0,3906,14101
4,137.0,3906,14101
4,138.0,3906,14101
4,139.0,3906,14101
4,140.0,3906,14101
4,141.0,3906,14101
4,142.0,3906,14101
4,143.0,3906,14101
4,144.0,3906,14101
4,145.0,3906,14101
4,146.0,3906,14101
4,147.0,3906,14101
4,148.0,3906,14101
4,149.0,3906,14101
4,150.0,3906,14101
4,151.0,3906,14101
4,152.0,3906,14101
4,153.0,3906,14101
4,154.0,3906,14101
4,155.0,3906,14101
4,156.0,3906,14101
4,157.0,3906,14101
4,158.0,3906,14101
4,159.0,3906,14101
4,160.0,3906,14101
4,161.0,3906,14101
4,162.0,3906,14101
4,163.0,3906,14101
4,164.0,3906,14101
4,165.0,3906,14101
4,166.0,3906,14101
5,1.0,20,600
5,2.0,20,600
5,3.0,20,600
5,4.0,20,600
5,5.0,20,600
5,6.0,20,600
5,7.0,20,600
5,8.0,20,600
5,9.0,20,600
5,10.0,20,600
5,11.0,20,600
5,12.0,20,600
5,13.0,20,600
5,14.0,20,600
5,15.0,20,600
5,16.0,20,600
5,17.0,20,600
5,18.0,20,600
5,19.0,20,600
5,20.0,20,600
5,21.0,20,600
5,22.0,20,600
5,23.0,20,600
5,24.0,20,600
5,25.0,20,600
5,26.0,20,666
5,27.0,29,666
5,28.0,29,666
5,29.0,47,666
5,30.0,47,666
5,31.0,47,666
5,32.0,47,666
5,33.0,47,666
5,34.0,47,666
5,35.0,87,666
5,36.0,87,666
5,37.0,87,666
5,38.0,107,666
5,39.0,107,666
5,40.0,107,666
5,41.0,107,666
5,42.0,107,666
5,43.0,107,666
5,44.0,107,666
5,45.0,107,4278
5,46.0,107,4278
5,47.0,107,4278
5,48.0,159,4278
5,49.0,218,4278
5,50.0,218,4278
5,51.0,218,4278
5,52.0,273,4278
5,53.0,336,4278
5,54.0,336,4278
5,55.0,336,4278
5,56.0,336,4278
5,57.0,336,4278
5,58.0,336,4278
5,59.0,336,4278
5,60.0,336,4278
5,61.0,336,4278
5,62.0,336,4278
5,63.0,336,4278
5,64.0,336,4278
5,65.0,336,4278
5,66.0,336,4278
5,67.0,336,4278
5,68.0,336,4278
5,69.0,488,4278
5,70.0,488,5092
5,71.0,611,5092
5,72.0,611,6200
5,73.0,611,6200
5,74.0,611,6200
5,75.0,611,6200
5,76.0,611,6200
5,77.0,611,6200
5,78.0,611,6200
5,79.0,1036,6200
5,80.0,1488,6200
5,81.0,1488,8620
5,82.0,1488,8620
5,83.0,1488,8620
5,84.0,1404,8620
5,85.0,1404,8620
5,86.0,1404,8620
5,87.0,1404,8620
5,88.0,1404,8620
5,89.0,1404,8620
5,90.0,1404,8620
5,91.0,1404,8620
5,92.0,1404,8620
5,93.0,1404,8620
5,94.0,1404,8620
5,95.0,1245,8620
5,96.0,1245,8620
5,97.0,1245,8620
5,98.0,1245,8620
5,99.0,1245,8620
5,100.0,1245,8620
5,101.0,2517,8620
5,102.0,3660,8620
5,103.0,3660,8620
5,104.0,4835,13639
5,105.0,5992,13639
5,106.0,5992,13639
5,107.0,5992,13639
5,108.0,5992,13639
5,109.0,5992,13639
5,110.0,5992,13639
5,111.0,5992,13639
5,112.0,5992,13639
5,113.0,6054,13639
5,114.0,6054,13639
5,115.0,6054,13639
5,116.0,6054,13639
5,117.0,4381,13639
5,118.0,4381,13639
5,119.0,4381,13639
5,120.0,4381,13639
5,121.0,4381,13639
5,122.0,4381,13639
5,123.0,4381,13639
5,124.0,4381,13639
5,125.0,4381,13639
5,126.0,4381,13639
5,127.0,4381,13639
5,128.0,4381,13639
5,129.0,4381,13639
5,130.0,4381,13639
5,131.0,4381,13639
5,132.0,4381,13639
5,133.0,4381,13639
5,134.0,4381,13639
5,135.0,4381,13639
5,136.0,4381,13639
5,137.0,4381,13639
5,138.0,4381,13639
5,139.0,4381,13639
5,140.0,4381,13639
5,141.0,4381,13639
5,142.0,4381,13639
5,143.0,4381,13639
5,144.0,4381,13639
5,145.0,4381,13639
5,146.0,4381,13639
5,147.0,4381,13639
5,148.0,4381,13639
5,149.0,4381,13639
5,150.0,4381,13639
5,151.0,4381,13639
5,152.0,4381,13639
5,153.0,4381,13639
5,154.0,4381,13639
5,155.0,4381,13639
5,156.0,4381,13639
5,157.0,4381,13639
5,158.0,4381,13639
5,159.0,4381,13639
5,160.0,4381,13639
5,161.0,4381,13639
5,162.0,4381,13639
5,163.0,4381,13639
5,164.0,4381,13639
5,165.0,4381,13639
5,166.0,4381,13639
6,1.0,20,600
6,2.0,20,600
6,3.0,20,600
6,4.0,20,600
6,5.0,20,600
6,6.0,20,600
6,7.0,20,600
6,8.0,20,600
6,9.0,20,600
6,10.0,20,600
6,11.0,20,600
6,12.0,20,600
6,13.0,20,600
6,14.0,20,600
6,15.0,20,600
6,16.0,20,600
6,17.0,20,600
6,18.0,20,600
6,19.0,20,600
6,20.0,20,600
6,21.0,20,600
6,22.0,20,600
6,23.0,20,600
6,24.0,20,600
6,25.0,20,600
6,26.0,20,708
6,27.0,31,708
6,28.0,31,708
6,29.0,47,708
6,30.0,47,708
6,31.0,47,708
6,32.0,47,708
6,33.0,47,708
6,34.0,47,708
6,35.0,87,708
6,36.0,87,708
6,37.0,87,708
6,38.0,115,708
6,39.0,115,708
6,40.0,115,708
6,41.0,115,708
6,42.0,115,708
6,43.0,115,708
6,44.0,115,708
6,45.0,115,4314
6,46.0,115,4314
6,47.0,115,4314
6,48.0,170,4314
6,49.0,226,4314
6,50.0,226,4314
6,51.0,226,4314
6,52.0,291,4314
6,53.0,353,4314
6,54.0,353,4314
6,55.0,353,4314
6,56.0,353,4314
6,57.0,353,4314
6,58.0,353,4314
6,59.0,353,4314
6,60.0,353,4314
6,61.0,353,4314
6,62.0,353,4314
6,63.0,353,4314
6,64.0,353,4314
6,65.0,353,4314
6,66.0,353,4314
6,67.0,353,4314
6,68.0,353,4314
6,69.0,511,4314
6,70.0,511,5208
6,71.0,663,5208
6,72.0,663,6404
6,73.0,663,6404
6,74.0,663,6404
6,75.0,663,6404
6,76.0,663,6404
6,77.0,663,6404
6,78.0,663,6404
6,79.0,1111,6404
6,80.0,1577,6404
6,81.0,1577,8881
6,82.0,1577,8881
6,83.0,1577,8881
6,84.0,1489,8881
6,85.0,1489,8881
6,86.0,1489,8881
6,87.0,1489,8881
6,88.0,1489,8881
6,89.0,1489,8881
6,90.0,1489,8881
6,91.0,1489,8881
6,92.0,1489,8881
6,93.0,1489,8881
6,94.0,1489,8881
6,95.0,1336,8881
6,96.0,1336,8881
6,97.0,1336,8881
6,98.0,1336,8881
6,99.0,1336,8881
6,100.0,1336,8881
6,101.0,2687,8881
6,102.0,3935,8881
6,103.0,3935,8881
6,104.0,5153,14050
6,105.0,6382,14050
6,106.0,6382,14050
6,107.0,6382,14050
6,108.0,6382,14050
6,109.0,6382,14050
6,110.0,6382,14050
6,111.0,6382,14050
6,112.0,6382,14050
6,113.0,6468,14050
6,114.0,6468,14050
6,115.0,6468,14050
6,116.0,6468,14050
6,117.0,4660,14050
6,118.0,4660,14050
6,119.0,4660,14050
6,120.0,4660,14050
6,121.0,4660,14050
6,122.0,4660,14050
6,123.0,4660,14050
6,124.0,4660,14050
6,125.0,4660,14050
6,126.0,4660,14050
6,127.0,4660,14050
6,128.0,4660,14050
6,129.0,4660,14050
6,130.0,4660,14050
6,131.0,4660,14050
6,132.0,4660,14050
6,133.0,4660,14050
6,134.0,4660,14050
6,135.0,4660,14050
6,136.0,4660,14050
6,137.0,4660,14050
6,138.0,4660,14050
6,139.0,4660,14050
6,140.0,4660,14050
6,141.0,4660,14050
6,142.0,4660,14050
6,143.0,4660,14050
6,144.0,4660,14050
6,145.0,4660,14050
6,146.0,4660,14050
6,147.0,4660,14050
6,148.0,4660,14050
6,149.0,4660,14050
6,150.0,4660,14050
6,151.0,4660,14050
6,152.0,4660,14050
6,153.0,4660,14050
6,154.0,4660,14050
6,155.0,4660,14050
6,156.0,4660,14050
6,157.0,4660,14050
6,158.0,4660,14050
6,159.0,4660,14050
6,160.0,4660,14050
6,161.0,4660,14050
6,162.0,4660,14050
6,163.0,4660,14050
6,164.0,4660,14050
6,165.0,4660,14050
6,166.0,4660,14050
7,1.0,20,600
7,2.0,20,600
7,3.0,20,600
7,4.0,20,600
7,5.0,20,600
7,6.0,20,600
7,7.0,20,600
7,8.0,20,600
7,9.0,20,600
7,10.0,20,600
7,11.0,20,600
7,12.0,20,600
7,13.0,20,600
7,14.0,20,600
7,15.0,20,600
7,16.0,20,600
7,17.0,20,600
7,18.0,20,600
7,19.0,20,600
7,20.0,20,600
7,21.0,20,600
7,22.0,20,600
7,23.0,20,600
7,24.0,20,600
7,25.0,20,600
7,26.0,20,690
7,27.0,23,690
7,28.0,23,690
7,29.0,42,690
7,30.0,42,690
7,31.0,42,690
7,32.0,42,690
7,33.0,42,690
7,34.0,42,690
7,35.0,82,690
7,36.0,82,690
7,37.0,82,690
7,38.0,107,690
7,39.0,107,690
7,40.0,107,690
7,41.0,107,690
7,42.0,107,690
7,43.0,107,690
7,44.0,107,690
7,45.0,107,4308
7,46.0,107,4308
7,47.0,107,4308
7,48.0,153,4308
7,49.0,203,4308
7,50.0,203,4308
7,51.0,203,4308
7,52.0,264,4308
7,53.0,314,4308
7,54.0,314,4308
7,55.0,314,4308
7,56.0,314,4308
7,57.0,314,4308
7,58.0,314,4308
7,59.0,314,4308
7,60.0,314,4308
7,61.0,314,4308
7,62.0,314,4308
7,63.0,314,4308
7,64.0,314,4308
7,65.0,314,4308
7,66.0,314,4308
7,67.0,314,4308
7,68.0,314,4308
7,69.0,447,4308
7,70.0,447,5173
7,71.0,598,5173
7,72.0,598,6388
7,73.0,598,6388
7,74.0,598,6388
7,75.0,598,6388
7,76.0,598,6388
7,77.0,598,6388
7,78.0,598,6388
7,79.0,1006,6388
7,80.0,1417,6388
7,81.0,1417,8767
7,82.0,1417,8767
7,83.0,1417,8767
7,84.0,1343,8767
7,85.0,1343,8767
7,86.0,1343,8767
7,87.0,1343,8767
7,88.0,1343,8767
7,89.0,1343,8767
7,90.0,1343,8767
7,91.0,1343,8767
7,92.0,1343,8767
7,93.0,1343,8767
7,94.0,1343,8767
7,95.0,1206,8767
7,96.0,1206,8767
7,97.0,1206,8767
7,98.0,1206,8767
7,99.0,1206,8767
7,100.0,1206,8767
7,101.0,2448,8767
7,102.0,3535,8767
7,103.0,3535,8767
7,104.0,4635,13833
7,105.0,4705,13833
7,106.0,4705,13833
7,107.0,4705,13833
7,108.0,4705,13833
7,109.0,4705,13833
7,110.0,4705,13833
7,111.0,4705,13833
7,112.0,4705,13833
7,113.0,4765,13833
7,114.0,4765,13833
7,115.0,4765,13833
7,116.0,4765,13833
7,117.0,3426,13833
7,118.0,3426,13833
7,119.0,3426,13833
7,120.0,3426,13833
7,121.0,3426,13833
7,122.0,3426,13833
7,123.0,3426,13833
7,124.0,3426,13833
7,125.0,3426,13833
7,126.0,3426,13833
7,127.0,3426,13833
7,128.0,3426,13833
7,129.0,3426,13833
7,130.0,3426,13833
7,131.0,3426,13833
7,132.0,3426,13833
7,133.0,3426,13833
7,134.0,3426,13833
7,135.0,3426,13833
7,136.0,3426,13833
7,137.0,3426,13833
7,138.0,3426,13833
7,139.0,3426,13833
7,140.0,3426,13833
7,141.0,3426,13833
7,142.0,3426,13833
7,143.0,3426,13833
7,144.0,3426,13833
7,145.0,3426,13833
7,146.0,3426,13833
7,147.0,3426,13833
7,148.0,3426,13833
7,149.0,3426,13833
7,150.0,3426,13833
7,151.0,3426,13833
7,152.0,3426,13833
7,153.0,3426,13833
7,154.0,3426,13833
7,155.0,3426,13833
7,156.0,3426,13833
7,157.0,3426,13833
7,158.0,3426,13833
7,159.0,3426,13833
7,160.0,3426,13833
7,161.0,3426,13833
7,162.0,3426,13833
7,163.0,3426,13833
7,164.0,3426,13833
7,165.0,3426,13833
7,166.0,3426,13833
8,1.0,20,600
8,2.0,20,600
8,3.0,20,600
8,4.0,20,600
8,5.0,20,600
8,6.0,20,600
8,7.0,20,600
8,8.0,20,600
8,9.0,20,600
8,10.0,20,600
8,11.0,20,600
8,12.0,20,600
8,13.0,20,600
8,14.0,20,600
8,15.0,20,600
8,16.0,20,600
8,17.0,20,600
8,18.0,20,600
8,19.0,20,600
8,20.0,20,600
8,21.0,20,600
8,22.0,20,600
8,23.0,20,600
8,24.0,20,600
8,25.0,20,600
8,26.0,20,642
8,27.0,38,642
8,28.0,38,642
8,29.0,61,642
8,30.0,61,642
8,31.0,61,642
8,32.0,61,642
8,33.0,61,642
8,34.0,61,642
8,35.0,101,642
8,36.0,101,642
8,37.0,101,642
8,38.0,130,642
8,39.0,130,642
8,40.0,130,642
8,41.0,130,642
8,42.0,130,642
8,43.0,130,642
8,44.0,130,642
8,45.0,130,4230
8,46.0,130,4230
8,47.0,130,4230
8,48.0,190,4230
8,49.0,257,4230
8,50.0,257,4230
8,51.0,257,4230
8,52.0,337,4230
8,53.0,413,4230
8,54.0,413,4230
8,55.0,413,4230
8,56.0,413,4230
8,57.0,413,4230
8,58.0,413,4230
8,59.0,413,4230
8,60.0,413,4230
8,61.0,413,4230
8,62.0,413,4230
8,63.0,413,4230
8,64.0,413,4230
8,65.0,413,4230
8,66.0,413,4230
8,67.0,413,4230
8,68.0,413,4230
8,69.0,591,4230
8,70.0,591,5058
8,71.0,765,5058
8,72.0,765,6154
8,73.0,765,6154
8,74.0,765,6154
8,75.0,765,6154
8,76.0,765,6154
8,77.0,765,6154
8,78.0,765,6154
8,79.0,1286,6154
8,80.0,1828,6154
8,81.0,1828,8576
8,82.0,1828,8576
8,83.0,1828,8576
8,84.0,1712,8576
8,85.0,1712,8576
8,86.0,1712,8576
8,87.0,1712,8576
8,88.0,1712,8576
8,89.0,1712,8576
8,90.0,1712,8576
8,91.0,1712,8576
8,92.0,1712,8576
8,93.0,1712,8576
8,94.0,1712,8576
8,95.0,1529,8576
8,96.0,1529,8576
8,97.0,1529,8576
8,98.0,1529,8576
8,99.0,1529,8576
8,100.0,1529,8576
8,101.0,3078,8576
8,102.0,4542,8576
8,103.0,4542,8576
8,104.0,5975,13655
8,105.0,6065,13655
8,106.0,6065,13655
8,107.0,6065,13655
8,108.0,6065,13655
8,109.0,6065,13655
8,110.0,6065,13655
8,111.0,6065,13655
8,112.0,6065,13655
8,113.0,6149,13655
8,114.0,6149,13655
8,115.0,6149,13655
8,116.0,6149,13655
8,117.0,4436,13655
8,118.0,4436,13655
8,119.0,4436,13655
8,120.0,4436,13655
8,121.0,4436,13655
8,122.0,4436,13655
8,123.0,4436,13655
8,124.0,4436,13655
8,125.0,4436,13655
8,126.0,4436,13655
8,127.0,4436,13655
8,128.0,4436,13655
8,129.0,4436,13655
8,130.0,4436,13655
8,131.0,4436,13655
8,132.0,4436,13655
8,133.0,4436,13655
8,134.0,4436,13655
8,135.0,4436,13655
8,136.0,4436,13655
8,137.0,4436,13655
8,138.0,4436,13655
8,139.0,4436,13655
8,140.0,4436,13655
8,141.0,4436,13655
8,142.0,4436,13655
8,143.0,4436,13655
8,144.0,4436,13655
8,145.0,4436,13655
8,146.0,4436,13655
8,147.0,4436,13655
8,148.0,4436,13655
8,149.0,4436,13655
8,150.0,4436,13655
8,151.0,4436,13655
8,152.0,4436,13655
8,153.0,4436,13655
8,154.0,4436,13655
8,155.0,4436,13655
8,156.0,4436,13655
8,157.0,4436,13655
8,158.0,4436,13655
8,159.0,4436,13655
8,160.0,4436,13655
8,161.0,4436,13655
8,162.0,4436,13655
8,163.0,4436,13655
8,164.0,4436,13655
8,165.0,4436,13655
8,166.0,4436,13655
9,1.0,20,600
9,2.0,20,600
9,3.0,20,600
9,4.0,20,600
9,5.0,20,600
9,6.0,20,600
9,7.0,20,600
9,8.0,20,600
9,9.0,20,600
9,10.0,20,600
9,11.0,20,600
9,12.0,20,600
9,13.0,20,600
9,14.0,20,600
9,15.0,20,600
9,16.0,20,600
9,17.0,20,600
9,18.0,20,600
9,19.0,20,600
9,20.0,20,600
9,21.0,20,600
9,22.0,20,600
9,23.0,20,600
9,24.0,20,600
9,25.0,20,600
9,26.0,20,678
9,27.0,34,678
9,28.0,34,678
9,29.0,50,678
9,30.0,50,678
9,31.0,50,678
9,32.0,50,678
9,33.0,50,678
9,34.0,50,678
9,35.0,90,678
9,36.0,90,678
9,37.0,90,678
9,38.0,113,678
9,39.0,113,678
9,40.0,113,678
9,41.0,113,678
9,42.0,113,678
9,43.0,113,678
9,44.0,113,678
9,45.0,113,4278
9,46.0,113,4278
9,47.0,113,4278
9,48.0,169,4278
9,49.0,220,4278
9,50.0,220,4278
9,51.0,220,4278
9,52.0,297,4278
9,53.0,358,4278
9,54.0,358,4278
9,55.0,358,4278
9,56.0,358,4278
9,57.0,358,4278
9,58.0,358,4278
9,59.0,358,4278
9,60.0,358,4278
9,61.0,358,4278
9,62.0,358,4278
9,63.0,358,4278
9,64.0,358,4278
9,65.0,358,4278
9,66.0,358,4278
9,67.0,358,4278
9,68.0,358,4278
9,69.0,506,4278
9,70.0,506,5116
9,71.0,664,5116
9,72.0,664,6267
9,73.0,664,6267
9,74.0,664,6267
9,75.0,664,6267
9,76.0,664,6267
9,77.0,664,6267
9,78.0,664,6267
9,79.0,1092,6267
9,80.0,1560,6267
9,81.0,1560,8711
9,82.0,1560,8711
9,83.0,1560,8711
9,84.0,1476,8711
9,85.0,1476,8711
9,86.0,1476,8711
9,87.0,1476,8711
9,88.0,1476,8711
9,89.0,1476,8711
9,90.0,1476,8711
9,91.0,1476,8711
9,92.0,1476,8711
9,93.0,1476,8711
9,94.0,1476,8711
9,95.0,1321,8711
9,96.0,1321,8711
9,97.0,1321,8711
9,98.0,1321,8711
9,99.0,1321,8711
9,100.0,1321,8711
9,101.0,2710,8711
9,102.0,3972,8711
9,103.0,3972,8711
9,104.0,5246,13918
9,105.0,6510,13918
9,106.0,6510,13918
9,107.0,6510,13918
9,108.0,6510,13918
9,109.0,6510,13918
9,110.0,6510,13918
9,111.0,6510,13918
9,112.0,6510,13918
9,113.0,7787,13918
9,114.0,7787,13918
9,115.0,7787,13918
9,116.0,7787,13918
9,117.0,5684,13918
9,118.0,5684,13918
9,119.0,5684,13918
9,120.0,5684,13918
9,121.0,5684,13918
9,122.0,5684,13918
9,123.0,5684,13918
9,124.0,5684,13918
9,125.0,5684,13918
9,126.0,5684,13918
9,127.0,5684,13918
9,128.0,5684,13918
9,129.0,5684,13918
9,130.0,5684,13918
9,131.0,5684,13918
9,132.0,5684,13918
9,133.0,5684,13918
9,134.0,5684,13918
9,135.0,5684,13918
9,136.0,5684,13918
9,137.0,5684,13918
9,138.0,5684,13918
9,139.0,5684,13918
9,140.0,5684,13918
9,141.0,5684,13918
9,142.0,5684,13918
9,143.0,5684,13918
9,144.0,5684,13918
9,145.0,5684,13918
9,146.0,5684,13918
9,147.0,5684,13918
9,148.0,5684,13918
9,149.0,5684,13918
9,150.0,5684,13918
9,151.0,5684,13918
9,152.0,5684,13918
9,153.0,5684,13918
9,154.0,5684,13918
9,155.0,5684,13918
9,156.0,5684,13918
9,157.0,5684,13918
9,158.0,5684,13918
9,159.0,5684,13918
9,160.0,5684,13918
9,161.0,5684,13918
9,162.0,5684,13918
9,163.0,5684,13918
9,164.0,5684,13918
9,165.0,5684,13918
9,166.0,5684,13918
10,1.0,20,600
10,2.0,20,600
10,3.0,20,600
10,4.0,20,600
10,5.0,20,600
10,6.0,20,600
10,7.0,20,600
10,8.0,20,600
10,9.0,20,600
10,10.0,20,600
10,11.0,20,600
10,12.0,20,600
10,13.0,20,600
10,14.0,20,600
10,15.0,20,600
10,16.0,20,600
10,17.0,20,600
10,18.0,20,600
10,19.0,20,600
10,20.0,20,600
10,21.0,20,600
10,22.0,20,600
10,23.0,20,600
10,24.0,20,600
10,25.0,20,600
10,26.0,20,660
10,27.0,40,660
10,28.0,40,660
10,29.0,57,660
10,30.0,57,660
10,31.0,57,660
10,32.0,57,660
10,33.0,57,660
10,34.0,57,660
10,35.0,97,660
10,36.0,97,660
10,37.0,97,660
10,38.0,129,660
10,39.0,129,660
10,40.0,129,660
10,41.0,129,660
10,42.0,129,660
10,43.0,129,660
10,44.0,129,660
10,45.0,129,4278
10,46.0,129,4278
10,47.0,129,4278
10,48.0,194,4278
10,49.0,253,4278
10,50.0,253,4278
10,51.0,253,4278
10,52.0,323,4278
10,53.0,397,4278
10,54.0,397,4278
10,55.0,397,4278
10,56.0,397,4278
10,57.0,397,4278
10,58.0,397,4278
10,59.0,397,4278
10,60.0,397,4278
10,61.0,397,4278
10,62.0,397,4278
10,63.0,397,4278
10,64.0,397,4278
10,65.0,397,4278
10,66.0,397,4278
10,67.0,397,4278
10,68.0,397,4278
10,69.0,557,4278
10,70.0,557,5071
10,71.0,724,5071
10,72.0,724,6175
10,73.0,724,6175
10,74.0,724,6175
10,75.0,724,6175
10,76.0,724,6175
10,77.0,724,6175
10,78.0,724,6175
10,79.0,1209,6175
10,80.0,1739,6175
10,81.0,1739,8577
10,82.0,1739,8577
10,83.0,1739,8577
10,84.0,1645,8577
10,85.0,1645,8577
10,86.0,1645,8577
10,87.0,1645,8577
10,88.0,1645,8577
10,89.0,1645,8577
10,90.0,1645,8577
10,91.0,1645,8577
10,92.0,1645,8577
10,93.0,1645,8577
10,94.0,1645,8577
10,95.0,1466,8577
10,96.0,1466,8577
10,97.0,1466,8577
10,98.0,1466,8577
10,99.0,1466,8577
10,100.0,1466,8577
10,101.0,3010,8577
10,102.0,4333,8577
10,103.0,4333,8577
10,104.0,5674,13733
10,105.0,7077,13733
10,106.0,7077,13733
10,107.0,7077,13733
10,108.0,7077,13733
10,109.0,7077,13733
10,110.0,7077,13733
10,111.0,7077,13733
10,112.0,7077,13733
10,113.0,8444,13733
10,114.0,8444,13733
10,115.0,8444,13733
10,116.0,8444,13733
10,117.0,6170,13733
10,118.0,6170,13733
10,119.0,6170,13733
10,120.0,6170,13733
10,121.0,6170,13733
10,122.0,6170,13733
10,123.0,6170,13733
10,124.0,6170,13733
10,125.0,6170,13733
10,126.0,6170,13733
10,127.0,6170,13733
10,128.0,6170,13733
10,129.0,6170,13733
10,130.0,6170,13733
10,131.0,6170,13733
10,132.0,6170,13733
10,133.0,6170,13733
10,134.0,6170,13733
10,135.0,6170,13733
10,136.0,6170,13733
10,137.0,6170,13733
10,138.0,6170,13733
10,139.0,6170,13733
10,140.0,6170,13733
10,141.0,6170,13733
10,142.0,6170,13733
10,143.0,6170,13733
10,144.0,6170,13733
10,145.0,6170,13733
10,146.0,6170,13733
10,147.0,6170,13733
10,148.0,6170,13733
10,149.0,6170,13733
10,150.0,6170,13733
10,151.0,6170,13733
10,152.0,6170,13733
10,153.0,6170,13733
10,154.0,6170,13733
10,155.0,6170,13733
10,156.0,6170,13733
10,157.0,6170,13733
10,158.0,6170,13733
10,159.0,6170,13733
10,160.0,6170,13733
10,161.0,6170,13733
10,162.0,6170,13733
10,163.0,6170,13733
10,164.0,6170,13733
10,165.0,6170,13733
10,166.0,6170,13733
11,1.0,20,600
11,2.0,20,600
11,3.0,20,600
11,4.0,20,600
11,5.0,20,600
11,6.0,20,600
11,7.0,20,600
11,8.0,20,600
11,9.0,20,600
11,10.0,20,600
11,11.0,20,600
11,12.0,20,600
11,13.0,20,600
11,14.0,20,600
11,15.0,20,600
11,16.0,20,600
11,17.0,20,600
11,18.0,20,600
11,19.0,20,600
11,20.0,20,600
11,21.0,20,600
11,22.0,20,600
11,23.0,20,600
11,24.0,20,600
11,25.0,20,600
11,26.0,20,660
11,27.0,29,660
11,28.0,29,660
11,29.0,52,660
11,30.0,52,660
11,31.0,52,660
11,32.0,52,660
11,33.0,52,660
11,34.0,52,660
11,35.0,92,660
11,36.0,92,660
11,37.0,92,660
11,38.0,120,660
11,39.0,120,660
11,40.0,120,660
11,41.0,120,660
11,42.0,120,660
11,43.0,120,660
11,44.0,120,660
11,45.0,120,4260
11,46.0,120,4260
11,47.0,120,4260
11,48.0,173,4260
11,49.0,236,4260
11,50.0,236,4260
11,51.0,236,4260
11,52.0,312,4260
11,53.0,378,4260
11,54.0,378,4260
11,55.0,378,4260
11,56.0,378,4260
11,57.0,378,4260
11,58.0,378,4260
11,59.0,378,4260
11,60.0,378,4260
11,61.0,378,4260
11,62.0,378,4260
11,63.0,378,4260
11,64.0,378,4260
11,65.0,378,4260
11,66.0,378,4260
11,67.0,378,4260
11,68.0,378,4260
11,69.0,539,4260
11,70.0,539,5050
11,71.0,698,5050
11,72.0,698,6152
11,73.0,698,6152
11,74.0,698,6152
11,75.0,698,6152
11,76.0,698,6152
11,77.0,698,6152
11,78.0,698,6152
11,79.0,1192,6152
11,80.0,1697,6152
11,81.0,1697,8543
11,82.0,1697,8543
11,83.0,1697,8543
11,84.0,1603,8543
11,85.0,1603,8543
11,86.0,1603,8543
11,87.0,1603,8543
11,88.0,1603,8543
11,89.0,1603,8543
11,90.0,1603,8543
11,91.0,1603,8543
11,92.0,1603,8543
11,93.0,1603,8543
11,94.0,1603,8543
11,95.0,1435,8543
11,96.0,1435,8543
11,97.0,1435,8543
11,98.0,1435,8543
11,99.0,1435,8543
11,100.0,1435,8543
11,101.0,2885,8543
11,102.0,4243,8543
11,103.0,4243,8543
11,104.0,5562,13677
11,105.0,6941,13677
11,106.0,6941,13677
11,107.0,6941,13677
11,108.0,6941,13677
11,109.0,6941,13677
11,110.0,6941,13677
11,111.0,6941,13677
11,112.0,6941,13677
11,113.0,8301,13677
11,114.0,8301,13677
11,115.0,8301,13677
11,116.0,8301,13677
11,117.0,6035,13677
11,118.0,6035,13677
11,119.0,6035,13677
11,120.0,6035,13677
11,121.0,6035,13677
11,122.0,6035,13677
11,123.0,6035,13677
11,124.0,6035,13677
11,125.0,6035,13677
11,126.0,6035,13677
11,127.0,6035,13677
11,128.0,6035,13677
11,129.0,6035,13677
11,130.0,6035,13677
11,131.0,6035,13677
11,132.0,6035,13677
11,133.0,6035,13677
11,134.0,6035,13677
11,135.0,6035,13677
11,136.0,6035,13677
11,137.0,6035,13677
11,138.0,6035,13677
11,139.0,6035,13677
11,140.0,6035,13677
11,141.0,6035,13677
11,142.0,6035,13677
11,143.0,6035,13677
11,144.0,6035,13677
11,145.0,6035,13677
11,146.0,6035,13677
11,147.0,6035,13677
11,148.0,6035,13677
11,149.0,6035,13677
11,150.0,6035,13677
11,151.0,6035,13677
11,152.0,6035,13677
11,153.0,6035,13677
11,154.0,6035,13677
11,155.0,6035,13677
11,156.0,6035,13677
11,157.0,6035,13677
11,158.0,6035,13677
11,159.0,6035,13677
11,160.0,6035,13677
11,161.0,6035,13677
11,162.0,6035,13677
11,163.0,6035,13677
11,164.0,6035,13677
11,165.0,6035,13677
11,166.0,6035,13677
12,1.0,20,600
12,2.0,20,600
12,3.0,20,600
12,4.0,20,600
12,5.0,20,600
12,6.0,20,600
12,7.0,20,600
12,8.0,20,600
12,9.0,20,600
12,10.0,20,600
12,11.0,20,600
12,12.0,20,600
12,13.0,20,600
12,14.0,20,600
12,15.0,20,600
12,16.0,20,600
12,17.0,20,600
12,18.0,20,600
12,19.0,20,600
12,20.0,20,600
12,21.0,20,600
12,22.0,20,600
12,23.0,20,600
12,24.0,20,600
12,25.0,20,600
12,26.0,20,696
12,27.0,31,696
12,28.0,31,696
12,29.0,49,696
12,30.0,49,696
12,31.0,49,696
12,32.0,49,696
12,33.0,49,696
12,34.0,49,696
12,35.0,89,696
12,36.0,89,696
12,37.0,89,696
12,38.0,112,696
12,39.0,112,696
12,40.0,112,696
12,41.0,112,696
12,42.0,112,696
12,43.0,112,696
12,44.0,112,696
12,45.0,112,4356
12,46.0,112,4356
12,47.0,112,4356
12,48.0,161,4356
12,49.0,207,4356
12,50.0,207,4356
12,51.0,207,4356
12,52.0,272,4356
12,53.0,335,4356
12,54.0,335,4356
12,55.0,335,4356
12,56.0,335,4356
12,57.0,335,4356
12,58.0,335,4356
12,59.0,335,4356
12,60.0,335,4356
12,61.0,335,4356
12,62.0,335,4356
12,63.0,335,4356
12,64.0,335,4356
12,65.0,335,4356
12,66.0,335,4356
12,67.0,335,4356
12,68.0,335,4356
12,69.0,493,4356
12,70.0,493,5286
12,71.0,647,5286
12,72.0,647,6511
12,73.0,647,6511
12,74.0,647,6511
12,75.0,647,6511
12,76.0,647,6511
12,77.0,647,6511
12,78.0,647,6511
12,79.0,1088,6511
12,80.0,1553,6511
12,81.0,1553,8986
12,82.0,1553,8986
12,83.0,1553,8986
12,84.0,1464,8986
12,85.0,1464,8986
12,86.0,1464,8986
12,87.0,1464,8986
12,88.0,1464,8986
12,89.0,1464,8986
12,90.0,1464,8986
12,91.0,1464,8986
12,92.0,1464,8986
12,93.0,1464,8986
12,94.0,1464,8986
12,95.0,1304,8986
12,96.0,1304,8986
12,97.0,1304,8986
12,98.0,1304,8986
12,99.0,1304,8986
12,100.0,1304,8986
12,101.0,2610,8986
12,102.0,3825,8986
12,103.0,3825,8986
12,104.0,3886,14316
12,105.0,3941,14316
12,106.0,3941,14316
12,107.0,3941,14316
12,108.0,3941,14316
12,109.0,3941,14316
12,110.0,3941,14316
12,111.0,3941,14316
12,112.0,3941,14316
12,113.0,4019,14316
12,114.0,4019,14316
12,115.0,4019,14316
12,116.0,4019,14316
12,117.0,2826,14316
12,118.0,2826,14316
12,119.0,2826,14316
12,120.0,2826,14316
12,121.0,2826,14316
12,122.0,2826,14316
12,123.0,2826,14316
12,124.0,2826,14316
12,125.0,2826,14316
12,126.0,2826,14316
12,127.0,2826,14316
12,128.0,2826,14316
12,129.0,2826,14316
12,130.0,2826,14316
12,131.0,2826,14316
12,132.0,2826,14316
12,133.0,2826,14316
12,134.0,2826,14316
12,135.0,2826,14316
12,136.0,2826,14316
12,137.0,2826,14316
12,138.0,2826,14316
12,139.0,2826,14316
12,140.0,2826,14316
12,141.0,2826,14316
12,142.0,2826,14316
12,143.0,2826,14316
12,144.0,2826,14316
12,145.0,2826,14316
12,146.0,2826,14316
12,147.0,2826,14316
12,148.0,2826,14316
12,149.0,2826,14316
12,150.0,2826,14316
12,151.0,2826,14316
12,152.0,2826,14316
12,153.0,2826,14316
12,154.0,2826,14316
12,155.0,2826,14316
12,156.0,2826,14316
12,157.0,2826,14316
12,158.0,2826,14316
12,159.0,2826,14316
12,160.0,2826,14316
12,161.0,2826,14316
12,162.0,2826,14316
12,163.0,2826,14316
12,164.0,2826,14316
12,165.0,2826,14316
12,166.0,2826,14316
13,1.0,20,600
13,2.0,20,600
13,3.0,20,600
13,4.0,20,600
13,5.0,20,600
13,6.0,20,600
13,7.0,20,600
13,8.0,20,600
13,9.0,20,600
13,10.0,20,600
13,11.0,20,600
13,12.0,20,600
13,13.0,20,600
13,14.0,20,600
13,15.0,20,600
13,16.0,20,600
13,17.0,20,600
13,18.0,20,600
13,19.0,20,600
13,20.0,20,600
13,21.0,20,600
13,22.0,20,600
13,23.0,20,600
13,24.0,20,600
13,25.0,20,600
13,26.0,20,678
13,27.0,33,678
13,28.0,33,678
13,29.0,55,678
13,30.0,55,678
13,31.0,55,678
13,32.0,55,678
13,33.0,55,678
13,34.0,55,678
13,35.0,95,678
13,36.0,95,678
13,37.0,95,678
13,38.0,127,678
13,39.0,127,678
13,40.0,127,678
13,41.0,127,678
13,42.0,127,678
13,43.0,127,678
13,44.0,127,678
13,45.0,127,4284
13,46.0,127,4284
13,47.0,127,4284
13,48.0,181,4284
13,49.0,238,4284
13,50.0,238,4284
13,51.0,238,4284
13,52.0,312,4284
13,53.0,389,4284
13,54.0,389,4284
13,55.0,389,4284
13,56.0,389,4284
13,57.0,389,4284
13,58.0,389,4284
13,59.0,389,4284
13,60.0,389,4284
13,61.0,389,4284
13,62.0,389,4284
13,63.0,389,4284
13,64.0,389,4284
13,65.0,389,4284
13,66.0,389,4284
13,67.0,389,4284
13,68.0,389,4284
13,69.0,567,4284
13,70.0,567,5141
13,71.0,737,5141
13,72.0,737,6311
13,73.0,737,6311
13,74.0,737,6311
13,75.0,737,6311
13,76.0,737,6311
13,77.0,737,6311
13,78.0,737,6311
13,79.0,1234,6311
13,80.0,1741,6311
13,81.0,1741,8791
13,82.0,1741,8791
13,83.0,1741,8791
13,84.0,1650,8791
13,85.0,1650,8791
13,86.0,1650,8791
13,87.0,1650,8791
13,88.0,1650,8791
13,89.0,1650,8791
13,90.0,1650,8791
13,91.0,1650,8791
13,92.0,1650,8791
13,93.0,1650,8791
13,94.0,1650,8791
13,95.0,1451,8791
13,96.0,1451,8791
13,97.0,1451,8791
13,98.0,1451,8791
13,99.0,1451,8791
13,100.0,1451,8791
13,101.0,2952,8791
13,102.0,4358,8791
13,103.0,4358,8791
13,104.0,5729,14024
13,105.0,7099,14024
13,106.0,7099,14024
13,107.0,7099,14024
13,108.0,7099,14024
13,109.0,7099,14024
13,110.0,7099,14024
13,111.0,7099,14024
13,112.0,7099,14024
13,113.0,8434,14024
13,114.0,8434,14024
13,115.0,8434,14024
13,116.0,8434,14024
13,117.0,6143,14024
13,118.0,6143,14024
13,119.0,6143,14024
13,120.0,6143,14024
13,121.0,6143,14024
13,122.0,6143,14024
13,123.0,6143,14024
13,124.0,6143,14024
13,125.0,6143,14024
13,126.0,6143,14024
13,127.0,6143,14024
13,128.0,6143,14024
13,129.0,6143,14024
13,130.0,6143,14024
13,131.0,6143,14024
13,132.0,6143,14024
13,133.0,6143,14024
13,134.0,6143,14024
13,135.0,6143,14024
13,136.0,6143,14024
13,137.0,6143,14024
13,138.0,6143,14024
13,139.0,6143,14024
13,140.0,6143,14024
13,141.0,6143,14024
13,142.0,6143,14024
13,143.0,6143,14024
13,144.0,6143,14024
13,145.0,6143,14024
13,146.0,6143,14024
13,147.0,6143,14024
13,148.0,6143,14024
13,149.0,6143,14024
13,150.0,6143,14024
13,151.0,6143,14024
13,152.0,6143,14024
13,153.0,6143,14024
13,154.0,6143,14024
13,155.0,6143,14024
13,156.0,6143,14024
13,157.0,6143,14024
13,158.0,6143,14024
13,159.0,6143,14024
13,160.0,6143,14024
13,161.0,6143,14024
13,162.0,6143,14024
13,163.0,6143,14024
13,164.0,6143,14024
13,165.0,6143,14024
13,166.0,6143,14024
14,1.0,20,600
14,2.0,20,600
14,3.0,20,600
14,4.0,20,600
14,5.0,20,600
14,6.0,20,600
14,7.0,20,600
14,8.0,20,600
14,9.0,20,600
14,10.0,20,600
14,11.0,20,600
14,12.0,20,600
14,13.0,20,600
14,14.0,20,600
14,15.0,20,600
14,16.0,20,600
14,17.0,20,600
14,18.0,20,600
14,19.0,20,600
14,20.0,20,600
14,21.0,20,600
14,22.0,20,600
14,23.0,20,600
14,24.0,20,600
14,25.0,20,600
14,26.0,20,702
14,27.0,33,702
14,28.0,33,702
14,29.0,55,702
14,30.0,55,702
14,31.0,55,702
14,32.0,55,702
14,33.0,55,702
14,34.0,55,702
14,35.0,95,702
14,36.0,95,702
14,37.0,95,702
14,38.0,124,702
14,39.0,124,702
14,40.0,124,702
14,41.0,124,702
14,42.0,124,702
14,43.0,124,702
14,44.0,124,702
14,45.0,124,4338
14,46.0,124,4338
14,47.0,124,4338
14,48.0,183,4338
14,49.0,237,4338
14,50.0,237,4338
14,51.0,237,4338
14,52.0,311,4338
14,53.0,380,4338
14,54.0,380,4338
14,55.0,380,4338
14,56.0,380,4338
14,57.0,380,4338
14,58.0,380,4338
14,59.0,380,4338
14,60.0,380,4338
14,61.0,380,4338
14,62.0,380,4338
14,63.0,380,4338
14,64.0,380,4338
14,65.0,380,4338
14,66.0,380,4338
14,67.0,380,4338
14,68.0,380,4338
14,69.0,521,4338
14,70.0,521,5194
14,71.0,685,5194
14,72.0,685,6410
14,73.0,685,6410
14,74.0,685,6410
14,75.0,685,6410
14,76.0,685,6410
14,77.0,685,6410
14,78.0,685,6410
14,79.0,1162,6410
14,80.0,1662,6410
14,81.0,1662,8905
14,82.0,1662,8905
14,83.0,1662,8905
14,84.0,1575,8905
14,85.0,1575,8905
14,86.0,1575,8905
14,87.0,1575,8905
14,88.0,1575,8905
14,89.0,1575,8905
14,90.0,1575,8905
14,91.0,1575,8905
14,92.0,1575,8905
14,93.0,1575,8905
14,94.0,1575,8905
14,95.0,1386,8905
14,96.0,1386,8905
14,97.0,1386,8905
14,98.0,1386,8905
14,99.0,1386,8905
14,100.0,1386,8905
14,101.0,2813,8905
14,102.0,4068,8905
14,103.0,4068,8905
14,104.0,5349,14243
14,105.0,5440,14243
14,106.0,5440,14243
14,107.0,5440,14243
14,108.0,5440,14243
14,109.0,5440,14243
14,110.0,5440,14243
14,111.0,5440,14243
14,112.0,5440,14243
14,113.0,5510,14243
14,114.0,5510,14243
14,115.0,5510,14243
14,116.0,5510,14243
14,117.0,3940,14243
14,118.0,3940,14243
14,119.0,3940,14243
14,120.0,3940,14243
14,121.0,3940,14243
14,122.0,3940,14243
14,123.0,3940,14243
14,124.0,3940,14243
14,125.0,3940,14243
14,126.0,3940,14243
14,127.0,3940,14243
14,128.0,3940,14243
14,129.0,3940,14243
14,130.0,3940,14243
14,131.0,3940,14243
14,132.0,3940,14243
14,133.0,3940,14243
14,134.0,3940,14243
14,135.0,3940,14243
14,136.0,3940,14243
14,137.0,3940,14243
14,138.0,3940,14243
14,139.0,3940,14243
14,140.0,3940,14243
14,141.0,3940,14243
14,142.0,3940,14243
14,143.0,3940,14243
14,144.0,3940,14243
14,145.0,3940,14243
14,146.0,3940,14243
14,147.0,3940,14243
14,148.0,3940,14243
14,149.0,3940,14243
14,150.0,3940,14243
14,151.0,3940,14243
14,152.0,3940,14243
14,153.0,3940,14243
14,154.0,3940,14243
14,155.0,3940,14243
14,156.0,3940,14243
14,157.0,3940,14243
14,158.0,3940,14243
14,159.0,3940,14243
14,160.0,3940,14243
14,161.0,3940,14243
14,162.0,3940,14243
14,163.0,3940,14243
14,164.0,3940,14243
14,165.0,3940,14243
14,166.0,3940,14243
15,1.0,20,600
15,2.0,20,600
15,3.0,20,600
15,4.0,20,600
15,5.0,20,600
15,6.0,20,600
15,7.0,20,600
15,8.0,20,600
15,9.0,20,600
15,10.0,20,600
15,11.0,20,600
15,12.0,20,600
15,13.0,20,600
15,14.0,20,600
15,15.0,20,600
15,16.0,20,600
15,17.0,20,600
15,18.0,20,600
15,19.0,20,600
15,20.0,20,600
15,21.0,20,600
15,22.0,20,600
15,23.0,20,600
15,24.0,20,600
15,25.0,20,600
15,26.0,20,696
15,27.0,33,696
15,28.0,33,696
15,29.0,45,696
15,30.0,45,696
15,31.0,45,696
15,32.0,45,696
15,33.0,45,696
15,34.0,45,696
15,35.0,85,696
15,36.0,85,696
15,37.0,85,696
15,38.0,111,696
15,39.0,111,696
15,40.0,111,696
15,41.0,111,696
15,42.0,111,696
15,43.0,111,696
15,44.0,111,696
15,45.0,111,4308
15,46.0,111,4308
15,47.0,111,4308
15,48.0,165,4308
15,49.0,213,4308
15,50.0,213,4308
15,51.0,213,4308
15,52.0,273,4308
15,53.0,333,4308
15,54.0,333,4308
15,55.0,333,4308
15,56.0,333,4308
15,57.0,333,4308
15,58.0,333,4308
15,59.0,333,4308
15,60.0,333,4308
15,61.0,333,4308
15,62.0,333,4308
15,63.0,333,4308
15,64.0,333,4308
15,65.0,333,4308
15,66.0,333,4308
15,67.0,333,4308
15,68.0,333,4308
15,69.0,475,4308
15,70.0,475,5159
15,71.0,634,5159
15,72.0,634,6329
15,73.0,634,6329
15,74.0,634,6329
15,75.0,634,6329
15,76.0,634,6329
15,77.0,634,6329
15,78.0,634,6329
15,79.0,1086,6329
15,80.0,1536,6329
15,81.0,1536,8784
15,82.0,1536,8784
15,83.0,1536,8784
15,84.0,1447,8784
15,85.0,1447,8784
15,86.0,1447,8784
15,87.0,1447,8784
15,88.0,1447,8784
15,89.0,1447,8784
15,90.0,1447,8784
15,91.0,1447,8784
15,92.0,1447,8784
15,93.0,1447,8784
15,94.0,1447,8784
15,95.0,1295,8784
15,96.0,1295,8784
15,97.0,1295,8784
15,98.0,1295,8784
15,99.0,1295,8784
15,100.0,1295,8784
15,101.0,2658,8784
15,102.0,3895,8784
15,103.0,3895,8784
15,104.0,5183,14012
15,105.0,5280,14012
15,106.0,5280,14012
15,107.0,5280,14012
15,108.0,5280,14012
15,109.0,5280,14012
15,110.0,5280,14012
15,111.0,5280,14012
15,112.0,5280,14012
15,113.0,5347,14012
15,114.0,5347,14012
15,115.0,5347,14012
15,116.0,5347,14012
15,117.0,3826,14012
15,118.0,3826,14012
15,119.0,3826,14012
15,120.0,3826,14012
15,121.0,3826,14012
15,122.0,3826,14012
15,123.0,3826,14012
15,124.0,3826,14012
15,125.0,3826,14012
15,126.0,3826,14012
15,127.0,3826,14012
15,128.0,3826,14012
15,129.0,3826,14012
15,130.0,3826,14012
15,131.0,3826,14012
15,132.0,3826,14012
15,133.0,3826,14012
15,134.0,3826,14012
15,135.0,3826,14012
15,136.0,3826,14012
15,137.0,3826,14012
15,138.0,3826,14012
15,139.0,3826,14012
15,140.0,3826,14012
15,141.0,3826,14012
15,142.0,3826,14012
15,143.0,3826,14012
15,144.0,3826,14012
15,145.0,3826,14012
15,146.0,3826,14012
15,147.0,3826,14012
15,148.0,3826,14012
15,149.0,3826,14012
15,150.0,3826,14012
15,151.0,3826,14012
15,152.0,3826,14012
15,153.0,3826,14012
15,154.0,3826,14012
15,155.0,3826,14012
15,156.0,3826,14012
15,157.0,3826,14012
15,158.0,3826,14012
15,159.0,3826,14012
15,160.0,3826,14012
15,161.0,3826,14012
15,162.0,3826,14012
15,163.0,3826,14012
15,164.0,3826,14012
15,165.0,3826,14012
15,166.0,3826,14012
16,1.0,20,600
16,2.0,20,600
16,3.0,20,600
16,4.0,20,600
16,5.0,20,600
16,6.0,20,600
16,7.0,20,600
16,8.0,20,600
16,9.0,20,600
16,10.0,20,600
16,11.0,20,600
16,12.0,20,600
16,13.0,20,600
16,14.0,20,600
16,15.0,20,600
16,16.0,20,600
16,17.0,20,600
16,18.0,20,600
16,19.0,20,600
16,20.0,20,600
16,21.0,20,600
16,22.0,20,600
16,23.0,20,600
16,24.0,20,600
16,25.0,20,600
16,26.0,20,666
16,27.0,36,666
16,28.0,36,666
16,29.0,57,666
16,30.0,57,666
16,31.0,57,666
16,32.0,57,666
16,33.0,57,666
16,34.0,57,666
16,35.0,97,666
16,36.0,97,666
16,37.0,97,666
16,38.0,126,666
16,39.0,126,666
16,40.0,126,666
16,41.0,126,666
16,42.0,126,666
16,43.0,126,666
16,44.0,126,666
16,45.0,126,4308
16,46.0,126,4308
16,47.0,126,4308
16,48.0,186,4308
16,49.0,248,4308
16,50.0,248,4308
16,51.0,248,4308
16,52.0,328,4308
16,53.0,405,4308
16,54.0,405,4308
16,55.0,405,4308
16,56.0,405,4308
16,57.0,405,4308
16,58.0,405,4308
16,59.0,405,4308
16,60.0,405,4308
16,61.0,405,4308
16,62.0,405,4308
16,63.0,405,4308
16,64.0,405,4308
16,65.0,405,4308
16,66.0,405,4308
16,67.0,405,4308
16,68.0,405,4308
16,69.0,566,4308
16,70.0,566,5180
16,71.0,731,5180
16,72.0,731,6352
16,73.0,731,6352
16,74.0,731,6352
16,75.0,731,6352
16,76.0,731,6352
16,77.0,731,6352
16,78.0,731,6352
16,79.0,1228,6352
16,80.0,1779,6352
16,81.0,1779,8768
16,82.0,1779,8768
16,83.0,1779,8768
16,84.0,1676,8768
16,85.0,1676,8768
16,86.0,1676,8768
16,87.0,1676,8768
16,88.0,1676,8768
16,89.0,1676,8768
16,90.0,1676,8768
16,91.0,1676,8768
16,92.0,1676,8768
16,93.0,1676,8768
16,94.0,1676,8768
16,95.0,1506,8768
16,96.0,1506,8768
16,97.0,1506,8768
16,98.0,1506,8768
16,99.0,1506,8768
16,100.0,1506,8768
16,101.0,3071,8768
16,102.0,4451,8768
16,103.0,4451,8768
16,104.0,5851,14075
16,105.0,7224,14075
16,106.0,7224,14075
16,107.0,7224,14075
16,108.0,7224,14075
16,109.0,7224,14075
16,110.0,7224,14075
16,111.0,7224,14075
16,112.0,7224,14075
16,113.0,7307,14075
16,114.0,7307,14075
16,115.0,7307,14075
16,116.0,7307,14075
16,117.0,5250,14075
16,118.0,5250,14075
16,119.0,5250,14075
16,120.0,5250,14075
16,121.0,5250,14075
16,122.0,5250,14075
16,123.0,5250,14075
16,124.0,5250,14075
16,125.0,5250,14075
16,126.0,5250,14075
16,127.0,5250,14075
16,128.0,5250,14075
16,129.0,5250,14075
16,130.0,5250,14075
16,131.0,5250,14075
16,132.0,5250,14075
16,133.0,5250,14075
16,134.0,5250,14075
16,135.0,5250,14075
16,136.0,5250,14075
16,137.0,5250,14075
16,138.0,5250,14075
16,139.0,5250,14075
16,140.0,5250,14075
16,141.0,5250,14075
16,142.0,5250,14075
16,143.0,5250,14075
16,144.0,5250,14075
16,145.0,5250,14075
16,146.0,5250,14075
16,147.0,5250,14075
16,148.0,5250,14075
16,149.0,5250,14075
16,150.0,5250,14075
16,151.0,5250,14075
16,152.0,5250,14075
16,153.0,5250,14075
16,154.0,5250,14075
16,155.0,5250,14075
16,156.0,5250,14075
16,157.0,5250,14075
16,158.0,5250,14075
16,159.0,5250,14075
16,160.0,5250,14075
16,161.0,5250,14075
16,162.0,5250,14075
16,163.0,5250,14075
16,164.0,5250,14075
16,165.0,5250,14075
16,166.0,5250,14075
17,1.0,20,600
17,2.0,20,600
17,3.0,20,600
17,4.0,20,600
17,5.0,20,600
17,6.0,20,600
17,7.0,20,600
17,8.0,20,600
17,9.0,20,600
17,10.0,20,600
17,11.0,20,600
17,12.0,20,600
17,13.0,20,600
17,14.0,20,600
17,15.0,20,600
17,16.0,20,600
17,17.0,20,600
17,18.0,20,600
17,19.0,20,600
17,20.0,20,600
17,21.0,20,600
17,22.0,20,600
17,23.0,20,600
17,24.0,20,600
17,25.0,20,600
17,26.0,20,672
17,27.0,33,672
17,28.0,33,672
17,29.0,55,672
17,30.0,55,672
17,31.0,55,672
17,32.0,55,672
17,33.0,55,672
17,34.0,55,672
17,35.0,95,672
17,36.0,95,672
17,37.0,95,672
17,38.0,122,672
17,39.0,122,672
17,40.0,122,672
17,41.0,122,672
17,42.0,122,672
17,43.0,122,672
17,44.0,122,672
17,45.0,122,4284
17,46.0,122,4284
17,47.0,122,4284
17,48.0,162,4284
17,49.0,215,4284
17,50.0,215,4284
17,51.0,215,4284
17,52.0,288,4284
17,53.0,361,4284
17,54.0,361,4284
17,55.0,361,4284
17,56.0,361,4284
17,57.0,361,4284
17,58.0,361,4284
17,59.0,361,4284
17,60.0,361,4284
17,61.0,361,4284
17,62.0,361,4284
17,63.0,361,4284
17,64.0,361,4284
17,65.0,361,4284
17,66.0,361,4284
17,67.0,361,4284
17,68.0,361,4284
17,69.0,515,4284
17,70.0,515,5093
17,71.0,687,5093
17,72.0,687,6254
17,73.0,687,6254
17,74.0,687,6254
17,75.0,687,6254
17,76.0,687,6254
17,77.0,687,6254
17,78.0,687,6254
17,79.0,1159,6254
17,80.0,1611,6254
17,81.0,1611,8723
17,82.0,1611,8723
17,83.0,1611,8723
17,84.0,1521,8723
17,85.0,1521,8723
17,86.0,1521,8723
17,87.0,1521,8723
17,88.0,1521,8723
17,89.0,1521,8723
17,90.0,1521,8723
17,91.0,1521,8723
17,92.0,1521,8723
17,93.0,1521,8723
17,94.0,1521,8723
17,95.0,1335,8723
17,96.0,1335,8723
17,97.0,1335,8723
17,98.0,1335,8723
17,99.0,1335,8723
17,100.0,1335,8723
17,101.0,2709,8723
17,102.0,3940,8723
17,103.0,3940,8723
17,104.0,5231,13927
17,105.0,6464,13927
17,106.0,6464,13927
17,107.0,6464,13927
17,108.0,6464,13927
17,109.0,6464,13927
17,110.0,6464,13927
17,111.0,6464,13927
17,112.0,6464,13927
17,113.0,6554,13927
17,114.0,6554,13927
17,115.0,6554,13927
17,116.0,6554,13927
17,117.0,4744,13927
17,118.0,4744,13927
17,119.0,4744,13927
17,120.0,4744,13927
17,121.0,4744,13927
17,122.0,4744,13927
17,123.0,4744,13927
17,124.0,4744,13927
17,125.0,4744,13927
17,126.0,4744,13927
17,127.0,4744,13927
17,128.0,4744,13927
17,129.0,4744,13927
17,130.0,4744,13927
17,131.0,4744,13927
17,132.0,4744,13927
17,133.0,4744,13927
17,134.0,4744,13927
17,135.0,4744,13927
17,136.0,4744,13927
17,137.0,4744,13927
17,138.0,4744,13927
17,139.0,4744,13927
17,140.0,4744,13927
17,141.0,4744,13927
17,142.0,4744,13927
17,143.0,4744,13927
17,144.0,4744,13927
17,145.0,4744,13927
17,146.0,4744,13927
17,147.0,4744,13927
17,148.0,4744,13927
17,149.0,4744,13927
17,150.0,4744,13927
17,151.0,4744,13927
17,152.0,4744,13927
17,153.0,4744,13927
17,154.0,4744,13927
17,155.0,4744,13927
17,156.0,4744,13927
17,157.0,4744,13927
17,158.0,4744,13927
17,159.0,4744,13927
17,160.0,4744,13927
17,161.0,4744,13927
17,162.0,4744,13927
17,163.0,4744,13927
17,164.0,4744,13927
17,165.0,4744,13927
17,166.0,4744,13927
18,1.0,20,600
18,2.0,20,600
18,3.0,20,600
18,4.0,20,600
18,5.0,20,600
18,6.0,20,600
18,7.0,20,600
18,8.0,20,600
18,9.0,20,600
18,10.0,20,600
18,11.0,20,600
18,12.0,20,600
18,13.0,20,600
18,14.0,20,600
18,15.0,20,600
18,16.0,20,600
18,17.0,20,600
18,18.0,20,600
18,19.0,20,600
18,20.0,20,600
18,21.0,20,600
18,22.0,20,600
18,23.0,20,600
18,24.0,20,600
18,25.0,20,600
18,26.0,20,690
18,27.0,29,690
18,28.0,29,690
18,29.0,41,690
18,30.0,41,690
18,31.0,41,690
18,32.0,41,690
18,33.0,41,690
18,34.0,41,690
18,35.0,81,690
18,36.0,81,690
18,37.0,81,690
18,38.0,114,690
18,39.0,114,690
18,40.0,114,690
18,41.0,114,690
18,42.0,114,690
18,43.0,114,690
18,44.0,114,690
18,45.0,114,4356
18,46.0,114,4356
18,47.0,114,4356
18,48.0,161,4356
18,49.0,205,4356
18,50.0,205,4356
18,51.0,205,4356
18,52.0,253,4356
18,53.0,309,4356
18,54.0,309,4356
18,55.0,309,4356
18,56.0,309,4356
18,57.0,309,4356
18,58.0,309,4356
18,59.0,309,4356
18,60.0,309,4356
18,61.0,309,4356
18,62.0,309,4356
18,63.0,309,4356
18,64.0,309,4356
18,65.0,309,4356
18,66.0,309,4356
18,67.0,309,4356
18,68.0,309,4356
18,69.0,450,4356
18,70.0,450,5212
18,71.0,607,5212
18,72.0,607,6345
18,73.0,607,6345
18,74.0,607,6345
18,75.0,607,6345
18,76.0,607,6345
18,77.0,607,6345
18,78.0,607,6345
18,79.0,981,6345
18,80.0,1397,6345
18,81.0,1397,8848
18,82.0,1397,8848
18,83.0,1397,8848
18,84.0,1315,8848
18,85.0,1315,8848
18,86.0,1315,8848
18,87.0,1315,8848
18,88.0,1315,8848
18,89.0,1315,8848
18,90.0,1315,8848
18,91.0,1315,8848
18,92.0,1315,8848
18,93.0,1315,8848
18,94.0,1315,8848
18,95.0,1173,8848
18,96.0,1173,8848
18,97.0,1173,8848
18,98.0,1173,8848
18,99.0,1173,8848
18,100.0,1173,8848
18,101.0,2356,8848
18,102.0,3428,8848
18,103.0,3428,8848
18,104.0,4538,14147
18,105.0,5661,14147
18,106.0,5661,14147
18,107.0,5661,14147
18,108.0,5661,14147
18,109.0,5661,14147
18,110.0,5661,14147
18,111.0,5661,14147
18,112.0,5661,14147
18,113.0,6760,14147
18,114.0,6760,14147
18,115.0,6760,14147
18,116.0,6760,14147
18,117.0,4909,14147
18,118.0,4909,14147
18,119.0,4909,14147
18,120.0,4909,14147
18,121.0,4909,14147
18,122.0,4909,14147
18,123.0,4909,14147
18,124.0,4909,14147
18,125.0,4909,14147
18,126.0,4909,14147
18,127.0,4909,14147
18,128.0,4909,14147
18,129.0,4909,14147
18,130.0,4909,14147
18,131.0,4909,14147
18,132.0,4909,14147
18,133.0,4909,14147
18,134.0,4909,14147
18,135.0,4909,14147
18,136.0,4909,14147
18,137.0,4909,14147
18,138.0,4909,14147
18,139.0,4909,14147
18,140.0,4909,14147
18,141.0,4909,14147
18,142.0,4909,14147
18,143.0,4909,14147
18,144.0,4909,14147
18,145.0,4909,14147
18,146.0,4909,14147
18,147.0,4909,14147
18,148.0,4909,14147
18,149.0,4909,14147
18,150.0,4909,14147
18,151.0,4909,14147
18,152.0,4909,14147
18,153.0,4909,14147
18,154.0,4909,14147
18,155.0,4909,14147
18,156.0,4909,14147
18,157.0,4909,14147
18,158.0,4909,14147
18,159.0,4909,14147
18,160.0,4909,14147
18,161.0,4909,14147
18,162.0,4909,14147
18,163.0,4909,14147
18,164.0,4909,14147
18,165.0,4909,14147
18,166.0,4909,14147
19,1.0,20,600
19,2.0,20,600
19,3.0,20,600
19,4.0,20,600
19,5.0,20,600
19,6.0,20,600
19,7.0,20,600
19,8.0,20,600
19,9.0,20,600
19,10.0,20,600
19,11.0,20,600
19,12.0,20,600
19,13.0,20,600
19,14.0,20,600
19,15.0,20,600
19,16.0,20,600
19,17.0,20,600
19,18.0,20,600
19,19.0,20,600
19,20.0,20,600
19,21.0,20,600
19,22.0,20,600
19,23.0,20,600
19,24.0,20,600
19,25.0,20,600
19,26.0,20,678
19,27.0,33,678
19,28.0,33,678
19,29.0,47,678
19,30.0,47,678
19,31.0,47,678
19,32.0,47,678
19,33.0,47,678
19,34.0,47,678
19,35.0,87,678
19,36.0,87,678
19,37.0,87,678
19,38.0,114,678
19,39.0,114,678
19,40.0,114,678
19,41.0,114,678
19,42.0,114,678
19,43.0,114,678
19,44.0,114,678
19,45.0,114,4266
19,46.0,114,4266
19,47.0,114,4266
19,48.0,157,4266
19,49.0,202,4266
19,50.0,202,4266
19,51.0,202,4266
19,52.0,268,4266
19,53.0,328,4266
19,54.0,328,4266
19,55.0,328,4266
19,56.0,328,4266
19,57.0,328,4266
19,58.0,328,4266
19,59.0,328,4266
19,60.0,328,4266
19,61.0,328,4266
19,62.0,328,4266
19,63.0,328,4266
19,64.0,328,4266
19,65.0,328,4266
19,66.0,328,4266
19,67.0,328,4266
19,68.0,328,4266
19,69.0,475,4266
19,70.0,475,5137
19,71.0,627,5137
19,72.0,627,6268
19,73.0,627,6268
19,74.0,627,6268
19,75.0,627,6268
19,76.0,627,6268
19,77.0,627,6268
19,78.0,627,6268
19,79.0,1022,6268
19,80.0,1450,6268
19,81.0,1450,8644
19,82.0,1450,8644
19,83.0,1450,8644
19,84.0,1368,8644
19,85.0,1368,8644
19,86.0,1368,8644
19,87.0,1368,8644
19,88.0,1368,8644
19,89.0,1368,8644
19,90.0,1368,8644
19,91.0,1368,8644
19,92.0,1368,8644
19,93.0,1368,8644
19,94.0,1368,8644
19,95.0,1217,8644
19,96.0,1217,8644
19,97.0,1217,8644
19,98.0,1217,8644
19,99.0,1217,8644
19,100.0,1217,8644
19,101.0,2462,8644
19,102.0,3577,8644
19,103.0,3577,8644
19,104.0,4691,13691
19,105.0,5833,13691
19,106.0,5833,13691
19,107.0,5833,13691
19,108.0,5833,13691
19,109.0,5833,13691
19,110.0,5833,13691
19,111.0,5833,13691
19,112.0,5833,13691
19,113.0,6961,13691
19,114.0,6961,13691
19,115.0,6961,13691
19,116.0,6961,13691
19,117.0,5045,13691
19,118.0,5045,13691
19,119.0,5045,13691
19,120.0,5045,13691
19,121.0,5045,13691
19,122.0,5045,13691
19,123.0,5045,13691
19,124.0,5045,13691
19,125.0,5045,13691
19,126.0,5045,13691
19,127.0,5045,13691
19,128.0,5045,13691
19,129.0,5045,13691
19,130.0,5045,13691
19,131.0,5045,13691
19,132.0,5045,13691
19,133.0,5045,13691
19,134.0,5045,13691
19,135.0,5045,13691
19,136.0,5045,13691
19,137.0,5045,13691
19,138.0,5045,13691
19,139.0,5045,13691
19,140.0,5045,13691
19,141.0,5045,13691
19,142.0,5045,13691
19,143.0,5045,13691
19,144.0,5045,13691
19,145.0,5045,13691
19,146.0,5045,13691
19,147.0,5045,13691
19,148.0,5045,13691
19,149.0,5045,13691
19,150.0,5045,13691
19,151.0,5045,13691
19,152.0,5045,13691
19,153.0,5045,13691
19,154.0,5045,13691
19,155.0,5045,13691
19,156.0,5045,13691
19,157.0,5045,13691
19,158.0,5045,13691
19,159.0,5045,13691
19,160.0,5045,13691
19,161.0,5045,13691
19,162.0,5045,13691
19,163.0,5045,13691
19,164.0,5045,13691
19,165.0,5045,13691
19,166.0,5045,13691
20,1.0,20,600
20,2.0,20,600
20,3.0,20,600
20,4.0,20,600
20,5.0,20,600
20,6.0,20,600
20,7.0,20,600
20,8.0,20,600
20,9.0,20,600
20,10.0,20,600
20,11.0,20,600
20,12.0,20,600
20,13.0,20,600
20,14.0,20,600
20,15.0,20,600
20,16.0,20,600
20,17.0,20,600
20,18.0,20,600
20,19.0,20,600
20,20.0,20,600
20,21.0,20,600
20,22.0,20,600
20,23.0,20,600
20,24.0,20,600
20,25.0,20,600
20,26.0,20,648
20,27.0,32,648
20,28.0,32,648
20,29.0,58,648
20,30.0,58,648
20,31.0,58,648
20,32.0,58,648
20,33.0,58,648
20,34.0,58,648
20,35.0,98,648
20,36.0,98,648
20,37.0,98,648
20,38.0,124,648
20,39.0,124,648
20,40.0,124,648
20,41.0,124,648
20,42.0,124,648
20,43.0,124,648
20,44.0,124,648
20,45.0,124,4248
20,46.0,124,4248
20,47.0,124,4248
20,48.0,184,4248
20,49.0,246,4248
20,50.0,246,4248
20,51.0,246,4248
20,52.0,327,4248
20,53.0,412,4248
20,54.0,412,4248
20,55.0,412,4248
20,56.0,412,4248
20,57.0,412,4248
20,58.0,412,4248
20,59.0,412,4248
20,60.0,412,4248
20,61.0,412,4248
20,62.0,412,4248
20,63.0,412,4248
20,64.0,412,4248
20,65.0,412,4248
20,66.0,412,4248
20,67.0,412,4248
20,68.0,412,4248
20,69.0,570,4248
20,70.0,570,5070
20,71.0,742,5070
20,72.0,742,6185
20,73.0,742,6185
20,74.0,742,6185
20,75.0,742,6185
20,76.0,742,6185
20,77.0,742,6185
20,78.0,742,6185
20,79.0,1245,6185
20,80.0,1798,6185
20,81.0,1798,8534
20,82.0,1798,8534
20,83.0,1798,8534
20,84.0,1691,8534
20,85.0,1691,8534
20,86.0,1691,8534
20,87.0,1691,8534
20,88.0,1691,8534
20,89.0,1691,8534
20,90.0,1691,8534
20,91.0,1691,8534
20,92.0,1691,8534
20,93.0,1691,8534
20,94.0,1691,8534
20,95.0,1481,8534
20,96.0,1481,8534
20,97.0,1481,8534
20,98.0,1481,8534
20,99.0,1481,8534
20,100.0,1481,8534
20,101.0,3012,8534
20,102.0,4428,8534
20,103.0,4428,8534
20,104.0,5854,13618
20,105.0,5947,13618
20,106.0,5947,13618
20,107.0,5947,13618
20,108.0,5947,13618
20,109.0,5947,13618
20,110.0,5947,13618
20,111.0,5947,13618
20,112.0,5947,13618
20,113.0,6037,13618
20,114.0,6037,13618
20,115.0,6037,13618
20,116.0,6037,13618
20,117.0,4396,13618
20,118.0,4396,13618
20,119.0,4396,13618
20,120.0,4396,13618
20,121.0,4396,13618
20,122.0,4396,13618
20,123.0,4396,13618
20,124.0,4396,13618
20,125.0,4396,13618
20,126.0,4396,13618
20,127.0,4396,13618
20,128.0,4396,13618
20,129.0,4396,13618
20,130.0,4396,13618
20,131.0,4396,13618
20,132.0,4396,13618
20,133.0,4396,13618
20,134.0,4396,13618
20,135.0,4396,13618
20,136.0,4396,13618
20,137.0,4396,13618
20,138.0,4396,13618
20,139.0,4396,13618
20,140.0,4396,13618
20,141.0,4396,13618
20,142.0,4396,13618
20,143.0,4396,13618
20,144.0,4396,13618
20,145.0,4396,13618
20,146.0,4396,13618
20,147.0,4396,13618
20,148.0,4396,13618
20,149.0,4396,13618
20,150.0,4396,13618
20,151.0,4396,13618
20,152.0,4396,13618
20,153.0,4396,13618
20,154.0,4396,13618
20,155.0,4396,13618
20,156.0,4396,13618
20,157.0,4396,13618
20,158.0,4396,13618
20,159.0,4396,13618
20,160.0,4396,13618
20,161.0,4396,13618
20,162.0,4396,13618
20,163.0,4396,13618
20,164.0,4396,13618
20,165.0,4396,13618
20,166.0,4396,13618
