"run","tick","GRCount","STCount"
1,1.0,8,1500
1,2.0,8,1500
1,3.0,8,1500
1,4.0,8,1500
1,5.0,8,1500
1,6.0,8,1500
1,7.0,8,1500
1,8.0,8,1500
1,9.0,8,1500
1,10.0,8,1500
1,11.0,8,1500
1,12.0,8,1500
1,13.0,8,1500
1,14.0,8,1500
1,15.0,8,1500
1,16.0,8,1500
1,17.0,8,1500
1,18.0,8,1500
1,19.0,8,1500
1,20.0,8,1500
1,21.0,8,1500
1,22.0,8,1500
1,23.0,8,1500
1,24.0,8,1500
1,25.0,8,1588
1,26.0,8,1588
1,27.0,9,1588
1,28.0,9,1588
1,29.0,11,2036
1,30.0,11,2036
1,31.0,11,2036
1,32.0,11,2036
1,33.0,11,2036
1,34.0,11,2036
1,35.0,16,2036
1,36.0,16,2036
1,37.0,16,2036
1,38.0,20,2036
1,39.0,20,2036
1,40.0,20,2036
1,41.0,20,2036
1,42.0,20,2036
1,43.0,20,2036
1,44.0,20,5383
1,45.0,20,5383
1,46.0,20,5383
1,47.0,20,5383
1,48.0,24,5383
1,49.0,29,5383
1,50.0,29,5383
1,51.0,29,5383
1,52.0,36,5383
1,53.0,38,5383
1,54.0,43,5383
1,55.0,42,5383
1,56.0,38,5383
1,57.0,38,5383
1,58.0,36,5383
1,59.0,36,5383
1,60.0,35,5383
1,61.0,35,5383
1,62.0,35,5383
1,63.0,35,5383
1,64.0,35,5383
1,65.0,35,5383
1,66.0,35,5383
1,67.0,35,5383
1,68.0,35,5383
1,69.0,36,5430
1,70.0,36,5430
1,71.0,39,5472
1,72.0,35,5383
1,73.0,35,5383
1,74.0,35,5383
1,75.0,34,5383
1,76.0,33,5383
1,77.0,32,5383
1,78.0,32,5383
1,79.0,32,5383
1,80.0,32,5383
1,81.0,32,5383
1,82.0,32,5383
1,83.0,32,5383
1,84.0,27,5383
1,85.0,27,5383
1,86.0,26,5383
1,87.0,26,5383
1,88.0,24,5383
1,89.0,24,5383
1,90.0,22,5383
1,91.0,22,5383
1,92.0,21,5383
1,93.0,21,5383
1,94.0,21,5383
1,95.0,14,5383
1,96.0,13,5383
1,97.0,13,5383
1,98.0,13,5383
1,99.0,13,5383
1,100.0,13,5383
1,101.0,8,5383
1,102.0,11,14069
1,103.0,11,14069
1,104.0,6,14069
1,105.0,6,14069
1,106.0,6,14069
1,107.0,6,14069
1,108.0,4,14069
1,109.0,4,14069
1,110.0,4,14069
1,111.0,4,14069
1,112.0,4,14069
1,113.0,4,14069
1,114.0,4,14069
1,115.0,4,14069
1,116.0,4,14069
1,117.0,1,14069
1,118.0,1,14069
1,119.0,1,14069
1,120.0,1,14069
1,121.0,1,14069
1,122.0,1,14069
1,123.0,1,14069
1,124.0,1,14069
1,125.0,1,14069
1,126.0,1,14069
1,127.0,1,14069
1,128.0,1,14069
1,129.0,1,14069
1,130.0,1,14069
1,131.0,1,14069
1,132.0,1,14069
1,133.0,1,14069
1,134.0,1,14069
1,135.0,1,14069
1,136.0,1,14069
1,137.0,1,14069
1,138.0,1,14069
1,139.0,1,14069
1,140.0,1,14069
1,141.0,1,14069
1,142.0,1,14069
1,143.0,1,14069
1,144.0,1,14069
1,145.0,1,14069
1,146.0,1,14069
1,147.0,1,14069
1,148.0,1,14069
1,149.0,1,14069
1,150.0,1,14069
1,151.0,1,14069
1,152.0,1,14069
1,153.0,1,14069
1,154.0,1,14069
1,155.0,1,14069
1,156.0,1,14069
1,157.0,1,14069
1,158.0,1,14069
1,159.0,1,14069
1,160.0,1,14069
1,161.0,1,14069
1,162.0,1,14069
1,163.0,1,14069
1,164.0,1,14069
1,165.0,1,14069
1,166.0,1,14069
2,1.0,8,1500
2,2.0,8,1500
2,3.0,8,1500
2,4.0,8,1500
2,5.0,8,1500
2,6.0,8,1500
2,7.0,8,1500
2,8.0,8,1500
2,9.0,8,1500
2,10.0,8,1500
2,11.0,8,1500
2,12.0,8,1500
2,13.0,8,1500
2,14.0,8,1500
2,15.0,8,1500
2,16.0,8,1500
2,17.0,8,1500
2,18.0,8,1500
2,19.0,8,1500
2,20.0,8,1500
2,21.0,8,1500
2,22.0,8,1500
2,23.0,8,1500
2,24.0,8,1500
2,25.0,8,1584
2,26.0,8,1584
2,27.0,11,1584
2,28.0,11,1584
2,29.0,17,2090
2,30.0,17,2090
2,31.0,17,2090
2,32.0,17,2090
2,33.0,17,2090
2,34.0,17,2090
2,35.0,19,2090
2,36.0,19,2090
2,37.0,19,2090
2,38.0,20,2090
2,39.0,20,2090
2,40.0,20,2090
2,41.0,20,2090
2,42.0,20,2090
2,43.0,20,2090
2,44.0,20,5432
2,45.0,20,5432
2,46.0,20,5432
2,47.0,20,5432
2,48.0,25,5432
2,49.0,30,5432
2,50.0,30,5432
2,51.0,30,5432
2,52.0,37,5432
2,53.0,45,5432
2,54.0,50,5432
2,55.0,47,5432
2,56.0,45,5432
2,57.0,45,5432
2,58.0,43,5432
2,59.0,43,5432
2,60.0,42,5432
2,61.0,42,5432
2,62.0,42,5432
2,63.0,42,5432
2,64.0,42,5432
2,65.0,42,5432
2,66.0,42,5432
2,67.0,42,5432
2,68.0,42,5432
2,69.0,46,5489
2,70.0,46,5489
2,71.0,54,5542
2,72.0,42,5432
2,73.0,42,5432
2,74.0,42,5432
2,75.0,42,5432
2,76.0,40,5432
2,77.0,38,5432
2,78.0,38,5432
2,79.0,37,5432
2,80.0,37,5432
2,81.0,33,5432
2,82.0,33,5432
2,83.0,33,5432
2,84.0,22,5432
2,85.0,22,5432
2,86.0,22,5432
2,87.0,22,5432
2,88.0,22,5432
2,89.0,22,5432
2,90.0,22,5432
2,91.0,22,5432
2,92.0,22,5432
2,93.0,22,5432
2,94.0,22,5432
2,95.0,16,5432
2,96.0,16,5432
2,97.0,16,5432
2,98.0,16,5432
2,99.0,16,5432
2,100.0,16,5432
2,101.0,6,5432
2,102.0,6,14009
2,103.0,6,14009
2,104.0,5,14009
2,105.0,5,14009
2,106.0,4,14009
2,107.0,4,14009
2,108.0,3,14009
2,109.0,3,14009
2,110.0,3,14009
2,111.0,3,14009
2,112.0,3,14009
2,113.0,3,14009
2,114.0,3,14009
2,115.0,3,14009
2,116.0,3,14009
2,117.0,2,14009
2,118.0,2,14009
2,119.0,2,14009
2,120.0,2,14009
2,121.0,2,14009
2,122.0,2,14009
2,123.0,2,14009
2,124.0,2,14009
2,125.0,2,14009
2,126.0,2,14009
2,127.0,2,14009
2,128.0,2,14009
2,129.0,2,14009
2,130.0,2,14009
2,131.0,2,14009
2,132.0,2,14009
2,133.0,2,14009
2,134.0,2,14009
2,135.0,2,14009
2,136.0,2,14009
2,137.0,2,14009
2,138.0,2,14009
2,139.0,2,14009
2,140.0,2,14009
2,141.0,2,14009
2,142.0,2,14009
2,143.0,2,14009
2,144.0,2,14009
2,145.0,2,14009
2,146.0,2,14009
2,147.0,2,14009
2,148.0,2,14009
2,149.0,2,14009
2,150.0,2,14009
2,151.0,2,14009
2,152.0,2,14009
2,153.0,2,14009
2,154.0,2,14009
2,155.0,2,14009
2,156.0,2,14009
2,157.0,2,14009
2,158.0,2,14009
2,159.0,2,14009
2,160.0,2,14009
2,161.0,2,14009
2,162.0,2,14009
2,163.0,2,14009
2,164.0,2,14009
2,165.0,2,14009
2,166.0,2,14009
3,1.0,8,1500
3,2.0,8,1500
3,3.0,8,1500
3,4.0,8,1500
3,5.0,8,1500
3,6.0,8,1500
3,7.0,8,1500
3,8.0,8,1500
3,9.0,8,1500
3,10.0,8,1500
3,11.0,8,1500
3,12.0,8,1500
3,13.0,8,1500
3,14.0,8,1500
3,15.0,8,1500
3,16.0,8,1500
3,17.0,8,1500
3,18.0,8,1500
3,19.0,8,1500
3,20.0,8,1500
3,21.0,8,1500
3,22.0,8,1500
3,23.0,8,1500
3,24.0,8,1500
3,25.0,8,1570
3,26.0,8,1570
3,27.0,11,1570
3,28.0,11,1570
3,29.0,14,2080
3,30.0,14,2080
3,31.0,14,2080
3,32.0,14,2080
3,33.0,14,2080
3,34.0,14,2080
3,35.0,19,2080
3,36.0,19,2080
3,37.0,19,2080
3,38.0,24,2080
3,39.0,24,2080
3,40.0,24,2080
3,41.0,24,2080
3,42.0,24,2080
3,43.0,24,2080
3,44.0,24,5412
3,45.0,24,5412
3,46.0,24,5412
3,47.0,24,5412
3,48.0,29,5412
3,49.0,32,5412
3,50.0,32,5412
3,51.0,32,5412
3,52.0,36,5412
3,53.0,43,5412
3,54.0,50,5412
3,55.0,47,5412
3,56.0,47,5412
3,57.0,47,5412
3,58.0,45,5412
3,59.0,45,5412
3,60.0,42,5412
3,61.0,42,5412
3,62.0,42,5412
3,63.0,42,5412
3,64.0,42,5412
3,65.0,42,5412
3,66.0,42,5412
3,67.0,42,5412
3,68.0,42,5412
3,69.0,49,6197
3,70.0,49,6197
3,71.0,53,6241
3,72.0,42,5412
3,73.0,42,5412
3,74.0,42,5412
3,75.0,42,5412
3,76.0,42,5412
3,77.0,40,5412
3,78.0,40,5412
3,79.0,38,5412
3,80.0,38,8725
3,81.0,36,8725
3,82.0,36,8725
3,83.0,36,8725
3,84.0,26,8725
3,85.0,26,8725
3,86.0,26,8725
3,87.0,26,8725
3,88.0,26,8725
3,89.0,26,8725
3,90.0,23,8725
3,91.0,23,8725
3,92.0,22,8725
3,93.0,22,8725
3,94.0,22,8725
3,95.0,19,8725
3,96.0,19,8725
3,97.0,19,8725
3,98.0,19,8725
3,99.0,19,8725
3,100.0,19,8725
3,101.0,17,8725
3,102.0,21,11095
3,103.0,20,11095
3,104.0,23,11095
3,105.0,26,11095
3,106.0,24,11095
3,107.0,21,11095
3,108.0,21,11095
3,109.0,20,11095
3,110.0,20,11095
3,111.0,20,11095
3,112.0,20,11095
3,113.0,20,11095
3,114.0,20,11095
3,115.0,20,11095
3,116.0,20,11095
3,117.0,12,11095
3,118.0,12,11095
3,119.0,12,11095
3,120.0,12,11095
3,121.0,12,11095
3,122.0,12,11095
3,123.0,12,11095
3,124.0,12,11095
3,125.0,12,11095
3,126.0,12,11095
3,127.0,12,11095
3,128.0,12,11095
3,129.0,12,11095
3,130.0,12,11095
3,131.0,12,11095
3,132.0,12,11095
3,133.0,12,11095
3,134.0,12,11095
3,135.0,12,11095
3,136.0,12,11095
3,137.0,12,11095
3,138.0,12,11095
3,139.0,12,11095
3,140.0,12,11095
3,141.0,12,11095
3,142.0,12,11095
3,143.0,12,11095
3,144.0,12,11095
3,145.0,12,11095
3,146.0,12,11095
3,147.0,12,11095
3,148.0,12,11095
3,149.0,12,11095
3,150.0,12,11095
3,151.0,12,11095
3,152.0,12,11095
3,153.0,12,11095
3,154.0,12,11095
3,155.0,12,11095
3,156.0,12,11095
3,157.0,12,11095
3,158.0,12,11095
3,159.0,12,11095
3,160.0,12,11095
3,161.0,12,11095
3,162.0,12,11095
3,163.0,12,11095
3,164.0,12,11095
3,165.0,12,11095
3,166.0,12,11095
4,1.0,8,1500
4,2.0,8,1500
4,3.0,8,1500
4,4.0,8,1500
4,5.0,8,1500
4,6.0,8,1500
4,7.0,8,1500
4,8.0,8,1500
4,9.0,8,1500
4,10.0,8,1500
4,11.0,8,1500
4,12.0,8,1500
4,13.0,8,1500
4,14.0,8,1500
4,15.0,8,1500
4,16.0,8,1500
4,17.0,8,1500
4,18.0,8,1500
4,19.0,8,1500
4,20.0,8,1500
4,21.0,8,1500
4,22.0,8,1500
4,23.0,8,1500
4,24.0,8,1500
4,25.0,8,1591
4,26.0,8,1591
4,27.0,8,1591
4,28.0,8,1591
4,29.0,9,2050
4,30.0,9,2050
4,31.0,9,2050
4,32.0,9,2050
4,33.0,9,2050
4,34.0,9,2050
4,35.0,11,2050
4,36.0,11,2050
4,37.0,11,2050
4,38.0,14,2050
4,39.0,14,2050
4,40.0,14,2050
4,41.0,14,2050
4,42.0,14,2050
4,43.0,14,2050
4,44.0,14,5352
4,45.0,14,5352
4,46.0,14,5352
4,47.0,14,5352
4,48.0,17,5352
4,49.0,23,5352
4,50.0,23,5352
4,51.0,23,5352
4,52.0,28,5352
4,53.0,29,5352
4,54.0,32,5352
4,55.0,32,5352
4,56.0,31,5352
4,57.0,31,5352
4,58.0,26,5352
4,59.0,26,5352
4,60.0,24,5352
4,61.0,24,5352
4,62.0,24,5352
4,63.0,24,5352
4,64.0,24,5352
4,65.0,24,5352
4,66.0,24,5352
4,67.0,24,5352
4,68.0,24,5352
4,69.0,26,6119
4,70.0,26,6119
4,71.0,31,6170
4,72.0,24,5352
4,73.0,24,5352
4,74.0,24,5352
4,75.0,24,5352
4,76.0,24,5352
4,77.0,23,5352
4,78.0,23,5352
4,79.0,23,5352
4,80.0,23,5352
4,81.0,23,5352
4,82.0,23,5352
4,83.0,23,5352
4,84.0,16,5352
4,85.0,16,5352
4,86.0,15,5352
4,87.0,15,5352
4,88.0,15,5352
4,89.0,15,5352
4,90.0,15,5352
4,91.0,15,5352
4,92.0,15,5352
4,93.0,15,5352
4,94.0,14,5352
4,95.0,9,5352
4,96.0,9,5352
4,97.0,9,5352
4,98.0,9,5352
4,99.0,9,5352
4,100.0,9,5352
4,101.0,10,5352
4,102.0,12,14046
4,103.0,11,14046
4,104.0,10,14046
4,105.0,12,14046
4,106.0,12,14046
4,107.0,10,14046
4,108.0,10,14046
4,109.0,9,14046
4,110.0,9,14046
4,111.0,9,14046
4,112.0,9,14046
4,113.0,9,14046
4,114.0,9,14046
4,115.0,9,14046
4,116.0,9,14046
4,117.0,7,14046
4,118.0,7,14046
4,119.0,7,14046
4,120.0,7,14046
4,121.0,7,14046
4,122.0,7,14046
4,123.0,7,14046
4,124.0,7,14046
4,125.0,7,14046
4,126.0,7,14046
4,127.0,7,14046
4,128.0,7,14046
4,129.0,7,14046
4,130.0,7,14046
4,131.0,7,14046
4,132.0,7,14046
4,133.0,7,14046
4,134.0,7,14046
4,135.0,7,14046
4,136.0,7,14046
4,137.0,7,14046
4,138.0,7,14046
4,139.0,7,14046
4,140.0,7,14046
4,141.0,7,14046
4,142.0,7,14046
4,143.0,7,14046
4,144.0,7,14046
4,145.0,7,14046
4,146.0,7,14046
4,147.0,7,14046
4,148.0,7,14046
4,149.0,7,14046
4,150.0,7,14046
4,151.0,7,14046
4,152.0,7,14046
4,153.0,7,14046
4,154.0,7,14046
4,155.0,7,14046
4,156.0,7,14046
4,157.0,7,14046
4,158.0,7,14046
4,159.0,7,14046
4,160.0,7,14046
4,161.0,7,14046
4,162.0,7,14046
4,163.0,7,14046
4,164.0,7,14046
4,165.0,7,14046
4,166.0,7,14046
5,1.0,8,1500
5,2.0,8,1500
5,3.0,8,1500
5,4.0,8,1500
5,5.0,8,1500
5,6.0,8,1500
5,7.0,8,1500
5,8.0,8,1500
5,9.0,8,1500
5,10.0,8,1500
5,11.0,8,1500
5,12.0,8,1500
5,13.0,8,1500
5,14.0,8,1500
5,15.0,8,1500
5,16.0,8,1500
5,17.0,8,1500
5,18.0,8,1500
5,19.0,8,1500
5,20.0,8,1500
5,21.0,8,1500
5,22.0,8,1500
5,23.0,8,1500
5,24.0,8,1500
5,25.0,8,1606
5,26.0,8,1606
5,27.0,10,1606
5,28.0,10,1606
5,29.0,13,2121
5,30.0,13,2121
5,31.0,13,2121
5,32.0,13,2121
5,33.0,13,2121
5,34.0,13,2121
5,35.0,16,2121
5,36.0,16,2121
5,37.0,16,2121
5,38.0,20,2121
5,39.0,20,2121
5,40.0,20,2121
5,41.0,20,2121
5,42.0,20,2121
5,43.0,20,2121
5,44.0,20,5368
5,45.0,20,5368
5,46.0,20,5368
5,47.0,20,5368
5,48.0,30,5368
5,49.0,33,5368
5,50.0,33,5368
5,51.0,33,5368
5,52.0,36,5368
5,53.0,45,5368
5,54.0,50,5368
5,55.0,49,5368
5,56.0,47,5368
5,57.0,47,5368
5,58.0,46,5368
5,59.0,46,5368
5,60.0,42,5368
5,61.0,42,5368
5,62.0,42,5368
5,63.0,42,5368
5,64.0,42,5368
5,65.0,42,5368
5,66.0,42,5368
5,67.0,42,5368
5,68.0,42,5368
5,69.0,49,6158
5,70.0,49,6158
5,71.0,58,6199
5,72.0,42,6158
5,73.0,42,6158
5,74.0,42,6158
5,75.0,40,6158
5,76.0,39,6158
5,77.0,38,6158
5,78.0,38,6158
5,79.0,37,6158
5,80.0,37,6158
5,81.0,37,6158
5,82.0,37,6158
5,83.0,37,6158
5,84.0,27,6158
5,85.0,27,6158
5,86.0,25,6158
5,87.0,25,6158
5,88.0,25,6158
5,89.0,25,6158
5,90.0,23,6158
5,91.0,23,6158
5,92.0,23,6158
5,93.0,23,6158
5,94.0,22,6158
5,95.0,14,6158
5,96.0,14,6158
5,97.0,14,6158
5,98.0,14,6158
5,99.0,14,6158
5,100.0,14,6158
5,101.0,4,6158
5,102.0,4,8786
5,103.0,4,8786
5,104.0,4,8786
5,105.0,3,8786
5,106.0,1,8786
5,107.0,1,8786
5,108.0,1,8786
5,109.0,1,8786
5,110.0,1,8786
5,111.0,1,8786
5,112.0,1,8786
5,113.0,1,8786
5,114.0,1,8786
5,115.0,1,8786
5,116.0,1,8786
5,117.0,1,8786
5,118.0,1,8786
5,119.0,1,8786
5,120.0,1,8786
5,121.0,1,8786
5,122.0,1,8786
5,123.0,1,8786
5,124.0,1,8786
5,125.0,1,8786
5,126.0,1,8786
5,127.0,1,8786
5,128.0,1,8786
5,129.0,1,8786
5,130.0,1,8786
5,131.0,1,8786
5,132.0,1,8786
5,133.0,1,8786
5,134.0,1,8786
5,135.0,1,8786
5,136.0,1,8786
5,137.0,1,8786
5,138.0,1,8786
5,139.0,1,8786
5,140.0,1,8786
5,141.0,1,8786
5,142.0,1,8786
5,143.0,1,8786
5,144.0,1,8786
5,145.0,1,8786
5,146.0,1,8786
5,147.0,1,8786
5,148.0,1,8786
5,149.0,1,8786
5,150.0,1,8786
5,151.0,1,8786
5,152.0,1,8786
5,153.0,1,8786
5,154.0,1,8786
5,155.0,1,8786
5,156.0,1,8786
5,157.0,1,8786
5,158.0,1,8786
5,159.0,1,8786
5,160.0,1,8786
5,161.0,1,8786
5,162.0,1,8786
5,163.0,1,8786
5,164.0,1,8786
5,165.0,1,8786
5,166.0,1,8786
6,1.0,8,1500
6,2.0,8,1500
6,3.0,8,1500
6,4.0,8,1500
6,5.0,8,1500
6,6.0,8,1500
6,7.0,8,1500
6,8.0,8,1500
6,9.0,8,1500
6,10.0,8,1500
6,11.0,8,1500
6,12.0,8,1500
6,13.0,8,1500
6,14.0,8,1500
6,15.0,8,1500
6,16.0,8,1500
6,17.0,8,1500
6,18.0,8,1500
6,19.0,8,1500
6,20.0,8,1500
6,21.0,8,1500
6,22.0,8,1500
6,23.0,8,1500
6,24.0,8,1500
6,25.0,8,1583
6,26.0,8,1583
6,27.0,10,1583
6,28.0,10,1583
6,29.0,12,2043
6,30.0,12,2043
6,31.0,12,2043
6,32.0,12,2043
6,33.0,12,2043
6,34.0,12,2043
6,35.0,17,2043
6,36.0,17,2043
6,37.0,17,2043
6,38.0,20,2043
6,39.0,20,2043
6,40.0,20,2043
6,41.0,20,2043
6,42.0,20,2043
6,43.0,20,2043
6,44.0,20,5222
6,45.0,20,5222
6,46.0,20,5222
6,47.0,20,5222
6,48.0,23,5222
6,49.0,27,5222
6,50.0,27,5222
6,51.0,27,5222
6,52.0,34,5222
6,53.0,40,5222
6,54.0,47,5222
6,55.0,45,5222
6,56.0,43,5222
6,57.0,43,5222
6,58.0,42,5222
6,59.0,42,5222
6,60.0,39,5222
6,61.0,39,5222
6,62.0,39,5222
6,63.0,39,5222
6,64.0,39,5222
6,65.0,39,5222
6,66.0,39,5222
6,67.0,39,5222
6,68.0,39,5222
6,69.0,43,5975
6,70.0,43,5975
6,71.0,49,6022
6,72.0,39,5222
6,73.0,39,5222
6,74.0,39,5222
6,75.0,39,5222
6,76.0,39,5222
6,77.0,37,5222
6,78.0,37,5222
6,79.0,50,5222
6,80.0,68,5222
6,81.0,67,5222
6,82.0,67,5222
6,83.0,67,5222
6,84.0,58,5222
6,85.0,58,5222
6,86.0,56,5222
6,87.0,56,5222
6,88.0,56,5222
6,89.0,56,5222
6,90.0,54,5222
6,91.0,54,5222
6,92.0,54,5222
6,93.0,54,5222
6,94.0,53,5222
6,95.0,43,5222
6,96.0,43,5222
6,97.0,43,5222
6,98.0,43,5222
6,99.0,43,5222
6,100.0,43,5222
6,101.0,30,5222
6,102.0,30,5222
6,103.0,30,5222
6,104.0,30,5222
6,105.0,30,5222
6,106.0,29,5222
6,107.0,28,5222
6,108.0,25,5222
6,109.0,23,5222
6,110.0,23,5222
6,111.0,23,5222
6,112.0,23,5222
6,113.0,23,5222
6,114.0,23,5222
6,115.0,23,5222
6,116.0,23,5222
6,117.0,16,5222
6,118.0,16,5222
6,119.0,16,5222
6,120.0,16,5222
6,121.0,16,5222
6,122.0,16,5222
6,123.0,16,5222
6,124.0,16,5222
6,125.0,16,5222
6,126.0,16,5222
6,127.0,16,5222
6,128.0,16,5222
6,129.0,16,5222
6,130.0,16,5222
6,131.0,16,5222
6,132.0,16,5222
6,133.0,16,5222
6,134.0,16,5222
6,135.0,16,5222
6,136.0,16,5222
6,137.0,16,5222
6,138.0,16,5222
6,139.0,16,5222
6,140.0,16,5222
6,141.0,16,5222
6,142.0,16,5222
6,143.0,16,5222
6,144.0,16,5222
6,145.0,16,5222
6,146.0,16,5222
6,147.0,16,5222
6,148.0,16,5222
6,149.0,16,5222
6,150.0,16,5222
6,151.0,16,5222
6,152.0,16,5222
6,153.0,16,5222
6,154.0,16,5222
6,155.0,16,5222
6,156.0,16,5222
6,157.0,16,5222
6,158.0,16,5222
6,159.0,16,5222
6,160.0,16,5222
6,161.0,16,5222
6,162.0,16,5222
6,163.0,16,5222
6,164.0,16,5222
6,165.0,16,5222
6,166.0,16,5222
7,1.0,8,1500
7,2.0,8,1500
7,3.0,8,1500
7,4.0,8,1500
7,5.0,8,1500
7,6.0,8,1500
7,7.0,8,1500
7,8.0,8,1500
7,9.0,8,1500
7,10.0,8,1500
7,11.0,8,1500
7,12.0,8,1500
7,13.0,8,1500
7,14.0,8,1500
7,15.0,8,1500
7,16.0,8,1500
7,17.0,8,1500
7,18.0,8,1500
7,19.0,8,1500
7,20.0,8,1500
7,21.0,8,1500
7,22.0,8,1500
7,23.0,8,1500
7,24.0,8,1500
7,25.0,8,1566
7,26.0,8,1566
7,27.0,10,1566
7,28.0,10,1566
7,29.0,11,2092
7,30.0,11,2092
7,31.0,11,2092
7,32.0,11,2092
7,33.0,11,2092
7,34.0,11,2092
7,35.0,14,2092
7,36.0,14,2092
7,37.0,14,2092
7,38.0,18,2092
7,39.0,18,2092
7,40.0,18,2092
7,41.0,18,2092
7,42.0,18,2092
7,43.0,18,2092
7,44.0,18,5342
7,45.0,18,5342
7,46.0,18,5342
7,47.0,18,5342
7,48.0,25,5342
7,49.0,30,5342
7,50.0,30,5342
7,51.0,30,5342
7,52.0,36,5342
7,53.0,44,5342
7,54.0,51,5342
7,55.0,50,5342
7,56.0,47,5342
7,57.0,47,5342
7,58.0,46,5342
7,59.0,46,5342
7,60.0,43,5342
7,61.0,43,5342
7,62.0,43,5342
7,63.0,43,5342
7,64.0,43,5342
7,65.0,43,5342
7,66.0,43,5342
7,67.0,43,5342
7,68.0,43,5342
7,69.0,46,6120
7,70.0,46,6120
7,71.0,51,6162
7,72.0,43,6120
7,73.0,43,6120
7,74.0,43,6120
7,75.0,41,6120
7,76.0,41,6120
7,77.0,40,6120
7,78.0,40,6120
7,79.0,40,6120
7,80.0,40,6120
7,81.0,40,6120
7,82.0,40,6120
7,83.0,40,6120
7,84.0,32,6120
7,85.0,32,6120
7,86.0,32,6120
7,87.0,32,6120
7,88.0,32,6120
7,89.0,32,6120
7,90.0,31,6120
7,91.0,31,6120
7,92.0,31,6120
7,93.0,31,6120
7,94.0,30,6120
7,95.0,20,6120
7,96.0,19,6120
7,97.0,19,6120
7,98.0,19,6120
7,99.0,19,6120
7,100.0,19,6120
7,101.0,15,6120
7,102.0,21,8753
7,103.0,21,8753
7,104.0,24,8753
7,105.0,26,8753
7,106.0,23,8753
7,107.0,19,8753
7,108.0,19,8753
7,109.0,18,8753
7,110.0,18,8753
7,111.0,18,8753
7,112.0,18,8753
7,113.0,18,8753
7,114.0,18,8753
7,115.0,18,8753
7,116.0,18,8753
7,117.0,15,8753
7,118.0,15,8753
7,119.0,15,8753
7,120.0,15,8753
7,121.0,15,8753
7,122.0,15,8753
7,123.0,15,8753
7,124.0,15,8753
7,125.0,15,8753
7,126.0,15,8753
7,127.0,15,8753
7,128.0,15,8753
7,129.0,15,8753
7,130.0,15,8753
7,131.0,15,8753
7,132.0,15,8753
7,133.0,15,8753
7,134.0,15,8753
7,135.0,15,8753
7,136.0,15,8753
7,137.0,15,8753
7,138.0,15,8753
7,139.0,15,8753
7,140.0,15,8753
7,141.0,15,8753
7,142.0,15,8753
7,143.0,15,8753
7,144.0,15,8753
7,145.0,15,8753
7,146.0,15,8753
7,147.0,15,8753
7,148.0,15,8753
7,149.0,15,8753
7,150.0,15,8753
7,151.0,15,8753
7,152.0,15,8753
7,153.0,15,8753
7,154.0,15,8753
7,155.0,15,8753
7,156.0,15,8753
7,157.0,15,8753
7,158.0,15,8753
7,159.0,15,8753
7,160.0,15,8753
7,161.0,15,8753
7,162.0,15,8753
7,163.0,15,8753
7,164.0,15,8753
7,165.0,15,8753
7,166.0,15,8753
8,1.0,8,1500
8,2.0,8,1500
8,3.0,8,1500
8,4.0,8,1500
8,5.0,8,1500
8,6.0,8,1500
8,7.0,8,1500
8,8.0,8,1500
8,9.0,8,1500
8,10.0,8,1500
8,11.0,8,1500
8,12.0,8,1500
8,13.0,8,1500
8,14.0,8,1500
8,15.0,8,1500
8,16.0,8,1500
8,17.0,8,1500
8,18.0,8,1500
8,19.0,8,1500
8,20.0,8,1500
8,21.0,8,1500
8,22.0,8,1500
8,23.0,8,1500
8,24.0,8,1500
8,25.0,8,1592
8,26.0,8,1592
8,27.0,8,1592
8,28.0,8,1592
8,29.0,9,2066
8,30.0,9,2066
8,31.0,9,2066
8,32.0,9,2066
8,33.0,9,2066
8,34.0,9,2066
8,35.0,12,2066
8,36.0,12,2066
8,37.0,12,2066
8,38.0,15,2066
8,39.0,15,2066
8,40.0,15,2066
8,41.0,15,2066
8,42.0,15,2066
8,43.0,15,2066
8,44.0,15,5482
8,45.0,15,5482
8,46.0,15,5482
8,47.0,15,5482
8,48.0,22,5482
8,49.0,23,5482
8,50.0,23,5482
8,51.0,23,5482
8,52.0,25,5482
8,53.0,26,5482
8,54.0,33,5482
8,55.0,30,5482
8,56.0,29,5482
8,57.0,29,5482
8,58.0,26,5482
8,59.0,26,5482
8,60.0,25,5482
8,61.0,25,5482
8,62.0,25,5482
8,63.0,25,5482
8,64.0,25,5482
8,65.0,25,5482
8,66.0,25,5482
8,67.0,25,5482
8,68.0,25,5482
8,69.0,26,5538
8,70.0,26,5538
8,71.0,30,5576
8,72.0,25,5482
8,73.0,25,5482
8,74.0,25,5482
8,75.0,25,5482
8,76.0,25,5482
8,77.0,24,5482
8,78.0,24,5482
8,79.0,24,5482
8,80.0,24,5482
8,81.0,24,5482
8,82.0,24,5482
8,83.0,24,5482
8,84.0,18,5482
8,85.0,18,5482
8,86.0,18,5482
8,87.0,18,5482
8,88.0,18,5482
8,89.0,18,5482
8,90.0,14,5482
8,91.0,14,5482
8,92.0,14,5482
8,93.0,14,5482
8,94.0,14,5482
8,95.0,9,5482
8,96.0,9,5482
8,97.0,9,5482
8,98.0,9,5482
8,99.0,9,5482
8,100.0,9,5482
8,101.0,5,5482
8,102.0,6,14387
8,103.0,6,14387
8,104.0,7,14387
8,105.0,5,14387
8,106.0,5,14387
8,107.0,5,14387
8,108.0,5,14387
8,109.0,5,14387
8,110.0,5,14387
8,111.0,5,14387
8,112.0,5,14387
8,113.0,5,14387
8,114.0,5,14387
8,115.0,5,14387
8,116.0,5,14387
8,117.0,4,14387
8,118.0,4,14387
8,119.0,4,14387
8,120.0,4,14387
8,121.0,4,14387
8,122.0,4,14387
8,123.0,4,14387
8,124.0,4,14387
8,125.0,4,14387
8,126.0,4,14387
8,127.0,4,14387
8,128.0,4,14387
8,129.0,4,14387
8,130.0,4,14387
8,131.0,4,14387
8,132.0,4,14387
8,133.0,4,14387
8,134.0,4,14387
8,135.0,4,14387
8,136.0,4,14387
8,137.0,4,14387
8,138.0,4,14387
8,139.0,4,14387
8,140.0,4,14387
8,141.0,4,14387
8,142.0,4,14387
8,143.0,4,14387
8,144.0,4,14387
8,145.0,4,14387
8,146.0,4,14387
8,147.0,4,14387
8,148.0,4,14387
8,149.0,4,14387
8,150.0,4,14387
8,151.0,4,14387
8,152.0,4,14387
8,153.0,4,14387
8,154.0,4,14387
8,155.0,4,14387
8,156.0,4,14387
8,157.0,4,14387
8,158.0,4,14387
8,159.0,4,14387
8,160.0,4,14387
8,161.0,4,14387
8,162.0,4,14387
8,163.0,4,14387
8,164.0,4,14387
8,165.0,4,14387
8,166.0,4,14387
9,1.0,8,1500
9,2.0,8,1500
9,3.0,8,1500
9,4.0,8,1500
9,5.0,8,1500
9,6.0,8,1500
9,7.0,8,1500
9,8.0,8,1500
9,9.0,8,1500
9,10.0,8,1500
9,11.0,8,1500
9,12.0,8,1500
9,13.0,8,1500
9,14.0,8,1500
9,15.0,8,1500
9,16.0,8,1500
9,17.0,8,1500
9,18.0,8,1500
9,19.0,8,1500
9,20.0,8,1500
9,21.0,8,1500
9,22.0,8,1500
9,23.0,8,1500
9,24.0,8,1500
9,25.0,8,1565
9,26.0,8,1565
9,27.0,10,1565
9,28.0,10,1565
9,29.0,11,2017
9,30.0,11,2017
9,31.0,11,2017
9,32.0,11,2017
9,33.0,11,2017
9,34.0,11,2017
9,35.0,17,2017
9,36.0,17,2017
9,37.0,17,2017
9,38.0,20,2017
9,39.0,20,2017
9,40.0,20,2017
9,41.0,20,2017
9,42.0,20,2017
9,43.0,20,2017
9,44.0,20,5313
9,45.0,20,5313
9,46.0,20,5313
9,47.0,20,5313
9,48.0,22,5313
9,49.0,24,5313
9,50.0,24,5313
9,51.0,24,5313
9,52.0,32,5313
9,53.0,34,5313
9,54.0,39,5313
9,55.0,38,5313
9,56.0,36,5313
9,57.0,36,5313
9,58.0,34,5313
9,59.0,34,5313
9,60.0,31,5313
9,61.0,31,5313
9,62.0,31,5313
9,63.0,31,5313
9,64.0,31,5313
9,65.0,31,5313
9,66.0,31,5313
9,67.0,31,5313
9,68.0,31,5313
9,69.0,35,5360
9,70.0,35,5360
9,71.0,43,5412
9,72.0,31,5360
9,73.0,31,5360
9,74.0,31,5360
9,75.0,30,5360
9,76.0,30,5360
9,77.0,29,5360
9,78.0,29,5360
9,79.0,28,5360
9,80.0,28,5360
9,81.0,28,5360
9,82.0,28,5360
9,83.0,28,5360
9,84.0,19,5360
9,85.0,19,5360
9,86.0,18,5360
9,87.0,18,5360
9,88.0,17,5360
9,89.0,17,5360
9,90.0,15,5360
9,91.0,15,5360
9,92.0,15,5360
9,93.0,15,5360
9,94.0,14,5360
9,95.0,10,5360
9,96.0,10,5360
9,97.0,10,5360
9,98.0,10,5360
9,99.0,10,5360
9,100.0,10,5360
9,101.0,6,5360
9,102.0,8,7224
9,103.0,8,7224
9,104.0,7,7224
9,105.0,7,7224
9,106.0,7,7224
9,107.0,6,7224
9,108.0,5,7224
9,109.0,5,7224
9,110.0,5,7224
9,111.0,5,7224
9,112.0,5,7224
9,113.0,5,7224
9,114.0,5,7224
9,115.0,5,7224
9,116.0,5,7224
9,117.0,3,7224
9,118.0,3,7224
9,119.0,3,7224
9,120.0,3,7224
9,121.0,3,7224
9,122.0,3,7224
9,123.0,3,7224
9,124.0,3,7224
9,125.0,3,7224
9,126.0,3,7224
9,127.0,3,7224
9,128.0,3,7224
9,129.0,3,7224
9,130.0,3,7224
9,131.0,3,7224
9,132.0,3,7224
9,133.0,3,7224
9,134.0,3,7224
9,135.0,3,7224
9,136.0,3,7224
9,137.0,3,7224
9,138.0,3,7224
9,139.0,3,7224
9,140.0,3,7224
9,141.0,3,7224
9,142.0,3,7224
9,143.0,3,7224
9,144.0,3,7224
9,145.0,3,7224
9,146.0,3,7224
9,147.0,3,7224
9,148.0,3,7224
9,149.0,3,7224
9,150.0,3,7224
9,151.0,3,7224
9,152.0,3,7224
9,153.0,3,7224
9,154.0,3,7224
9,155.0,3,7224
9,156.0,3,7224
9,157.0,3,7224
9,158.0,3,7224
9,159.0,3,7224
9,160.0,3,7224
9,161.0,3,7224
9,162.0,3,7224
9,163.0,3,7224
9,164.0,3,7224
9,165.0,3,7224
9,166.0,3,7224
10,1.0,8,1500
10,2.0,8,1500
10,3.0,8,1500
10,4.0,8,1500
10,5.0,8,1500
10,6.0,8,1500
10,7.0,8,1500
10,8.0,8,1500
10,9.0,8,1500
10,10.0,8,1500
10,11.0,8,1500
10,12.0,8,1500
10,13.0,8,1500
10,14.0,8,1500
10,15.0,8,1500
10,16.0,8,1500
10,17.0,8,1500
10,18.0,8,1500
10,19.0,8,1500
10,20.0,8,1500
10,21.0,8,1500
10,22.0,8,1500
10,23.0,8,1500
10,24.0,8,1500
10,25.0,8,1561
10,26.0,8,1561
10,27.0,8,1561
10,28.0,8,1561
10,29.0,10,1994
10,30.0,10,1994
10,31.0,10,1994
10,32.0,10,1994
10,33.0,10,1994
10,34.0,10,1994
10,35.0,13,1994
10,36.0,13,1994
10,37.0,13,1994
10,38.0,14,1994
10,39.0,14,1994
10,40.0,14,1994
10,41.0,14,1994
10,42.0,14,1994
10,43.0,14,1994
10,44.0,14,5258
10,45.0,14,5258
10,46.0,14,5258
10,47.0,14,5258
10,48.0,17,5258
10,49.0,18,5258
10,50.0,18,5258
10,51.0,18,5258
10,52.0,23,5258
10,53.0,25,5258
10,54.0,28,5258
10,55.0,27,5258
10,56.0,26,5258
10,57.0,26,5258
10,58.0,22,5258
10,59.0,22,5258
10,60.0,20,5258
10,61.0,20,5258
10,62.0,20,5258
10,63.0,20,5258
10,64.0,20,5258
10,65.0,20,5258
10,66.0,20,5258
10,67.0,20,5258
10,68.0,20,5258
10,69.0,21,5329
10,70.0,21,5329
10,71.0,26,5380
10,72.0,20,5258
10,73.0,20,5258
10,74.0,20,5258
10,75.0,20,5258
10,76.0,18,5258
10,77.0,18,5258
10,78.0,18,5258
10,79.0,18,5258
10,80.0,18,5258
10,81.0,18,5258
10,82.0,18,5258
10,83.0,18,5258
10,84.0,11,5258
10,85.0,11,5258
10,86.0,11,5258
10,87.0,11,5258
10,88.0,10,5258
10,89.0,10,5258
10,90.0,10,5258
10,91.0,10,5258
10,92.0,9,5258
10,93.0,9,5258
10,94.0,9,5258
10,95.0,5,5258
10,96.0,5,5258
10,97.0,5,5258
10,98.0,5,5258
10,99.0,5,5258
10,100.0,5,5258
10,101.0,8,5258
10,102.0,10,13705
10,103.0,10,13705
10,104.0,12,13705
10,105.0,10,13705
10,106.0,10,13705
10,107.0,9,13705
10,108.0,9,13705
10,109.0,8,13705
10,110.0,8,13705
10,111.0,8,13705
10,112.0,8,13705
10,113.0,8,13705
10,114.0,8,13705
10,115.0,8,13705
10,116.0,8,13705
10,117.0,6,13705
10,118.0,6,13705
10,119.0,6,13705
10,120.0,6,13705
10,121.0,6,13705
10,122.0,6,13705
10,123.0,6,13705
10,124.0,6,13705
10,125.0,6,13705
10,126.0,6,13705
10,127.0,6,13705
10,128.0,6,13705
10,129.0,6,13705
10,130.0,6,13705
10,131.0,6,13705
10,132.0,6,13705
10,133.0,6,13705
10,134.0,6,13705
10,135.0,6,13705
10,136.0,6,13705
10,137.0,6,13705
10,138.0,6,13705
10,139.0,6,13705
10,140.0,6,13705
10,141.0,6,13705
10,142.0,6,13705
10,143.0,6,13705
10,144.0,6,13705
10,145.0,6,13705
10,146.0,6,13705
10,147.0,6,13705
10,148.0,6,13705
10,149.0,6,13705
10,150.0,6,13705
10,151.0,6,13705
10,152.0,6,13705
10,153.0,6,13705
10,154.0,6,13705
10,155.0,6,13705
10,156.0,6,13705
10,157.0,6,13705
10,158.0,6,13705
10,159.0,6,13705
10,160.0,6,13705
10,161.0,6,13705
10,162.0,6,13705
10,163.0,6,13705
10,164.0,6,13705
10,165.0,6,13705
10,166.0,6,13705
