"run","tick","IntegralBHGR","IntegralBHGR1","IntegralBHGR2","IntegralBHGRErtrag","IntegralBHGRErtrag1","IntegralBHGRErtrag2","IntegralBHGRsicht","IntegralBHGRsicht1","IntegralBHGRsicht2","IntegralBHST","IntegralBHST1","IntegralBHST2","IntegralBHSTertrag","IntegralBHSTertrag1","IntegralBHSTertrag2","IntegralBHSTsicht","IntegralBHSTsicht1","IntegralBHSTsicht2","GRCount","GRertragCount","GRsichtCount","STCount","STertragCount","STsichtCount","Resistance","Behaviour","Jahr","GRsichtCount2","GRCount1","GRCount2","GRertragCount1","GRertragCount2","GRsichtCount1"
1,166.0,7648.0,2256.0,5392.0,4989.0,695.0,4294.0,5817.0,1403.0,4414.0,10900.0,4400.0,6500.0,9401.0,3031.0,6370.0,10660.0,4160.0,6500.0,1611421.0,430129.0,503565.0,7447191.0,833292.0,4930786.0,1.0,0.0,17.0,428281.0,184118.0,1427303.0,24549.0,405580.0,75284.0
2,166.0,844.0,200.0,644.0,376.0,28.0,348.0,467.0,104.0,363.0,10767.0,4332.0,6435.0,5192.0,1682.0,3510.0,10430.0,3995.0,6435.0,37977.0,11847.0,14912.0,1650362.0,164522.0,1294050.0,2.0,0.0,17.0,11275.0,7892.0,30085.0,1206.0,10641.0,3637.0
3,166.0,220.0,76.0,144.0,52.0,0.0,52.0,97.0,32.0,65.0,10617.0,4184.0,6433.0,3266.0,1121.0,2145.0,10083.0,3778.0,6305.0,8233.0,2425.0,3721.0,1063179.0,86167.0,792830.0,3.0,0.0,17.0,2287.0,2836.0,5397.0,366.0,2059.0,1434.0
4,166.0,7867.0,2348.0,5519.0,5176.0,739.0,4437.0,6017.0,1457.0,4560.0,10900.0,4400.0,6500.0,9389.0,3019.0,6370.0,10668.0,4168.0,6500.0,1689988.0,450136.0,525209.0,7517943.0,848076.0,4955234.0,1.0,0.0,17.0,448366.0,188578.0,1501410.0,25348.0,424788.0,76843.0
5,166.0,852.0,208.0,644.0,377.0,31.0,346.0,477.0,110.0,367.0,10831.0,4332.0,6499.0,5160.0,1715.0,3445.0,10431.0,3996.0,6435.0,41558.0,11828.0,14997.0,1659930.0,165067.0,1301289.0,2.0,0.0,17.0,11506.0,7605.0,33953.0,1146.0,10682.0,3491.0
6,166.0,187.0,58.0,129.0,0.0,0.0,0.0,37.0,22.0,15.0,10617.0,4184.0,6433.0,3416.0,1141.0,2275.0,10068.0,3763.0,6305.0,5250.0,1691.0,2409.0,1060340.0,89911.0,789153.0,3.0,0.0,17.0,1474.0,1824.0,3426.0,330.0,1361.0,935.0
7,166.0,7469.0,2220.0,5249.0,4979.0,721.0,4258.0,5755.0,1394.0,4361.0,10900.0,4400.0,6500.0,9401.0,3031.0,6370.0,10660.0,4160.0,6500.0,1699232.0,449255.0,525985.0,7473379.0,833429.0,4939303.0,1.0,0.0,17.0,447998.0,192610.0,1506622.0,25469.0,423786.0,77987.0
8,166.0,1035.0,250.0,785.0,431.0,33.0,398.0,557.0,129.0,428.0,10767.0,4332.0,6435.0,5197.0,1687.0,3510.0,10420.0,3985.0,6435.0,45757.0,13931.0,17617.0,1632844.0,160999.0,1276980.0,2.0,0.0,17.0,13434.0,9126.0,36631.0,1313.0,12618.0,4183.0
9,166.0,29.0,15.0,14.0,0.0,0.0,0.0,0.0,0.0,0.0,10554.0,4185.0,6369.0,2861.0,976.0,1885.0,10081.0,3776.0,6305.0,2527.0,572.0,967.0,912932.0,72707.0,700166.0,3.0,0.0,17.0,533.0,841.0,1686.0,145.0,427.0,434.0
10,166.0,7728.0,2274.0,5454.0,5112.0,737.0,4375.0,5911.0,1430.0,4481.0,10900.0,4400.0,6500.0,9397.0,3027.0,6370.0,10676.0,4176.0,6500.0,1725653.0,457412.0,534486.0,7482481.0,848876.0,4936993.0,1.0,0.0,17.0,455303.0,194939.0,1530714.0,25948.0,431464.0,79183.0
11,166.0,874.0,218.0,656.0,305.0,22.0,283.0,425.0,111.0,314.0,10843.0,4344.0,6499.0,5144.0,1699.0,3445.0,10435.0,4000.0,6435.0,38411.0,10432.0,13905.0,1649828.0,160054.0,1289816.0,2.0,0.0,17.0,10281.0,7959.0,30452.0,1053.0,9379.0,3624.0
12,166.0,123.0,47.0,76.0,0.0,0.0,0.0,27.0,24.0,3.0,10508.0,4140.0,6368.0,3397.0,1122.0,2275.0,9981.0,3741.0,6240.0,5144.0,1446.0,2336.0,1043702.0,89198.0,778559.0,3.0,0.0,17.0,1416.0,1781.0,3363.0,189.0,1257.0,920.0
13,166.0,7975.0,2401.0,5574.0,5296.0,753.0,4543.0,6172.0,1488.0,4684.0,10900.0,4400.0,6500.0,9400.0,3030.0,6370.0,10668.0,4168.0,6500.0,1644884.0,440333.0,513650.0,7504727.0,843420.0,4942918.0,1.0,0.0,17.0,437261.0,186757.0,1458127.0,25709.0,414624.0,76389.0
14,166.0,779.0,197.0,582.0,306.0,23.0,283.0,408.0,95.0,313.0,10779.0,4344.0,6435.0,5205.0,1695.0,3510.0,10432.0,3997.0,6435.0,42320.0,11381.0,15198.0,1622576.0,159003.0,1265521.0,2.0,0.0,17.0,11336.0,8482.0,33838.0,1134.0,10247.0,3862.0
15,166.0,60.0,46.0,14.0,0.0,0.0,0.0,23.0,23.0,0.0,10617.0,4184.0,6433.0,3251.0,1106.0,2145.0,10079.0,3774.0,6305.0,3140.0,865.0,1607.0,1021595.0,84699.0,766395.0,3.0,0.0,17.0,803.0,1478.0,1662.0,172.0,693.0,804.0
16,166.0,7324.0,2132.0,5192.0,4798.0,671.0,4127.0,5583.0,1349.0,4234.0,10900.0,4400.0,6500.0,9403.0,3033.0,6370.0,10659.0,4159.0,6500.0,1616618.0,434024.0,506921.0,7480930.0,839685.0,4937518.0,1.0,0.0,17.0,432299.0,182949.0,1433669.0,24165.0,409859.0,74622.0
17,166.0,874.0,220.0,654.0,323.0,27.0,296.0,429.0,115.0,314.0,10767.0,4332.0,6435.0,5202.0,1692.0,3510.0,10420.0,3985.0,6435.0,42670.0,11917.0,15508.0,1620072.0,161538.0,1268427.0,2.0,0.0,17.0,11657.0,8633.0,34037.0,1210.0,10707.0,3851.0
18,166.0,201.0,74.0,127.0,51.0,0.0,51.0,95.0,30.0,65.0,10509.0,4141.0,6368.0,2953.0,1003.0,1950.0,9975.0,3735.0,6240.0,6403.0,2405.0,3466.0,894731.0,76068.0,687842.0,3.0,0.0,17.0,2126.0,2656.0,3747.0,392.0,2013.0,1340.0
19,166.0,7620.0,2228.0,5392.0,5037.0,690.0,4347.0,5867.0,1388.0,4479.0,10900.0,4400.0,6500.0,9403.0,3033.0,6370.0,10671.0,4171.0,6500.0,1702523.0,455532.0,532007.0,7524071.0,854389.0,4959910.0,1.0,0.0,17.0,454914.0,189566.0,1512957.0,24881.0,430651.0,77093.0
20,166.0,779.0,186.0,593.0,319.0,23.0,296.0,405.0,100.0,305.0,10767.0,4332.0,6435.0,5157.0,1712.0,3445.0,10429.0,3994.0,6435.0,37136.0,12472.0,15505.0,1634328.0,161053.0,1281180.0,2.0,0.0,17.0,11997.0,7655.0,29481.0,1111.0,11361.0,3508.0
21,166.0,200.0,69.0,131.0,51.0,0.0,51.0,92.0,27.0,65.0,10509.0,4141.0,6368.0,2867.0,982.0,1885.0,9980.0,3740.0,6240.0,6729.0,1921.0,2887.0,907541.0,73063.0,696081.0,3.0,0.0,17.0,1776.0,2189.0,4540.0,290.0,1631.0,1111.0
22,166.0,7612.0,2221.0,5391.0,4997.0,701.0,4296.0,5801.0,1376.0,4425.0,10900.0,4400.0,6500.0,9388.0,3018.0,6370.0,10657.0,4157.0,6500.0,1710713.0,457359.0,532489.0,7453088.0,831834.0,4918154.0,1.0,0.0,17.0,454737.0,190771.0,1519942.0,25679.0,431680.0,77752.0
23,166.0,919.0,210.0,709.0,382.0,33.0,349.0,485.0,108.0,377.0,10831.0,4332.0,6499.0,5056.0,1676.0,3380.0,10431.0,3996.0,6435.0,49067.0,14657.0,18665.0,1620424.0,154742.0,1267972.0,2.0,0.0,17.0,14501.0,9379.0,39688.0,1270.0,13387.0,4164.0
24,166.0,207.0,65.0,142.0,52.0,0.0,52.0,96.0,30.0,66.0,10650.0,4216.0,6434.0,3276.0,1131.0,2145.0,10155.0,3785.0,6370.0,8088.0,2237.0,3517.0,1049829.0,85862.0,787088.0,3.0,0.0,17.0,2157.0,2757.0,5331.0,341.0,1896.0,1360.0
25,166.0,8089.0,2389.0,5700.0,5273.0,731.0,4542.0,6146.0,1475.0,4671.0,10900.0,4400.0,6500.0,9396.0,3026.0,6370.0,10679.0,4179.0,6500.0,1727822.0,455516.0,532551.0,7530308.0,847307.0,4966158.0,1.0,0.0,17.0,453137.0,193624.0,1534198.0,25962.0,429554.0,79414.0
26,166.0,959.0,251.0,708.0,379.0,31.0,348.0,503.0,126.0,377.0,10767.0,4332.0,6435.0,5127.0,1682.0,3445.0,10422.0,3987.0,6435.0,44126.0,12240.0,16047.0,1643111.0,163554.0,1279518.0,2.0,0.0,17.0,11793.0,9385.0,34741.0,1292.0,10948.0,4254.0
27,166.0,111.0,34.0,77.0,0.0,0.0,0.0,16.0,13.0,3.0,10618.0,4185.0,6433.0,2893.0,1008.0,1885.0,10086.0,3781.0,6305.0,4744.0,1235.0,1975.0,929948.0,76810.0,709353.0,3.0,0.0,17.0,1180.0,1521.0,3223.0,257.0,978.0,795.0
28,166.0,7331.0,2207.0,5124.0,4834.0,692.0,4142.0,5644.0,1393.0,4251.0,10900.0,4400.0,6500.0,9471.0,3036.0,6435.0,10670.0,4170.0,6500.0,1756473.0,466229.0,543986.0,7537198.0,852589.0,4960374.0,1.0,0.0,17.0,464587.0,196829.0,1559644.0,25838.0,440391.0,79399.0
29,166.0,810.0,217.0,593.0,299.0,16.0,283.0,423.0,112.0,311.0,10779.0,4344.0,6435.0,5399.0,1759.0,3640.0,10450.0,4015.0,6435.0,32786.0,9935.0,13117.0,1676328.0,172514.0,1306536.0,2.0,0.0,17.0,9709.0,7464.0,25322.0,979.0,8956.0,3408.0
30,166.0,272.0,80.0,192.0,68.0,3.0,65.0,98.0,32.0,66.0,10617.0,4184.0,6433.0,3427.0,1152.0,2275.0,10089.0,3784.0,6305.0,8543.0,2721.0,3964.0,1075224.0,87817.0,799652.0,3.0,0.0,17.0,2554.0,2910.0,5633.0,366.0,2355.0,1410.0
