"run","tick","IntegralBHGR","IntegralBHGR1","IntegralBHGR2","IntegralBHGRErtrag","IntegralBHGRErtrag1","IntegralBHGRErtrag2","IntegralBHGRsicht","IntegralBHGRsicht1","IntegralBHGRsicht2","IntegralBHST","IntegralBHST1","IntegralBHST2","IntegralBHSTertrag","IntegralBHSTertrag1","IntegralBHSTertrag2","IntegralBHSTsicht","IntegralBHSTsicht1","IntegralBHSTsicht2","GRCount","GRertragCount","GRsichtCount","STCount","STertragCount","STsichtCount","Resistance","Behaviour","Jahr"
1,166.0,7687.0,2135.0,5552.0,5015.0,611.0,4404.0,5907.0,1304.0,4603.0,10885.0,4385.0,6500.0,9484.0,3090.0,6394.0,10214.0,3714.0,6500.0,239738.0,88427.0,102886.0,1059323.0,224797.0,683899.0,1.0,0.0,17.0
3,166.0,151.0,136.0,15.0,6.0,6.0,0.0,117.0,102.0,15.0,5327.0,1835.0,3492.0,1414.0,467.0,947.0,4583.0,1412.0,3171.0,1635.0,420.0,1017.0,50495.0,11805.0,37349.0,3.0,0.0,17.0
5,166.0,327.0,179.0,148.0,6.0,6.0,0.0,146.0,116.0,30.0,10189.0,3958.0,6231.0,4727.0,1425.0,3302.0,9104.0,3008.0,6096.0,2337.0,635.0,1288.0,213199.0,40451.0,150866.0,2.0,0.0,17.0
7,166.0,7390.0,2089.0,5301.0,5015.0,696.0,4319.0,5788.0,1340.0,4448.0,10885.0,4385.0,6500.0,9498.0,3156.0,6342.0,10196.0,3696.0,6500.0,321870.0,118030.0,136765.0,1047872.0,239559.0,680281.0,1.0,0.0,17.0
9,166.0,206.0,114.0,92.0,26.0,26.0,0.0,125.0,95.0,30.0,5314.0,1881.0,3433.0,1088.0,401.0,687.0,4688.0,1453.0,3235.0,2002.0,610.0,1199.0,49378.0,10135.0,36849.0,3.0,0.0,17.0
11,166.0,385.0,173.0,212.0,80.0,15.0,65.0,209.0,114.0,95.0,10577.0,4142.0,6435.0,7545.0,2039.0,5506.0,9504.0,3069.0,6435.0,2917.0,832.0,1543.0,390916.0,93754.0,281082.0,2.0,0.0,17.0
13,166.0,6923.0,2113.0,4810.0,4724.0,696.0,4028.0,5505.0,1376.0,4129.0,10887.0,4387.0,6500.0,9541.0,3134.0,6407.0,10189.0,3689.0,6500.0,427817.0,117739.0,135862.0,1047104.0,234474.0,678319.0,1.0,0.0,17.0
15,166.0,66.0,66.0,0.0,6.0,6.0,0.0,49.0,49.0,0.0,5243.0,1754.0,3489.0,3077.0,1054.0,2023.0,4580.0,1373.0,3207.0,1032.0,484.0,742.0,49077.0,23806.0,36634.0,3.0,0.0,17.0
17,166.0,345.0,189.0,156.0,99.0,34.0,65.0,206.0,126.0,80.0,10639.0,4142.0,6497.0,8341.0,2520.0,5821.0,9498.0,3063.0,6435.0,2790.0,1005.0,1688.0,386995.0,110542.0,277895.0,2.0,0.0,17.0
19,166.0,8280.0,2534.0,5746.0,5767.0,756.0,5011.0,6736.0,1569.0,5167.0,10887.0,4387.0,6500.0,9337.0,2981.0,6356.0,10181.0,3681.0,6500.0,271375.0,121254.0,140647.0,1052684.0,230808.0,679880.0,1.0,0.0,17.0
21,166.0,262.0,171.0,91.0,80.0,28.0,52.0,204.0,137.0,67.0,5609.0,1925.0,3684.0,3391.0,1223.0,2168.0,4889.0,1538.0,3351.0,2607.0,966.0,1719.0,50729.0,25389.0,38181.0,3.0,0.0,17.0
23,166.0,287.0,142.0,145.0,70.0,5.0,65.0,166.0,86.0,80.0,10639.0,4142.0,6497.0,9309.0,2954.0,6355.0,9500.0,3065.0,6435.0,2179.0,818.0,1425.0,396612.0,203454.0,285667.0,2.0,0.0,17.0
25,166.0,8039.0,2290.0,5749.0,5497.0,708.0,4789.0,6337.0,1406.0,4931.0,10887.0,4387.0,6500.0,9947.0,3512.0,6435.0,10230.0,3730.0,6500.0,263903.0,120350.0,139548.0,1055267.0,290564.0,684557.0,1.0,0.0,17.0
27,166.0,170.0,79.0,91.0,0.0,0.0,0.0,79.0,49.0,30.0,5425.0,1809.0,3616.0,1418.0,487.0,931.0,4647.0,1425.0,3222.0,1698.0,548.0,999.0,50304.0,11720.0,37541.0,3.0,0.0,17.0
29,166.0,190.0,113.0,77.0,51.0,0.0,51.0,127.0,62.0,65.0,10615.0,4118.0,6497.0,8378.0,2557.0,5821.0,9512.0,3077.0,6435.0,1806.0,585.0,1059.0,394350.0,114222.0,283614.0,2.0,0.0,17.0
31,166.0,7512.0,2166.0,5346.0,5049.0,673.0,4376.0,5871.0,1353.0,4518.0,10887.0,4387.0,6500.0,9993.0,3508.0,6485.0,10237.0,3737.0,6500.0,271885.0,98867.0,115158.0,1057840.0,286463.0,684089.0,1.0,0.0,17.0
33,166.0,81.0,66.0,15.0,0.0,0.0,0.0,31.0,29.0,2.0,5440.0,1824.0,3616.0,1446.0,527.0,919.0,4689.0,1418.0,3271.0,1104.0,434.0,719.0,51916.0,11832.0,37854.0,3.0,0.0,17.0
35,166.0,239.0,159.0,80.0,20.0,20.0,0.0,126.0,110.0,16.0,10628.0,4131.0,6497.0,7736.0,2088.0,5648.0,9474.0,2989.0,6485.0,2366.0,719.0,1420.0,386642.0,89189.0,277512.0,2.0,0.0,17.0
37,166.0,7474.0,2129.0,5345.0,5072.0,647.0,4425.0,5876.0,1335.0,4541.0,10885.0,4385.0,6500.0,9563.0,3155.0,6408.0,10201.0,3701.0,6500.0,294983.0,110289.0,127641.0,1077418.0,242370.0,696914.0,1.0,0.0,17.0
39,166.0,275.0,131.0,144.0,134.0,18.0,116.0,210.0,80.0,130.0,5473.0,1851.0,3622.0,1645.0,570.0,1075.0,4734.0,1434.0,3300.0,2227.0,1020.0,1450.0,49579.0,13138.0,37257.0,3.0,0.0,17.0
41,166.0,286.0,156.0,130.0,74.0,22.0,52.0,189.0,124.0,65.0,10639.0,4142.0,6497.0,7524.0,2033.0,5491.0,9522.0,3087.0,6435.0,2476.0,1023.0,1633.0,410070.0,91846.0,295993.0,2.0,0.0,17.0
43,166.0,7754.0,2225.0,5529.0,5297.0,729.0,4568.0,6099.0,1431.0,4668.0,10887.0,4387.0,6500.0,9861.0,3426.0,6435.0,10156.0,3656.0,6500.0,335269.0,127017.0,146582.0,1040262.0,275801.0,672526.0,1.0,0.0,17.0
45,166.0,49.0,46.0,3.0,0.0,0.0,0.0,21.0,21.0,0.0,5177.0,1753.0,3424.0,1234.0,430.0,804.0,4462.0,1371.0,3091.0,885.0,430.0,618.0,48132.0,10783.0,36018.0,3.0,0.0,17.0
47,166.0,329.0,182.0,147.0,92.0,27.0,65.0,208.0,128.0,80.0,10278.0,3982.0,6296.0,4969.0,1471.0,3498.0,9113.0,2953.0,6160.0,2772.0,1028.0,1687.0,214590.0,42883.0,151823.0,2.0,0.0,17.0
49,166.0,7849.0,2322.0,5527.0,5232.0,731.0,4501.0,6105.0,1447.0,4658.0,10885.0,4385.0,6500.0,9459.0,3001.0,6458.0,10227.0,3727.0,6500.0,321926.0,120047.0,139050.0,1068336.0,231102.0,689444.0,1.0,0.0,17.0
51,166.0,175.0,99.0,76.0,2.0,2.0,0.0,76.0,61.0,15.0,5747.0,1992.0,3755.0,1717.0,771.0,946.0,5022.0,1524.0,3498.0,1714.0,656.0,1117.0,51243.0,14218.0,38738.0,3.0,0.0,17.0
53,166.0,403.0,246.0,157.0,97.0,45.0,52.0,272.0,177.0,95.0,10551.0,4116.0,6435.0,7516.0,1959.0,5557.0,9468.0,3033.0,6435.0,3129.0,1001.0,1909.0,393629.0,93072.0,283447.0,2.0,0.0,17.0
55,166.0,6936.0,2010.0,4926.0,4733.0,720.0,4013.0,5441.0,1341.0,4100.0,10900.0,4400.0,6500.0,10173.0,3673.0,6500.0,10191.0,3691.0,6500.0,460045.0,127046.0,147718.0,1046123.0,492790.0,673244.0,1.0,0.0,17.0
57,166.0,176.0,99.0,77.0,55.0,4.0,51.0,119.0,54.0,65.0,5829.0,2015.0,3814.0,1318.0,502.0,816.0,5129.0,1648.0,3481.0,1663.0,623.0,956.0,54727.0,11716.0,40910.0,3.0,0.0,17.0
59,166.0,344.0,177.0,167.0,73.0,22.0,51.0,195.0,113.0,82.0,10637.0,4140.0,6497.0,9292.0,2935.0,6357.0,9478.0,3043.0,6435.0,2621.0,766.0,1465.0,400573.0,206963.0,289257.0,2.0,0.0,17.0
61,166.0,7726.0,2228.0,5498.0,5317.0,699.0,4618.0,6141.0,1365.0,4776.0,10900.0,4400.0,6500.0,10200.0,3700.0,6500.0,10213.0,3713.0,6500.0,271584.0,124702.0,143975.0,1048791.0,500459.0,678142.0,1.0,0.0,17.0
63,166.0,151.0,136.0,15.0,3.0,3.0,0.0,97.0,82.0,15.0,5454.0,1894.0,3560.0,1587.0,525.0,1062.0,4871.0,1520.0,3351.0,1556.0,324.0,890.0,52293.0,13122.0,40110.0,3.0,0.0,17.0
65,166.0,289.0,145.0,144.0,76.0,26.0,50.0,177.0,97.0,80.0,10613.0,4116.0,6497.0,9281.0,2926.0,6355.0,9463.0,3028.0,6435.0,2429.0,770.0,1372.0,387520.0,193860.0,280111.0,2.0,0.0,17.0
67,166.0,7202.0,2108.0,5094.0,4889.0,683.0,4206.0,5691.0,1357.0,4334.0,10885.0,4385.0,6500.0,9423.0,3030.0,6393.0,10164.0,3664.0,6500.0,377876.0,118060.0,137246.0,1037423.0,228559.0,670449.0,1.0,0.0,17.0
69,166.0,278.0,148.0,130.0,9.0,9.0,0.0,112.0,97.0,15.0,5681.0,1932.0,3749.0,1271.0,417.0,854.0,4888.0,1472.0,3416.0,2046.0,642.0,1139.0,50481.0,10954.0,37708.0,3.0,0.0,17.0
71,166.0,263.0,180.0,83.0,73.0,22.0,51.0,200.0,120.0,80.0,10564.0,4129.0,6435.0,7282.0,1957.0,5325.0,9483.0,3048.0,6435.0,2439.0,909.0,1595.0,385854.0,88488.0,278656.0,2.0,0.0,17.0
73,166.0,7415.0,2065.0,5350.0,5107.0,698.0,4409.0,5835.0,1284.0,4551.0,10900.0,4400.0,6500.0,9471.0,3064.0,6407.0,10221.0,3721.0,6500.0,305647.0,116173.0,133953.0,1047166.0,226579.0,679172.0,1.0,0.0,17.0
75,166.0,126.0,112.0,14.0,20.0,20.0,0.0,94.0,93.0,1.0,5149.0,1725.0,3424.0,1644.0,698.0,946.0,4415.0,1324.0,3091.0,1383.0,337.0,823.0,46101.0,12810.0,34077.0,3.0,0.0,17.0
77,166.0,306.0,209.0,97.0,28.0,28.0,0.0,178.0,148.0,30.0,10549.0,4114.0,6435.0,7737.0,2136.0,5601.0,9503.0,3068.0,6435.0,2923.0,927.0,1741.0,386222.0,94555.0,278540.0,2.0,0.0,17.0
79,166.0,7164.0,2080.0,5084.0,4806.0,681.0,4125.0,5617.0,1352.0,4265.0,10900.0,4400.0,6500.0,9851.0,3416.0,6435.0,10131.0,3631.0,6500.0,395690.0,121310.0,141471.0,1040945.0,284936.0,669423.0,1.0,0.0,17.0
81,166.0,192.0,110.0,82.0,4.0,4.0,0.0,85.0,70.0,15.0,4887.0,1658.0,3229.0,1585.0,704.0,881.0,4244.0,1348.0,2896.0,1963.0,506.0,1026.0,47625.0,13148.0,35702.0,3.0,0.0,17.0
83,166.0,218.0,138.0,80.0,22.0,22.0,0.0,120.0,104.0,16.0,10654.0,4157.0,6497.0,9349.0,2979.0,6370.0,9522.0,3087.0,6435.0,2253.0,815.0,1420.0,398608.0,205663.0,288559.0,2.0,0.0,17.0
85,166.0,6697.0,1903.0,4794.0,4499.0,657.0,3842.0,5238.0,1284.0,3954.0,10900.0,4400.0,6500.0,10137.0,3637.0,6500.0,10150.0,3650.0,6500.0,460300.0,129888.0,149788.0,1024419.0,478316.0,658377.0,1.0,0.0,17.0
87,166.0,136.0,110.0,26.0,26.0,26.0,0.0,90.0,75.0,15.0,5421.0,1867.0,3554.0,1347.0,509.0,838.0,4790.0,1519.0,3271.0,1556.0,479.0,969.0,52553.0,11570.0,39138.0,3.0,0.0,17.0
89,166.0,647.0,281.0,366.0,156.0,40.0,116.0,357.0,182.0,175.0,10600.0,4103.0,6497.0,8384.0,2461.0,5923.0,9449.0,3014.0,6435.0,4847.0,1500.0,2600.0,388934.0,109820.0,281376.0,2.0,0.0,17.0
91,166.0,7516.0,2210.0,5306.0,5229.0,725.0,4504.0,6048.0,1388.0,4660.0,10876.0,4376.0,6500.0,10154.0,3654.0,6500.0,10157.0,3657.0,6500.0,265391.0,121977.0,141222.0,1043108.0,494189.0,671610.0,1.0,0.0,17.0
93,166.0,248.0,154.0,94.0,31.0,31.0,0.0,144.0,114.0,30.0,5459.0,1899.0,3560.0,1435.0,502.0,933.0,4793.0,1493.0,3300.0,2030.0,774.0,1343.0,52095.0,11981.0,38898.0,3.0,0.0,17.0
95,166.0,332.0,226.0,106.0,26.0,26.0,0.0,182.0,152.0,30.0,10611.0,4114.0,6497.0,9259.0,2903.0,6356.0,9471.0,3036.0,6435.0,2882.0,760.0,1642.0,384271.0,192266.0,277859.0,2.0,0.0,17.0
97,166.0,7964.0,2345.0,5619.0,5624.0,811.0,4813.0,6411.0,1455.0,4956.0,10900.0,4400.0,6500.0,10186.0,3686.0,6500.0,10201.0,3701.0,6500.0,301847.0,135832.0,157207.0,1055730.0,498119.0,683124.0,1.0,0.0,17.0
99,166.0,168.0,89.0,79.0,0.0,0.0,0.0,68.0,53.0,15.0,5393.0,1839.0,3554.0,3293.0,1163.0,2130.0,4641.0,1470.0,3171.0,1483.0,414.0,809.0,50160.0,25112.0,37591.0,3.0,0.0,17.0
101,166.0,243.0,102.0,141.0,4.0,4.0,0.0,87.0,71.0,16.0,10564.0,4129.0,6435.0,8231.0,2488.0,5743.0,9507.0,3072.0,6435.0,2005.0,574.0,1074.0,390758.0,111760.0,283502.0,2.0,0.0,17.0
103,166.0,7685.0,2287.0,5398.0,5380.0,798.0,4582.0,6175.0,1453.0,4722.0,10900.0,4400.0,6500.0,9957.0,3472.0,6485.0,10169.0,3669.0,6500.0,373747.0,136737.0,158749.0,1016138.0,282397.0,658599.0,1.0,0.0,17.0
105,166.0,90.0,75.0,15.0,2.0,2.0,0.0,67.0,52.0,15.0,5330.0,1835.0,3495.0,1750.0,751.0,999.0,4664.0,1428.0,3236.0,1009.0,376.0,697.0,52126.0,14322.0,38848.0,3.0,0.0,17.0
107,166.0,400.0,244.0,156.0,101.0,36.0,65.0,270.0,175.0,95.0,10562.0,4127.0,6435.0,7424.0,2020.0,5404.0,9456.0,3021.0,6435.0,3178.0,1252.0,2105.0,381954.0,88036.0,276543.0,2.0,0.0,17.0
109,166.0,7324.0,2131.0,5193.0,4810.0,647.0,4163.0,5683.0,1364.0,4319.0,10885.0,4385.0,6500.0,9392.0,3048.0,6344.0,10228.0,3728.0,6500.0,338281.0,106874.0,124285.0,1059853.0,226431.0,686958.0,1.0,0.0,17.0
111,166.0,114.0,99.0,15.0,2.0,2.0,0.0,93.0,78.0,15.0,5737.0,1985.0,3752.0,3489.0,1244.0,2245.0,5015.0,1585.0,3430.0,1474.0,580.0,993.0,54178.0,25782.0,40346.0,3.0,0.0,17.0
113,166.0,392.0,221.0,171.0,72.0,21.0,51.0,245.0,150.0,95.0,10577.0,4142.0,6435.0,9198.0,2908.0,6290.0,9480.0,3045.0,6435.0,3396.0,1013.0,1970.0,381846.0,189043.0,277014.0,2.0,0.0,17.0
115,166.0,7112.0,2043.0,5069.0,4639.0,640.0,3999.0,5440.0,1314.0,4126.0,10887.0,4387.0,6500.0,10194.0,3694.0,6500.0,10207.0,3707.0,6500.0,455602.0,127406.0,147177.0,1049880.0,489771.0,681004.0,1.0,0.0,17.0
117,166.0,81.0,69.0,12.0,0.0,0.0,0.0,49.0,49.0,0.0,5337.0,1842.0,3495.0,3160.0,1110.0,2050.0,4670.0,1435.0,3235.0,1268.0,367.0,716.0,49199.0,23689.0,37478.0,3.0,0.0,17.0
119,166.0,502.0,252.0,250.0,100.0,35.0,65.0,299.0,174.0,125.0,10615.0,4118.0,6497.0,7762.0,1996.0,5766.0,9508.0,3023.0,6485.0,4077.0,1134.0,2242.0,400619.0,92744.0,289177.0,2.0,0.0,17.0
121,166.0,7253.0,2155.0,5098.0,4903.0,698.0,4205.0,5724.0,1388.0,4336.0,10900.0,4400.0,6500.0,9509.0,3089.0,6420.0,10229.0,3729.0,6500.0,398008.0,126379.0,146102.0,1059405.0,230142.0,685947.0,1.0,0.0,17.0
123,166.0,192.0,115.0,77.0,70.0,20.0,50.0,148.0,83.0,65.0,5391.0,1837.0,3554.0,1993.0,800.0,1193.0,4663.0,1440.0,3223.0,1875.0,725.0,1177.0,53215.0,15976.0,39774.0,3.0,0.0,17.0
125,166.0,240.0,113.0,127.0,54.0,2.0,52.0,126.0,61.0,65.0,10553.0,4118.0,6435.0,9304.0,2934.0,6370.0,9461.0,3026.0,6435.0,1972.0,701.0,1089.0,383873.0,200976.0,277354.0,2.0,0.0,17.0
127,166.0,7610.0,2184.0,5426.0,5313.0,735.0,4578.0,6095.0,1377.0,4718.0,10900.0,4400.0,6500.0,9940.0,3505.0,6435.0,10198.0,3698.0,6500.0,318585.0,117724.0,136393.0,1053732.0,296448.0,682260.0,1.0,0.0,17.0
129,166.0,243.0,152.0,91.0,72.0,20.0,52.0,173.0,106.0,67.0,5498.0,1879.0,3619.0,1211.0,512.0,699.0,4770.0,1484.0,3286.0,2334.0,838.0,1423.0,52410.0,11259.0,38841.0,3.0,0.0,17.0
131,166.0,258.0,163.0,95.0,12.0,12.0,0.0,134.0,102.0,32.0,10285.0,3989.0,6296.0,4870.0,1421.0,3449.0,9135.0,2974.0,6161.0,2181.0,637.0,1295.0,204635.0,39391.0,144936.0,2.0,0.0,17.0
133,166.0,7537.0,2178.0,5359.0,5033.0,711.0,4322.0,5838.0,1372.0,4466.0,10900.0,4400.0,6500.0,9606.0,3184.0,6422.0,10273.0,3773.0,6500.0,303704.0,112261.0,130311.0,1078462.0,240160.0,697992.0,1.0,0.0,17.0
135,166.0,116.0,101.0,15.0,2.0,2.0,0.0,62.0,61.0,1.0,5606.0,1919.0,3687.0,3513.0,1203.0,2310.0,4944.0,1529.0,3415.0,1309.0,389.0,784.0,51674.0,26036.0,38514.0,3.0,0.0,17.0
137,166.0,520.0,235.0,285.0,133.0,17.0,116.0,289.0,143.0,146.0,10575.0,4140.0,6435.0,7303.0,1941.0,5362.0,9493.0,3058.0,6435.0,3783.0,1133.0,2072.0,402114.0,88996.0,288944.0,2.0,0.0,17.0
139,166.0,6880.0,1900.0,4980.0,4644.0,649.0,3995.0,5363.0,1238.0,4125.0,10900.0,4400.0,6500.0,10136.0,3636.0,6500.0,10153.0,3653.0,6500.0,352857.0,110989.0,128682.0,1042610.0,477571.0,670093.0,1.0,0.0,17.0
141,166.0,218.0,123.0,95.0,66.0,15.0,51.0,156.0,75.0,81.0,5609.0,1925.0,3684.0,1560.0,562.0,998.0,4862.0,1511.0,3351.0,1943.0,749.0,1252.0,54097.0,12666.0,39883.0,3.0,0.0,17.0
143,166.0,350.0,191.0,159.0,120.0,18.0,102.0,260.0,130.0,130.0,10299.0,4000.0,6299.0,4897.0,1602.0,3295.0,9183.0,3008.0,6175.0,2868.0,1111.0,1811.0,210048.0,41533.0,148050.0,2.0,0.0,17.0
145,166.0,6436.0,1822.0,4614.0,4230.0,607.0,3623.0,4889.0,1167.0,3722.0,10887.0,4387.0,6500.0,10057.0,3571.0,6486.0,10245.0,3745.0,6500.0,402561.0,113314.0,130674.0,1079565.0,296256.0,699750.0,1.0,0.0,17.0
147,166.0,176.0,111.0,65.0,72.0,20.0,52.0,137.0,72.0,65.0,5979.0,2097.0,3882.0,3939.0,1318.0,2621.0,5295.0,1634.0,3661.0,1716.0,768.0,1180.0,57078.0,29950.0,42657.0,3.0,0.0,17.0
149,166.0,390.0,218.0,172.0,101.0,50.0,51.0,255.0,160.0,95.0,10628.0,4131.0,6497.0,8456.0,2583.0,5873.0,9518.0,3083.0,6435.0,3660.0,1338.0,2206.0,384739.0,111477.0,277014.0,2.0,0.0,17.0
2,166.0,277.0,180.0,97.0,18.0,18.0,0.0,156.0,126.0,30.0,10543.0,4111.0,6432.0,8289.0,2495.0,5794.0,9457.0,3034.0,6423.0,2527.0,696.0,1530.0,390580.0,106809.0,281036.0,2.0,0.0,17.0
4,166.0,7689.0,2198.0,5491.0,5218.0,691.0,4527.0,6055.0,1372.0,4683.0,10876.0,4376.0,6500.0,10181.0,3681.0,6500.0,10187.0,3687.0,6500.0,335767.0,124486.0,145405.0,1036566.0,488944.0,668917.0,1.0,0.0,17.0
6,166.0,165.0,138.0,27.0,21.0,21.0,0.0,121.0,106.0,15.0,5669.0,1982.0,3687.0,1493.0,560.0,933.0,4981.0,1565.0,3416.0,1888.0,631.0,1200.0,55898.0,13022.0,41760.0,3.0,0.0,17.0
8,166.0,314.0,159.0,155.0,55.0,5.0,50.0,175.0,109.0,66.0,10525.0,4090.0,6435.0,7603.0,2019.0,5584.0,9437.0,3002.0,6435.0,2563.0,731.0,1387.0,379659.0,89401.0,273662.0,2.0,0.0,17.0
10,166.0,6954.0,2074.0,4880.0,4738.0,698.0,4040.0,5532.0,1366.0,4166.0,10900.0,4400.0,6500.0,9567.0,3161.0,6406.0,10183.0,3683.0,6500.0,487725.0,138510.0,159317.0,1020775.0,230403.0,664831.0,1.0,0.0,17.0
12,166.0,184.0,102.0,82.0,2.0,2.0,0.0,81.0,66.0,15.0,5728.0,1976.0,3752.0,1882.0,820.0,1062.0,5029.0,1547.0,3482.0,1670.0,559.0,965.0,53033.0,15440.0,40453.0,3.0,0.0,17.0
14,166.0,196.0,116.0,80.0,51.0,0.0,51.0,131.0,65.0,66.0,10577.0,4142.0,6435.0,7733.0,2176.0,5557.0,9501.0,3066.0,6435.0,1727.0,626.0,1122.0,396217.0,94739.0,284556.0,2.0,0.0,17.0
16,166.0,7504.0,2174.0,5330.0,5158.0,692.0,4466.0,5951.0,1371.0,4580.0,10876.0,4376.0,6500.0,9356.0,2999.0,6357.0,10191.0,3691.0,6500.0,384566.0,121891.0,141006.0,1052159.0,221522.0,679097.0,1.0,0.0,17.0
18,166.0,186.0,110.0,76.0,6.0,6.0,0.0,89.0,74.0,15.0,5659.0,1910.0,3749.0,3547.0,1186.0,2361.0,4886.0,1470.0,3416.0,1578.0,482.0,940.0,51112.0,26161.0,38131.0,3.0,0.0,17.0
20,166.0,401.0,183.0,218.0,83.0,18.0,65.0,205.0,124.0,81.0,10502.0,4070.0,6432.0,8272.0,2466.0,5806.0,9399.0,3029.0,6370.0,3057.0,995.0,1730.0,393807.0,111397.0,284230.0,2.0,0.0,17.0
22,166.0,7317.0,2033.0,5284.0,5039.0,658.0,4381.0,5829.0,1293.0,4536.0,10885.0,4385.0,6500.0,10162.0,3662.0,6500.0,10189.0,3689.0,6500.0,284212.0,105163.0,121555.0,1055068.0,489282.0,684147.0,1.0,0.0,17.0
24,166.0,99.0,84.0,15.0,2.0,2.0,0.0,74.0,59.0,15.0,5660.0,1914.0,3746.0,1861.0,785.0,1076.0,4837.0,1486.0,3351.0,1291.0,503.0,879.0,52994.0,14600.0,39213.0,3.0,0.0,17.0
26,166.0,356.0,200.0,156.0,79.0,28.0,51.0,215.0,134.0,81.0,10372.0,4011.0,6361.0,5238.0,1494.0,3744.0,9242.0,3017.0,6225.0,2868.0,878.0,1627.0,212380.0,44837.0,151985.0,2.0,0.0,17.0
28,166.0,7326.0,2115.0,5211.0,4838.0,647.0,4191.0,5675.0,1356.0,4319.0,10876.0,4376.0,6500.0,10130.0,3630.0,6500.0,10138.0,3638.0,6500.0,342231.0,107462.0,124879.0,1039066.0,485248.0,669155.0,1.0,0.0,17.0
30,166.0,102.0,87.0,15.0,26.0,26.0,0.0,86.0,71.0,15.0,5459.0,1899.0,3560.0,3380.0,1146.0,2234.0,4767.0,1467.0,3300.0,1190.0,400.0,775.0,55221.0,26087.0,40826.0,3.0,0.0,17.0
32,166.0,372.0,210.0,162.0,74.0,9.0,65.0,231.0,136.0,95.0,10641.0,4144.0,6497.0,7291.0,1917.0,5374.0,9556.0,3071.0,6485.0,2963.0,1041.0,1853.0,386862.0,80163.0,275519.0,2.0,0.0,17.0
34,166.0,7117.0,1972.0,5145.0,4594.0,600.0,3994.0,5401.0,1266.0,4135.0,10887.0,4387.0,6500.0,9576.0,3168.0,6408.0,10177.0,3677.0,6500.0,328447.0,102920.0,120200.0,1030660.0,230278.0,664175.0,1.0,0.0,17.0
36,166.0,57.0,46.0,11.0,0.0,0.0,0.0,27.0,27.0,0.0,5535.0,1910.0,3625.0,1215.0,450.0,765.0,4862.0,1497.0,3365.0,882.0,296.0,528.0,50757.0,10828.0,37879.0,3.0,0.0,17.0
38,166.0,458.0,225.0,233.0,80.0,15.0,65.0,248.0,152.0,96.0,10592.0,4157.0,6435.0,9352.0,2995.0,6357.0,9535.0,3100.0,6435.0,3474.0,873.0,1830.0,400023.0,207584.0,289152.0,2.0,0.0,17.0
40,166.0,7468.0,2129.0,5339.0,4998.0,672.0,4326.0,5825.0,1359.0,4466.0,10885.0,4385.0,6500.0,10133.0,3633.0,6500.0,10138.0,3638.0,6500.0,370773.0,116647.0,135497.0,1048959.0,497689.0,676386.0,1.0,0.0,17.0
42,166.0,167.0,138.0,29.0,8.0,8.0,0.0,122.0,107.0,15.0,5329.0,1778.0,3551.0,1210.0,458.0,752.0,4567.0,1408.0,3159.0,2000.0,689.0,1324.0,50185.0,10898.0,37412.0,3.0,0.0,17.0
44,166.0,350.0,202.0,148.0,89.0,24.0,65.0,216.0,136.0,80.0,10242.0,3949.0,6293.0,4920.0,1407.0,3513.0,9164.0,2967.0,6197.0,2909.0,913.0,1697.0,208309.0,40858.0,146874.0,2.0,0.0,17.0
46,166.0,7526.0,2165.0,5361.0,5041.0,696.0,4345.0,5874.0,1372.0,4502.0,10876.0,4376.0,6500.0,9283.0,2938.0,6345.0,10134.0,3634.0,6500.0,327523.0,121453.0,141167.0,1035115.0,221868.0,666916.0,1.0,0.0,17.0
48,166.0,68.0,68.0,0.0,0.0,0.0,0.0,43.0,43.0,0.0,5867.0,1991.0,3876.0,1536.0,603.0,933.0,5037.0,1556.0,3481.0,1148.0,465.0,768.0,55412.0,13320.0,41094.0,3.0,0.0,17.0
50,166.0,219.0,193.0,26.0,6.0,6.0,0.0,150.0,135.0,15.0,10579.0,4144.0,6435.0,8296.0,2500.0,5796.0,9495.0,3060.0,6435.0,2236.0,412.0,1240.0,392543.0,109613.0,281564.0,2.0,0.0,17.0
52,166.0,7296.0,2059.0,5237.0,4832.0,729.0,4103.0,5559.0,1340.0,4219.0,10887.0,4387.0,6500.0,9910.0,3439.0,6471.0,10163.0,3663.0,6500.0,417936.0,128577.0,149779.0,1033115.0,282256.0,667338.0,1.0,0.0,17.0
54,166.0,212.0,133.0,79.0,20.0,20.0,0.0,104.0,89.0,15.0,5334.0,1780.0,3554.0,1895.0,769.0,1126.0,4620.0,1400.0,3220.0,1932.0,790.0,1280.0,50280.0,15187.0,37537.0,3.0,0.0,17.0
56,166.0,320.0,176.0,144.0,59.0,9.0,50.0,188.0,122.0,66.0,10540.0,4105.0,6435.0,8105.0,2428.0,5677.0,9473.0,3038.0,6435.0,2575.0,747.0,1419.0,401613.0,114238.0,288620.0,2.0,0.0,17.0
58,166.0,6543.0,1925.0,4618.0,4522.0,666.0,3856.0,5213.0,1258.0,3955.0,10900.0,4400.0,6500.0,9918.0,3483.0,6435.0,10216.0,3716.0,6500.0,397917.0,112897.0,129946.0,1039650.0,282484.0,674833.0,1.0,0.0,17.0
60,166.0,122.0,107.0,15.0,2.0,2.0,0.0,87.0,72.0,15.0,5788.0,1974.0,3814.0,1436.0,503.0,933.0,5053.0,1519.0,3534.0,1448.0,524.0,969.0,52302.0,11999.0,39390.0,3.0,0.0,17.0
62,166.0,346.0,191.0,155.0,70.0,20.0,50.0,207.0,127.0,80.0,10581.0,4146.0,6435.0,8278.0,2499.0,5779.0,9497.0,3062.0,6435.0,2662.0,756.0,1507.0,402586.0,114739.0,290211.0,2.0,0.0,17.0
64,166.0,7485.0,2077.0,5408.0,4929.0,614.0,4315.0,5749.0,1278.0,4471.0,10900.0,4400.0,6500.0,9369.0,3041.0,6328.0,10227.0,3727.0,6500.0,298291.0,107514.0,125843.0,1070712.0,233161.0,693590.0,1.0,0.0,17.0
66,166.0,184.0,101.0,83.0,2.0,2.0,0.0,80.0,65.0,15.0,5776.0,1959.0,3817.0,1577.0,578.0,999.0,5077.0,1530.0,3547.0,1733.0,486.0,972.0,52504.0,12992.0,39751.0,3.0,0.0,17.0
68,166.0,238.0,131.0,107.0,6.0,6.0,0.0,110.0,80.0,30.0,10523.0,4088.0,6435.0,8672.0,2604.0,6068.0,9483.0,3048.0,6435.0,2044.0,478.0,1071.0,391578.0,117323.0,281490.0,2.0,0.0,17.0
70,166.0,7318.0,2104.0,5214.0,4718.0,642.0,4076.0,5582.0,1347.0,4235.0,10876.0,4376.0,6500.0,9897.0,3462.0,6435.0,10185.0,3685.0,6500.0,357145.0,109911.0,127752.0,1061183.0,295426.0,688566.0,1.0,0.0,17.0
72,166.0,47.0,47.0,0.0,0.0,0.0,0.0,27.0,27.0,0.0,5391.0,1896.0,3495.0,3203.0,1166.0,2037.0,4863.0,1525.0,3338.0,784.0,252.0,471.0,53173.0,26115.0,40544.0,3.0,0.0,17.0
74,166.0,319.0,175.0,144.0,57.0,7.0,50.0,196.0,116.0,80.0,10624.0,4127.0,6497.0,7491.0,2051.0,5440.0,9460.0,3025.0,6435.0,2462.0,769.0,1461.0,386655.0,88023.0,278002.0,2.0,0.0,17.0
76,166.0,7730.0,2234.0,5496.0,5221.0,697.0,4524.0,6102.0,1406.0,4696.0,10876.0,4376.0,6500.0,9841.0,3419.0,6422.0,10144.0,3644.0,6500.0,259549.0,119030.0,137466.0,1026972.0,271391.0,661562.0,1.0,0.0,17.0
78,166.0,131.0,116.0,15.0,20.0,20.0,0.0,103.0,88.0,15.0,5330.0,1835.0,3495.0,1591.0,579.0,1012.0,4675.0,1440.0,3235.0,1840.0,706.0,1208.0,51782.0,13490.0,38683.0,3.0,0.0,17.0
80,166.0,317.0,173.0,144.0,137.0,22.0,115.0,209.0,92.0,117.0,10677.0,4177.0,6500.0,9296.0,3005.0,6291.0,9645.0,3145.0,6500.0,2510.0,1008.0,1533.0,393365.0,194777.0,284705.0,2.0,0.0,17.0
82,166.0,7658.0,2310.0,5348.0,5173.0,699.0,4474.0,6096.0,1482.0,4614.0,10885.0,4385.0,6500.0,9588.0,3168.0,6420.0,10197.0,3697.0,6500.0,302542.0,112544.0,130772.0,1048430.0,231725.0,674076.0,1.0,0.0,17.0
84,166.0,240.0,157.0,83.0,88.0,23.0,65.0,184.0,104.0,80.0,5560.0,1879.0,3681.0,1515.0,518.0,997.0,4775.0,1487.0,3288.0,2150.0,827.0,1346.0,52179.0,12388.0,38640.0,3.0,0.0,17.0
86,166.0,261.0,169.0,92.0,20.0,20.0,0.0,150.0,120.0,30.0,10579.0,4144.0,6435.0,9344.0,2989.0,6355.0,9524.0,3089.0,6435.0,2302.0,612.0,1322.0,399991.0,204737.0,289724.0,2.0,0.0,17.0
88,166.0,7456.0,2160.0,5296.0,5029.0,692.0,4337.0,5842.0,1390.0,4452.0,10900.0,4400.0,6500.0,9617.0,3197.0,6420.0,10208.0,3708.0,6500.0,315909.0,117008.0,135463.0,1074384.0,245533.0,691069.0,1.0,0.0,17.0
90,166.0,117.0,102.0,15.0,5.0,5.0,0.0,84.0,69.0,15.0,5323.0,1834.0,3489.0,1740.0,754.0,986.0,4620.0,1462.0,3158.0,1390.0,493.0,854.0,50589.0,14231.0,37870.0,3.0,0.0,17.0
92,166.0,344.0,202.0,142.0,62.0,10.0,52.0,208.0,128.0,80.0,10363.0,4002.0,6361.0,4960.0,1397.0,3563.0,9205.0,2980.0,6225.0,2743.0,772.0,1453.0,210422.0,43498.0,149287.0,2.0,0.0,17.0
94,166.0,7710.0,2274.0,5436.0,5363.0,730.0,4633.0,6220.0,1457.0,4763.0,10887.0,4387.0,6500.0,9589.0,3168.0,6421.0,10181.0,3681.0,6500.0,293734.0,136232.0,157589.0,1049871.0,237857.0,678213.0,1.0,0.0,17.0
96,166.0,146.0,119.0,27.0,20.0,20.0,0.0,100.0,85.0,15.0,5658.0,1912.0,3746.0,3248.0,1197.0,2051.0,4914.0,1563.0,3351.0,1661.0,674.0,1070.0,51493.0,24559.0,38343.0,3.0,0.0,17.0
98,166.0,344.0,200.0,144.0,91.0,26.0,65.0,220.0,140.0,80.0,10566.0,4131.0,6435.0,8556.0,2605.0,5951.0,9532.0,3097.0,6435.0,2987.0,1164.0,1873.0,400951.0,115272.0,288344.0,2.0,0.0,17.0
100,166.0,7447.0,2165.0,5282.0,5251.0,735.0,4516.0,6028.0,1413.0,4615.0,10900.0,4400.0,6500.0,9395.0,2975.0,6420.0,10106.0,3606.0,6500.0,390058.0,147348.0,169632.0,1033957.0,231234.0,667524.0,1.0,0.0,17.0
102,166.0,110.0,95.0,15.0,0.0,0.0,0.0,69.0,54.0,15.0,5709.0,1901.0,3808.0,1705.0,577.0,1128.0,4842.0,1490.0,3352.0,1295.0,424.0,794.0,55799.0,13915.0,41387.0,3.0,0.0,17.0
104,166.0,447.0,174.0,273.0,73.0,8.0,65.0,186.0,105.0,81.0,10684.0,4184.0,6500.0,7729.0,2043.0,5686.0,9620.0,3120.0,6500.0,3074.0,910.0,1548.0,396430.0,91042.0,285507.0,2.0,0.0,17.0
106,166.0,7441.0,2309.0,5132.0,5063.0,738.0,4325.0,5970.0,1519.0,4451.0,10887.0,4387.0,6500.0,9332.0,2938.0,6394.0,10107.0,3607.0,6500.0,369243.0,117205.0,135793.0,1030283.0,225220.0,666426.0,1.0,0.0,17.0
108,166.0,102.0,87.0,15.0,16.0,16.0,0.0,83.0,68.0,15.0,5666.0,1976.0,3690.0,3474.0,1228.0,2246.0,5001.0,1570.0,3431.0,1342.0,431.0,798.0,52543.0,26176.0,39479.0,3.0,0.0,17.0
110,166.0,388.0,178.0,210.0,113.0,48.0,65.0,222.0,127.0,95.0,10688.0,4188.0,6500.0,7632.0,2084.0,5548.0,9662.0,3162.0,6500.0,3096.0,1075.0,1726.0,399930.0,95675.0,290689.0,2.0,0.0,17.0
112,166.0,7640.0,2344.0,5296.0,5214.0,769.0,4445.0,6088.0,1503.0,4585.0,10885.0,4385.0,6500.0,9576.0,3183.0,6393.0,10231.0,3731.0,6500.0,375158.0,140238.0,161737.0,1069835.0,236719.0,691977.0,1.0,0.0,17.0
114,166.0,193.0,113.0,80.0,24.0,24.0,0.0,117.0,87.0,30.0,5400.0,1846.0,3554.0,1522.0,576.0,946.0,4637.0,1467.0,3170.0,1813.0,553.0,1134.0,51756.0,12606.0,38556.0,3.0,0.0,17.0
116,166.0,377.0,171.0,206.0,129.0,14.0,115.0,253.0,123.0,130.0,10534.0,4099.0,6435.0,7030.0,1930.0,5100.0,9430.0,2995.0,6435.0,3164.0,1160.0,1862.0,357065.0,78442.0,258622.0,2.0,0.0,17.0
118,166.0,7023.0,2075.0,4948.0,4809.0,692.0,4117.0,5562.0,1333.0,4229.0,10885.0,4385.0,6500.0,9918.0,3483.0,6435.0,10195.0,3695.0,6500.0,410709.0,114702.0,131930.0,1060316.0,296974.0,685518.0,1.0,0.0,17.0
120,166.0,310.0,180.0,130.0,76.0,11.0,65.0,198.0,118.0,80.0,5435.0,1875.0,3560.0,1466.0,468.0,998.0,4720.0,1420.0,3300.0,2758.0,1140.0,1761.0,51244.0,12339.0,38228.0,3.0,0.0,17.0
122,166.0,342.0,185.0,157.0,138.0,23.0,115.0,249.0,118.0,131.0,10575.0,4140.0,6435.0,9287.0,2932.0,6355.0,9473.0,3038.0,6435.0,2916.0,1106.0,1765.0,378990.0,191810.0,271826.0,2.0,0.0,17.0
124,166.0,7361.0,2166.0,5195.0,5009.0,751.0,4258.0,5766.0,1407.0,4359.0,10900.0,4400.0,6500.0,9955.0,3469.0,6486.0,10177.0,3677.0,6500.0,406975.0,126281.0,146808.0,1045656.0,288526.0,680271.0,1.0,0.0,17.0
126,166.0,170.0,102.0,68.0,16.0,16.0,0.0,83.0,68.0,15.0,5512.0,1890.0,3622.0,1487.0,538.0,949.0,4862.0,1511.0,3351.0,1618.0,529.0,978.0,51171.0,12661.0,38477.0,3.0,0.0,17.0
128,166.0,286.0,142.0,144.0,51.0,0.0,51.0,143.0,77.0,66.0,10568.0,4133.0,6435.0,7230.0,1921.0,5309.0,9473.0,3038.0,6435.0,2234.0,645.0,1172.0,393083.0,88268.0,281876.0,2.0,0.0,17.0
130,166.0,7506.0,2159.0,5347.0,5092.0,718.0,4374.0,5886.0,1385.0,4501.0,10876.0,4376.0,6500.0,9872.0,3463.0,6409.0,10190.0,3690.0,6500.0,327892.0,124062.0,142757.0,1080755.0,293415.0,697648.0,1.0,0.0,17.0
132,166.0,179.0,152.0,27.0,20.0,20.0,0.0,101.0,100.0,1.0,5440.0,1883.0,3557.0,1717.0,784.0,933.0,4774.0,1489.0,3285.0,1637.0,459.0,954.0,50110.0,14076.0,37213.0,3.0,0.0,17.0
134,166.0,475.0,200.0,275.0,150.0,34.0,116.0,275.0,130.0,145.0,10585.0,4088.0,6497.0,7536.0,2016.0,5520.0,9446.0,3011.0,6435.0,3515.0,1304.0,2062.0,378859.0,89520.0,272426.0,2.0,0.0,17.0
136,166.0,7470.0,2103.0,5367.0,5104.0,665.0,4439.0,5924.0,1330.0,4594.0,10900.0,4400.0,6500.0,10199.0,3699.0,6500.0,10212.0,3712.0,6500.0,248460.0,111199.0,129367.0,1066554.0,507688.0,687880.0,1.0,0.0,17.0
138,166.0,178.0,101.0,77.0,20.0,20.0,0.0,86.0,71.0,15.0,5880.0,2001.0,3879.0,1901.0,826.0,1075.0,5096.0,1550.0,3546.0,1755.0,672.0,1032.0,53924.0,15483.0,40580.0,3.0,0.0,17.0
140,166.0,363.0,206.0,157.0,98.0,33.0,65.0,228.0,146.0,82.0,10363.0,4002.0,6361.0,5257.0,1564.0,3693.0,9231.0,3006.0,6225.0,3026.0,1098.0,1878.0,211220.0,44278.0,149132.0,2.0,0.0,17.0
142,166.0,7533.0,2058.0,5475.0,5041.0,647.0,4394.0,5772.0,1262.0,4510.0,10887.0,4387.0,6500.0,9462.0,3106.0,6356.0,10178.0,3678.0,6500.0,300802.0,109984.0,127755.0,1039372.0,231838.0,670680.0,1.0,0.0,17.0
144,166.0,130.0,115.0,15.0,14.0,14.0,0.0,104.0,89.0,15.0,5559.0,1875.0,3684.0,1555.0,494.0,1061.0,4791.0,1440.0,3351.0,1692.0,564.0,1086.0,52426.0,12528.0,38616.0,3.0,0.0,17.0
146,166.0,342.0,186.0,156.0,81.0,31.0,50.0,210.0,130.0,80.0,10551.0,4116.0,6435.0,8244.0,2453.0,5791.0,9429.0,2994.0,6435.0,2834.0,810.0,1574.0,384564.0,109325.0,276929.0,2.0,0.0,17.0
148,166.0,7291.0,2130.0,5161.0,4921.0,702.0,4219.0,5720.0,1372.0,4348.0,10900.0,4400.0,6500.0,9775.0,3353.0,6422.0,10119.0,3619.0,6500.0,441166.0,139971.0,161981.0,1019017.0,275737.0,659256.0,1.0,0.0,17.0
150,166.0,153.0,85.0,68.0,2.0,2.0,0.0,73.0,58.0,15.0,5595.0,1908.0,3687.0,1367.0,485.0,882.0,4903.0,1486.0,3417.0,1610.0,369.0,868.0,51313.0,11455.0,38554.0,3.0,0.0,17.0
