"run","tick","IntegralBHGR","IntegralBHGR1","IntegralBHGR2","IntegralBHGRErtrag","IntegralBHGRErtrag1","IntegralBHGRErtrag2","IntegralBHGRsicht","IntegralBHGRsicht1","IntegralBHGRsicht2","IntegralBHST","IntegralBHST1","IntegralBHST2","IntegralBHSTertrag","IntegralBHSTertrag1","IntegralBHSTertrag2","IntegralBHSTsicht","IntegralBHSTsicht1","IntegralBHSTsicht2","GRCount","GRertragCount","GRsichtCount","STCount","STertragCount","STsichtCount","Resistance","Behaviour","Jahr","GRsichtCount2","GRCount1","GRCount2","GRertragCount1","GRertragCount2","GRsichtCount1"
1,166.0,10888.0,4388.0,6500.0,9875.0,3538.0,6337.0,10819.0,4355.0,6464.0,10040.0,3540.0,6500.0,5238.0,288.0,4950.0,8557.0,2357.0,6200.0,1.0630358E7,3045065.0,3732203.0,2403501.0,749437.0,1358355.0,1.0,0.0,16.0,2905308.0,1545978.0,9084380.0,258080.0,2786985.0,826895.0
2,166.0,8262.0,2657.0,5605.0,4150.0,732.0,3418.0,5501.0,1912.0,3589.0,7817.0,2017.0,5800.0,2586.0,86.0,2500.0,5867.0,1392.0,4475.0,556432.0,146469.0,196245.0,433321.0,77083.0,225346.0,2.0,0.0,16.0,134658.0,107516.0,448916.0,18672.0,127797.0,61587.0
3,166.0,3389.0,1259.0,2130.0,1231.0,281.0,950.0,1904.0,888.0,1016.0,5593.0,1385.0,4208.0,1046.0,46.0,1000.0,3865.0,1000.0,2865.0,98990.0,30351.0,47762.0,197074.0,25421.0,111701.0,3.0,0.0,16.0,25190.0,34728.0,64262.0,6781.0,23570.0,22572.0
4,166.0,10899.0,4399.0,6500.0,9861.0,3522.0,6339.0,10839.0,4365.0,6474.0,10017.0,3582.0,6435.0,5226.0,276.0,4950.0,8540.0,2375.0,6165.0,1.0706222E7,3067923.0,3758814.0,2398871.0,742910.0,1355427.0,1.0,0.0,16.0,2927530.0,1556849.0,9149373.0,259420.0,2808503.0,831284.0
5,166.0,8364.0,2738.0,5626.0,4208.0,733.0,3475.0,5603.0,1949.0,3654.0,7804.0,2016.0,5788.0,2584.0,84.0,2500.0,5813.0,1388.0,4425.0,561650.0,146062.0,197665.0,436605.0,76936.0,228776.0,2.0,0.0,16.0,133906.0,111198.0,450452.0,19066.0,126996.0,63759.0
6,166.0,3172.0,1212.0,1960.0,1123.0,282.0,841.0,1755.0,843.0,912.0,5204.0,1296.0,3908.0,943.0,43.0,900.0,3589.0,954.0,2635.0,92813.0,28655.0,45250.0,181724.0,23332.0,104674.0,3.0,0.0,16.0,23347.0,34011.0,58802.0,6891.0,21764.0,21903.0
7,166.0,10895.0,4395.0,6500.0,9880.0,3536.0,6344.0,10835.0,4364.0,6471.0,10083.0,3583.0,6500.0,5230.0,280.0,4950.0,8601.0,2386.0,6215.0,1.0863246E7,3102327.0,3805868.0,2399809.0,744907.0,1350439.0,1.0,0.0,16.0,2965054.0,1578650.0,9284596.0,258047.0,2844280.0,840814.0
8,166.0,8547.0,2796.0,5751.0,4257.0,773.0,3484.0,5691.0,2015.0,3676.0,7861.0,2060.0,5801.0,2592.0,92.0,2500.0,5937.0,1397.0,4540.0,563691.0,146807.0,198941.0,441114.0,79061.0,232168.0,2.0,0.0,16.0,134820.0,110731.0,452960.0,19344.0,127463.0,64121.0
9,166.0,3291.0,1241.0,2050.0,1201.0,301.0,900.0,1844.0,889.0,955.0,5478.0,1384.0,4094.0,1047.0,47.0,1000.0,3764.0,999.0,2765.0,98613.0,29912.0,47381.0,191992.0,25351.0,107435.0,3.0,0.0,16.0,24206.0,35605.0,63008.0,7138.0,22774.0,23175.0
10,166.0,10900.0,4400.0,6500.0,9893.0,3546.0,6347.0,10850.0,4374.0,6476.0,10169.0,3669.0,6500.0,5241.0,291.0,4950.0,8676.0,2431.0,6245.0,1.2719786E7,3624671.0,4438171.0,2392084.0,750132.0,1356781.0,1.0,0.0,16.0,3491465.0,1845551.0,1.0874235E7,272236.0,3352435.0,946706.0
11,166.0,8467.0,2725.0,5742.0,4222.0,747.0,3475.0,5647.0,1983.0,3664.0,7886.0,2018.0,5868.0,2741.0,91.0,2650.0,5914.0,1389.0,4525.0,575357.0,150294.0,202470.0,445347.0,82975.0,232433.0,2.0,0.0,16.0,138542.0,111444.0,463913.0,18936.0,131358.0,63928.0
12,166.0,3131.0,1185.0,1946.0,1125.0,276.0,849.0,1723.0,812.0,911.0,5463.0,1383.0,4080.0,998.0,48.0,950.0,3764.0,999.0,2765.0,91832.0,27760.0,43535.0,186095.0,24063.0,106503.0,3.0,0.0,16.0,22386.0,32910.0,58922.0,6824.0,20936.0,21149.0
13,166.0,10886.0,4386.0,6500.0,9877.0,3532.0,6345.0,10837.0,4361.0,6476.0,10083.0,3583.0,6500.0,5241.0,291.0,4950.0,8549.0,2384.0,6165.0,1.0754413E7,3089633.0,3784707.0,2399854.0,751191.0,1358765.0,1.0,0.0,16.0,2950507.0,1562511.0,9191902.0,258822.0,2830811.0,834200.0
14,166.0,8331.0,2725.0,5606.0,4198.0,764.0,3434.0,5594.0,1988.0,3606.0,7861.0,2060.0,5801.0,2646.0,96.0,2550.0,5956.0,1416.0,4540.0,576583.0,151312.0,204128.0,440045.0,79326.0,229698.0,2.0,0.0,16.0,138484.0,114119.0,462464.0,19756.0,131556.0,65644.0
15,166.0,3491.0,1274.0,2217.0,1264.0,307.0,957.0,1915.0,903.0,1012.0,5443.0,1298.0,4145.0,1048.0,48.0,1000.0,3735.0,950.0,2785.0,103163.0,31819.0,49651.0,186326.0,25247.0,106351.0,3.0,0.0,16.0,25679.0,36865.0,66298.0,7514.0,24305.0,23972.0
16,166.0,10866.0,4366.0,6500.0,9889.0,3544.0,6345.0,10824.0,4353.0,6471.0,10040.0,3540.0,6500.0,5228.0,278.0,4950.0,8559.0,2359.0,6200.0,1.0846489E7,3110467.0,3809618.0,2399897.0,742214.0,1352908.0,1.0,0.0,16.0,2972338.0,1571361.0,9275128.0,257935.0,2852532.0,837280.0
17,166.0,8195.0,2635.0,5560.0,4174.0,751.0,3423.0,5525.0,1924.0,3601.0,7857.0,2016.0,5841.0,2643.0,93.0,2550.0,5868.0,1393.0,4475.0,576072.0,148971.0,202093.0,439587.0,79392.0,228668.0,2.0,0.0,16.0,136943.0,113598.0,462474.0,19272.0,129699.0,65150.0
18,166.0,3265.0,1250.0,2015.0,1194.0,301.0,893.0,1834.0,881.0,953.0,5484.0,1341.0,4143.0,953.0,53.0,900.0,3779.0,979.0,2800.0,92395.0,28313.0,45319.0,185066.0,22817.0,104923.0,3.0,0.0,16.0,22661.0,34868.0,57527.0,7107.0,21206.0,22658.0
19,166.0,10866.0,4366.0,6500.0,9904.0,3555.0,6349.0,10827.0,4354.0,6473.0,10126.0,3626.0,6500.0,5231.0,281.0,4950.0,8594.0,2414.0,6180.0,1.0992688E7,3142831.0,3854367.0,2394058.0,750198.0,1353746.0,1.0,0.0,16.0,3004984.0,1595968.0,9396720.0,259572.0,2883259.0,849383.0
20,166.0,8274.0,2665.0,5609.0,4013.0,724.0,3289.0,5401.0,1929.0,3472.0,7804.0,2016.0,5788.0,2585.0,85.0,2500.0,5867.0,1392.0,4475.0,546379.0,140790.0,191431.0,429788.0,77802.0,225001.0,2.0,0.0,16.0,129267.0,107302.0,439077.0,18610.0,122180.0,62164.0
21,166.0,3335.0,1262.0,2073.0,1261.0,308.0,953.0,1911.0,896.0,1015.0,5441.0,1298.0,4143.0,951.0,51.0,900.0,3687.0,952.0,2735.0,101095.0,31266.0,49086.0,186652.0,23310.0,105679.0,3.0,0.0,16.0,25430.0,36595.0,64500.0,7463.0,23803.0,23656.0
22,166.0,10892.0,4392.0,6500.0,9906.0,3557.0,6349.0,10836.0,4364.0,6472.0,10126.0,3626.0,6500.0,5238.0,288.0,4950.0,8642.0,2412.0,6230.0,1.083996E7,3107704.0,3804219.0,2405323.0,747749.0,1349737.0,1.0,0.0,16.0,2964821.0,1571908.0,9268052.0,262534.0,2845170.0,839398.0
23,166.0,8118.0,2567.0,5551.0,4169.0,745.0,3424.0,5456.0,1866.0,3590.0,7725.0,1974.0,5751.0,2646.0,96.0,2550.0,5877.0,1367.0,4510.0,579572.0,153331.0,204853.0,435083.0,81682.0,230726.0,2.0,0.0,16.0,140943.0,111619.0,467953.0,19328.0,134003.0,63910.0
24,166.0,3222.0,1214.0,2008.0,1216.0,318.0,898.0,1846.0,883.0,963.0,5301.0,1339.0,3962.0,997.0,47.0,950.0,3624.0,974.0,2650.0,97012.0,30270.0,47429.0,182474.0,24048.0,103481.0,3.0,0.0,16.0,24239.0,34928.0,62084.0,7672.0,22598.0,23190.0
25,166.0,10899.0,4399.0,6500.0,9886.0,3546.0,6340.0,10830.0,4360.0,6470.0,10169.0,3669.0,6500.0,5236.0,286.0,4950.0,8683.0,2438.0,6245.0,1.0924883E7,3128451.0,3826423.0,2396777.0,751964.0,1359300.0,1.0,0.0,16.0,2985783.0,1578765.0,9346118.0,262459.0,2865992.0,840640.0
26,166.0,8351.0,2731.0,5620.0,4086.0,720.0,3366.0,5502.0,1958.0,3544.0,7956.0,2103.0,5853.0,2536.0,86.0,2450.0,5995.0,1440.0,4555.0,554855.0,145077.0,196572.0,447117.0,79133.0,231754.0,2.0,0.0,16.0,133485.0,110626.0,444229.0,18382.0,126695.0,63087.0
27,166.0,3286.0,1234.0,2052.0,1197.0,299.0,898.0,1828.0,869.0,959.0,5425.0,1384.0,4041.0,1044.0,44.0,1000.0,3814.0,999.0,2815.0,97172.0,30539.0,47790.0,187107.0,24956.0,106897.0,3.0,0.0,16.0,24935.0,35257.0,61915.0,7148.0,23391.0,22855.0
28,166.0,10900.0,4400.0,6500.0,9906.0,3557.0,6349.0,10837.0,4365.0,6472.0,10169.0,3669.0,6500.0,5234.0,284.0,4950.0,8630.0,2435.0,6195.0,1.071961E7,3068390.0,3760646.0,2397310.0,751844.0,1355872.0,1.0,0.0,16.0,2924515.0,1564441.0,9155169.0,261897.0,2806493.0,836131.0
29,166.0,8333.0,2666.0,5667.0,4081.0,721.0,3360.0,5444.0,1901.0,3543.0,7761.0,1973.0,5788.0,2644.0,94.0,2550.0,5812.0,1352.0,4460.0,557222.0,142571.0,192794.0,432558.0,78219.0,224722.0,2.0,0.0,16.0,131362.0,107132.0,450090.0,18263.0,124308.0,61432.0
30,166.0,2983.0,1185.0,1798.0,1101.0,275.0,826.0,1728.0,844.0,884.0,5596.0,1385.0,4211.0,1050.0,50.0,1000.0,3866.0,1001.0,2865.0,85249.0,26343.0,42526.0,193479.0,24801.0,109254.0,3.0,0.0,16.0,21016.0,32731.0,52518.0,6677.0,19666.0,21510.0
