"tick","SchadenprozGRsicht","SchaedenprozGR","SchaedenprozGRE","SchaedenprozST","SchaedenprozSTE","SchaedenprzSTsicht","Resistance","Behaviour"
1.0,0.0,1.153846153846154,0.0,28.26923076923077,0.0,0.0,2.0,0.0
2.0,0.0,1.153846153846154,0.0,28.26923076923077,0.0,0.0,2.0,0.0
3.0,0.0,1.153846153846154,0.0,28.26923076923077,0.0,0.0,2.0,0.0
4.0,0.0,1.153846153846154,0.0,28.26923076923077,0.0,0.0,2.0,0.0
5.0,0.0,1.153846153846154,0.0,28.26923076923077,0.0,0.0,2.0,0.0
6.0,0.0,1.153846153846154,0.0,28.26923076923077,0.0,0.0,2.0,0.0
7.0,0.0,1.153846153846154,0.0,28.26923076923077,0.0,0.0,2.0,0.0
8.0,0.0,1.153846153846154,0.0,28.26923076923077,0.0,0.0,2.0,0.0
9.0,0.0,1.153846153846154,0.0,28.26923076923077,0.0,0.0,2.0,0.0
10.0,0.0,1.153846153846154,0.0,28.26923076923077,0.0,0.0,2.0,0.0
11.0,0.0,1.153846153846154,0.0,28.26923076923077,0.0,0.0,2.0,0.0
12.0,0.0,1.153846153846154,0.0,28.26923076923077,0.0,0.0,2.0,0.0
13.0,0.0,1.153846153846154,0.0,28.26923076923077,0.0,0.0,2.0,0.0
14.0,0.0,1.153846153846154,0.0,28.26923076923077,0.0,0.0,2.0,0.0
15.0,0.0,1.153846153846154,0.0,28.26923076923077,0.0,0.0,2.0,0.0
16.0,0.0,1.153846153846154,0.0,28.26923076923077,0.0,0.0,2.0,0.0
17.0,0.0,1.153846153846154,0.0,28.26923076923077,0.0,0.0,2.0,0.0
18.0,0.0,1.153846153846154,0.0,28.26923076923077,0.0,0.0,2.0,0.0
19.0,0.0,1.153846153846154,0.0,28.26923076923077,0.0,0.0,2.0,0.0
20.0,0.0,1.153846153846154,0.0,28.26923076923077,0.0,0.0,2.0,0.0
21.0,0.0,1.153846153846154,0.0,28.26923076923077,0.0,0.0,2.0,0.0
22.0,0.0,1.153846153846154,0.0,28.26923076923077,0.0,0.0,2.0,0.0
23.0,0.0,1.153846153846154,0.0,28.26923076923077,0.19230769230769232,0.19230769230769232,2.0,0.0
24.0,0.0,1.153846153846154,0.0,28.26923076923077,0.19230769230769232,0.19230769230769232,2.0,0.0
25.0,0.19230769230769232,1.153846153846154,0.19230769230769232,28.26923076923077,0.38461538461538464,0.38461538461538464,2.0,0.0
26.0,0.7692307692307693,1.153846153846154,0.7692307692307693,28.26923076923077,0.576923076923077,0.576923076923077,2.0,0.0
27.0,0.7692307692307693,1.153846153846154,0.7692307692307693,30.384615384615383,1.7307692307692308,1.7307692307692308,2.0,0.0
28.0,0.9615384615384616,1.5384615384615385,0.9615384615384616,30.384615384615383,3.653846153846154,3.653846153846154,2.0,0.0
29.0,0.9615384615384616,1.5384615384615385,0.9615384615384616,30.384615384615383,4.615384615384616,4.615384615384616,2.0,0.0
30.0,1.153846153846154,1.5384615384615385,1.153846153846154,30.384615384615383,5.1923076923076925,5.1923076923076925,2.0,0.0
31.0,1.153846153846154,1.5384615384615385,1.153846153846154,30.384615384615383,7.5,7.5,2.0,0.0
32.0,1.153846153846154,1.5384615384615385,1.153846153846154,30.384615384615383,8.846153846153847,8.846153846153847,2.0,0.0
33.0,1.153846153846154,1.5384615384615385,1.153846153846154,30.384615384615383,11.346153846153847,11.346153846153847,2.0,0.0
34.0,1.153846153846154,1.5384615384615385,1.153846153846154,30.384615384615383,14.23076923076923,14.23076923076923,2.0,0.0
35.0,1.153846153846154,1.5384615384615385,1.153846153846154,30.384615384615383,16.538461538461537,16.538461538461537,2.0,0.0
36.0,1.153846153846154,2.1153846153846154,1.153846153846154,30.384615384615383,19.423076923076923,19.423076923076923,2.0,0.0
37.0,1.153846153846154,2.1153846153846154,1.153846153846154,30.384615384615383,22.884615384615383,22.884615384615383,2.0,0.0
38.0,1.153846153846154,2.1153846153846154,1.153846153846154,30.384615384615383,24.23076923076923,24.23076923076923,2.0,0.0
39.0,1.153846153846154,2.5,1.153846153846154,30.384615384615383,25.769230769230766,25.769230769230766,2.0,0.0
40.0,1.153846153846154,2.5,1.153846153846154,30.384615384615383,26.346153846153847,26.346153846153847,2.0,0.0
41.0,1.153846153846154,2.5,1.153846153846154,30.384615384615383,27.307692307692307,27.307692307692307,2.0,0.0
42.0,1.153846153846154,2.5,1.153846153846154,30.384615384615383,27.692307692307693,27.692307692307693,2.0,0.0
43.0,1.153846153846154,2.5,1.153846153846154,30.384615384615383,27.884615384615387,27.884615384615387,2.0,0.0
44.0,1.153846153846154,2.5,1.153846153846154,30.384615384615383,28.46153846153846,28.46153846153846,2.0,0.0
45.0,1.3461538461538463,2.5,1.3461538461538463,30.384615384615383,28.46153846153846,28.46153846153846,2.0,0.0
46.0,1.3461538461538463,2.5,1.3461538461538463,82.3076923076923,28.46153846153846,28.46153846153846,2.0,0.0
47.0,1.3461538461538463,2.5,1.3461538461538463,82.3076923076923,28.46153846153846,28.46153846153846,2.0,0.0
48.0,1.3461538461538463,2.5,1.3461538461538463,82.3076923076923,28.653846153846153,28.653846153846153,2.0,0.0
49.0,1.5384615384615385,2.8846153846153846,1.5384615384615385,82.3076923076923,29.03846153846154,29.03846153846154,2.0,0.0
50.0,1.5384615384615385,3.4615384615384617,1.5384615384615385,82.3076923076923,29.03846153846154,29.03846153846154,2.0,0.0
51.0,1.5384615384615385,3.4615384615384617,1.5384615384615385,82.3076923076923,29.423076923076923,29.423076923076923,2.0,0.0
52.0,1.5384615384615385,3.4615384615384617,1.5384615384615385,82.3076923076923,29.423076923076923,29.423076923076923,2.0,0.0
53.0,1.5384615384615385,4.230769230769231,1.5384615384615385,82.3076923076923,29.423076923076923,29.423076923076923,2.0,0.0
54.0,2.1153846153846154,4.615384615384616,2.1153846153846154,82.3076923076923,29.423076923076923,29.423076923076923,2.0,0.0
55.0,2.1153846153846154,4.615384615384616,2.1153846153846154,82.3076923076923,29.423076923076923,29.423076923076923,2.0,0.0
56.0,2.1153846153846154,4.615384615384616,2.1153846153846154,82.3076923076923,29.423076923076923,29.423076923076923,2.0,0.0
57.0,2.1153846153846154,4.615384615384616,1.7307692307692308,82.3076923076923,24.423076923076923,29.423076923076923,2.0,0.0
58.0,2.1153846153846154,4.615384615384616,1.7307692307692308,82.3076923076923,24.423076923076923,29.423076923076923,2.0,0.0
59.0,2.1153846153846154,4.615384615384616,1.7307692307692308,82.3076923076923,24.423076923076923,29.423076923076923,2.0,0.0
60.0,2.307692307692308,4.615384615384616,1.5384615384615385,82.3076923076923,17.307692307692307,29.423076923076923,2.0,0.0
61.0,2.307692307692308,4.615384615384616,1.5384615384615385,82.3076923076923,17.307692307692307,29.423076923076923,2.0,0.0
62.0,2.307692307692308,4.615384615384616,1.5384615384615385,82.3076923076923,17.307692307692307,29.615384615384617,2.0,0.0
63.0,2.307692307692308,4.615384615384616,1.5384615384615385,82.3076923076923,17.307692307692307,29.615384615384617,2.0,0.0
64.0,2.307692307692308,4.615384615384616,1.5384615384615385,82.3076923076923,17.5,29.807692307692307,2.0,0.0
65.0,2.307692307692308,4.615384615384616,1.5384615384615385,82.3076923076923,18.269230769230766,30.384615384615383,2.0,0.0
66.0,2.5,4.615384615384616,1.7307692307692308,82.3076923076923,18.846153846153847,31.73076923076923,2.0,0.0
67.0,2.5,4.615384615384616,1.7307692307692308,82.3076923076923,20.961538461538463,34.42307692307692,2.0,0.0
68.0,2.5,4.615384615384616,1.7307692307692308,82.3076923076923,23.46153846153846,36.34615384615385,2.0,0.0
69.0,2.5,4.615384615384616,1.7307692307692308,82.3076923076923,25.576923076923073,38.07692307692307,2.0,0.0
70.0,2.5,4.807692307692308,1.7307692307692308,82.3076923076923,30.384615384615383,43.46153846153846,2.0,0.0
71.0,2.5,4.807692307692308,1.7307692307692308,96.15384615384616,35.19230769230769,47.69230769230769,2.0,0.0
72.0,2.6923076923076925,5.1923076923076925,1.9230769230769231,96.15384615384616,40.38461538461539,52.69230769230769,2.0,0.0
73.0,3.2692307692307696,5.1923076923076925,2.307692307692308,99.42307692307692,45.76923076923077,57.692307692307686,2.0,0.0
74.0,3.4615384615384617,5.1923076923076925,2.5,99.42307692307692,52.5,63.46153846153846,2.0,0.0
75.0,3.653846153846154,5.1923076923076925,2.5,99.42307692307692,55.769230769230774,67.3076923076923,2.0,0.0
76.0,3.8461538461538463,5.1923076923076925,2.5,99.42307692307692,59.23076923076923,70.1923076923077,2.0,0.0
77.0,4.230769230769231,5.1923076923076925,2.6923076923076925,99.42307692307692,63.26923076923077,73.65384615384616,2.0,0.0
78.0,4.423076923076923,5.1923076923076925,1.5384615384615385,96.73076923076923,38.26923076923077,55.00000000000001,2.0,0.0
79.0,4.615384615384616,5.1923076923076925,1.5384615384615385,96.73076923076923,40.57692307692308,58.65384615384615,2.0,0.0
80.0,4.615384615384616,6.153846153846154,1.5384615384615385,96.73076923076923,42.69230769230769,61.346153846153854,2.0,0.0
81.0,4.615384615384616,7.115384615384615,1.5384615384615385,96.73076923076923,44.03846153846154,63.07692307692307,2.0,0.0
82.0,4.615384615384616,7.115384615384615,1.5384615384615385,96.92307692307692,45.0,64.23076923076924,2.0,0.0
83.0,4.615384615384616,7.115384615384615,1.5384615384615385,96.92307692307692,46.34615384615385,65.38461538461539,2.0,0.0
84.0,3.4615384615384617,6.153846153846154,0.0,93.26923076923077,12.307692307692308,54.230769230769226,2.0,0.0
85.0,3.4615384615384617,6.153846153846154,0.0,93.26923076923077,15.576923076923077,58.84615384615385,2.0,0.0
86.0,3.653846153846154,6.153846153846154,0.19230769230769232,93.26923076923077,20.576923076923077,65.57692307692308,2.0,0.0
87.0,3.8461538461538463,6.153846153846154,0.19230769230769232,93.26923076923077,26.346153846153847,69.8076923076923,2.0,0.0
88.0,3.8461538461538463,6.153846153846154,0.19230769230769232,93.26923076923077,33.26923076923077,75.57692307692308,2.0,0.0
89.0,4.038461538461538,6.153846153846154,0.19230769230769232,93.26923076923077,40.19230769230769,81.15384615384616,2.0,0.0
90.0,4.038461538461538,6.153846153846154,0.19230769230769232,93.26923076923077,46.15384615384615,85.57692307692307,2.0,0.0
91.0,4.038461538461538,6.153846153846154,0.19230769230769232,93.26923076923077,48.84615384615385,88.65384615384615,2.0,0.0
92.0,4.038461538461538,6.153846153846154,0.19230769230769232,93.26923076923077,53.26923076923077,90.57692307692308,2.0,0.0
93.0,4.230769230769231,6.153846153846154,0.19230769230769232,93.26923076923077,56.34615384615385,91.34615384615384,2.0,0.0
94.0,5.1923076923076925,6.153846153846154,0.7692307692307693,93.26923076923077,60.38461538461538,92.11538461538461,2.0,0.0
95.0,4.423076923076923,5.384615384615385,0.7692307692307693,93.26923076923077,61.92307692307693,92.88461538461539,2.0,0.0
96.0,4.807692307692308,5.384615384615385,0.9615384615384616,93.26923076923077,62.69230769230769,93.07692307692308,2.0,0.0
97.0,4.807692307692308,5.384615384615385,0.9615384615384616,93.26923076923077,62.88461538461539,93.07692307692308,2.0,0.0
98.0,4.807692307692308,5.384615384615385,0.9615384615384616,93.26923076923077,63.07692307692307,93.26923076923077,2.0,0.0
99.0,5.384615384615385,5.384615384615385,1.5384615384615385,93.26923076923077,63.07692307692307,93.26923076923077,2.0,0.0
100.0,5.384615384615385,5.384615384615385,1.5384615384615385,93.26923076923077,63.07692307692307,93.26923076923077,2.0,0.0
101.0,4.038461538461538,4.038461538461538,1.5384615384615385,93.26923076923077,63.07692307692307,93.26923076923077,2.0,0.0
102.0,4.038461538461538,4.423076923076923,1.5384615384615385,93.26923076923077,63.07692307692307,93.26923076923077,2.0,0.0
103.0,4.038461538461538,4.615384615384616,1.5384615384615385,93.26923076923077,63.07692307692307,93.26923076923077,2.0,0.0
104.0,4.038461538461538,4.615384615384616,1.5384615384615385,93.26923076923077,63.07692307692307,93.26923076923077,2.0,0.0
105.0,4.038461538461538,4.807692307692308,1.5384615384615385,93.65384615384616,63.07692307692307,93.26923076923077,2.0,0.0
106.0,4.038461538461538,5.0,1.5384615384615385,93.65384615384616,63.07692307692307,93.26923076923077,2.0,0.0
107.0,4.038461538461538,5.0,1.5384615384615385,93.65384615384616,63.07692307692307,93.26923076923077,2.0,0.0
108.0,4.038461538461538,5.0,1.5384615384615385,93.65384615384616,63.07692307692307,93.26923076923077,2.0,0.0
109.0,4.038461538461538,5.0,1.5384615384615385,93.65384615384616,63.07692307692307,93.26923076923077,2.0,0.0
110.0,4.038461538461538,5.0,1.5384615384615385,93.65384615384616,63.07692307692307,93.26923076923077,2.0,0.0
111.0,4.038461538461538,5.0,1.5384615384615385,93.65384615384616,63.07692307692307,93.26923076923077,2.0,0.0
112.0,4.038461538461538,5.0,1.5384615384615385,93.65384615384616,63.07692307692307,93.26923076923077,2.0,0.0
113.0,4.038461538461538,5.0,1.5384615384615385,93.65384615384616,63.07692307692307,93.26923076923077,2.0,0.0
114.0,4.038461538461538,5.1923076923076925,1.5384615384615385,93.65384615384616,63.07692307692307,93.26923076923077,2.0,0.0
115.0,4.038461538461538,5.1923076923076925,1.5384615384615385,93.65384615384616,63.07692307692307,93.26923076923077,2.0,0.0
116.0,4.038461538461538,5.1923076923076925,1.5384615384615385,93.65384615384616,63.46153846153846,93.26923076923077,2.0,0.0
117.0,1.7307692307692308,2.6923076923076925,1.7307692307692308,93.65384615384616,63.84615384615384,93.26923076923077,2.0,0.0
118.0,1.7307692307692308,2.6923076923076925,1.7307692307692308,93.65384615384616,63.84615384615384,93.26923076923077,2.0,0.0
119.0,1.7307692307692308,2.6923076923076925,1.7307692307692308,93.65384615384616,63.84615384615384,93.26923076923077,2.0,0.0
120.0,1.7307692307692308,2.6923076923076925,1.7307692307692308,93.65384615384616,63.84615384615384,93.26923076923077,2.0,0.0
121.0,1.7307692307692308,2.6923076923076925,1.7307692307692308,93.65384615384616,63.84615384615384,93.26923076923077,2.0,0.0
122.0,1.7307692307692308,2.6923076923076925,1.7307692307692308,93.65384615384616,63.84615384615384,93.26923076923077,2.0,0.0
123.0,1.7307692307692308,2.6923076923076925,1.7307692307692308,93.65384615384616,63.84615384615384,93.26923076923077,2.0,0.0
124.0,1.7307692307692308,2.6923076923076925,1.7307692307692308,93.65384615384616,63.84615384615384,93.26923076923077,2.0,0.0
125.0,1.7307692307692308,2.6923076923076925,1.7307692307692308,93.65384615384616,63.84615384615384,93.26923076923077,2.0,0.0
126.0,1.7307692307692308,2.6923076923076925,1.7307692307692308,93.65384615384616,63.84615384615384,93.26923076923077,2.0,0.0
127.0,1.7307692307692308,2.6923076923076925,1.7307692307692308,93.65384615384616,63.84615384615384,93.26923076923077,2.0,0.0
128.0,1.7307692307692308,2.6923076923076925,1.7307692307692308,93.65384615384616,63.84615384615384,93.26923076923077,2.0,0.0
129.0,1.7307692307692308,2.6923076923076925,1.7307692307692308,93.65384615384616,63.84615384615384,93.26923076923077,2.0,0.0
130.0,1.7307692307692308,2.6923076923076925,1.7307692307692308,93.65384615384616,63.84615384615384,93.26923076923077,2.0,0.0
131.0,1.7307692307692308,2.6923076923076925,1.7307692307692308,93.65384615384616,63.84615384615384,93.26923076923077,2.0,0.0
132.0,1.7307692307692308,2.6923076923076925,1.7307692307692308,93.65384615384616,63.84615384615384,93.26923076923077,2.0,0.0
133.0,1.7307692307692308,2.6923076923076925,1.7307692307692308,93.65384615384616,63.84615384615384,93.26923076923077,2.0,0.0
134.0,1.7307692307692308,2.6923076923076925,1.7307692307692308,93.65384615384616,63.84615384615384,93.26923076923077,2.0,0.0
135.0,1.7307692307692308,2.6923076923076925,1.7307692307692308,93.65384615384616,63.84615384615384,93.26923076923077,2.0,0.0
136.0,1.7307692307692308,2.6923076923076925,1.7307692307692308,93.65384615384616,63.84615384615384,93.26923076923077,2.0,0.0
137.0,1.7307692307692308,2.6923076923076925,1.7307692307692308,93.65384615384616,63.84615384615384,93.26923076923077,2.0,0.0
138.0,1.7307692307692308,2.6923076923076925,1.7307692307692308,93.65384615384616,63.84615384615384,93.26923076923077,2.0,0.0
139.0,1.7307692307692308,2.6923076923076925,1.7307692307692308,93.65384615384616,63.84615384615384,93.26923076923077,2.0,0.0
140.0,1.7307692307692308,2.6923076923076925,1.7307692307692308,93.65384615384616,63.84615384615384,93.26923076923077,2.0,0.0
141.0,1.7307692307692308,2.6923076923076925,1.7307692307692308,93.65384615384616,63.84615384615384,93.26923076923077,2.0,0.0
142.0,1.7307692307692308,2.6923076923076925,1.7307692307692308,93.65384615384616,63.84615384615384,93.26923076923077,2.0,0.0
143.0,1.7307692307692308,2.6923076923076925,1.7307692307692308,93.65384615384616,63.84615384615384,93.26923076923077,2.0,0.0
144.0,1.7307692307692308,2.6923076923076925,1.7307692307692308,93.65384615384616,63.84615384615384,93.26923076923077,2.0,0.0
145.0,1.7307692307692308,2.6923076923076925,1.7307692307692308,93.65384615384616,63.84615384615384,93.26923076923077,2.0,0.0
146.0,1.7307692307692308,2.6923076923076925,1.7307692307692308,93.65384615384616,63.84615384615384,93.26923076923077,2.0,0.0
147.0,1.7307692307692308,2.6923076923076925,1.7307692307692308,93.65384615384616,63.84615384615384,93.26923076923077,2.0,0.0
148.0,1.7307692307692308,2.6923076923076925,1.7307692307692308,93.65384615384616,63.84615384615384,93.26923076923077,2.0,0.0
149.0,1.7307692307692308,2.6923076923076925,1.7307692307692308,93.65384615384616,63.84615384615384,93.26923076923077,2.0,0.0
150.0,1.7307692307692308,2.6923076923076925,1.7307692307692308,93.65384615384616,63.84615384615384,93.26923076923077,2.0,0.0
151.0,1.7307692307692308,2.6923076923076925,1.7307692307692308,93.65384615384616,63.84615384615384,93.26923076923077,2.0,0.0
152.0,1.7307692307692308,2.6923076923076925,1.7307692307692308,93.65384615384616,63.84615384615384,93.26923076923077,2.0,0.0
153.0,1.7307692307692308,2.6923076923076925,1.7307692307692308,93.65384615384616,63.84615384615384,93.26923076923077,2.0,0.0
154.0,1.7307692307692308,2.6923076923076925,1.7307692307692308,93.65384615384616,63.84615384615384,93.26923076923077,2.0,0.0
155.0,1.7307692307692308,2.6923076923076925,1.7307692307692308,93.65384615384616,63.84615384615384,93.26923076923077,2.0,0.0
156.0,1.7307692307692308,2.6923076923076925,1.7307692307692308,93.65384615384616,63.84615384615384,93.26923076923077,2.0,0.0
157.0,1.7307692307692308,2.6923076923076925,1.7307692307692308,93.65384615384616,63.84615384615384,93.26923076923077,2.0,0.0
158.0,1.7307692307692308,2.6923076923076925,1.7307692307692308,93.65384615384616,63.84615384615384,93.26923076923077,2.0,0.0
159.0,1.7307692307692308,2.6923076923076925,1.7307692307692308,93.65384615384616,63.84615384615384,93.26923076923077,2.0,0.0
160.0,1.7307692307692308,2.6923076923076925,1.7307692307692308,93.65384615384616,63.84615384615384,93.26923076923077,2.0,0.0
161.0,1.7307692307692308,2.6923076923076925,1.7307692307692308,93.65384615384616,63.84615384615384,93.26923076923077,2.0,0.0
162.0,1.7307692307692308,2.6923076923076925,1.7307692307692308,93.65384615384616,63.84615384615384,93.26923076923077,2.0,0.0
163.0,1.7307692307692308,2.6923076923076925,1.7307692307692308,93.65384615384616,63.84615384615384,93.26923076923077,2.0,0.0
164.0,1.7307692307692308,2.6923076923076925,1.7307692307692308,93.65384615384616,63.84615384615384,93.26923076923077,2.0,0.0
165.0,1.7307692307692308,2.6923076923076925,1.7307692307692308,93.65384615384616,63.84615384615384,93.26923076923077,2.0,0.0
166.0,1.7307692307692308,2.6923076923076925,1.7307692307692308,93.65384615384616,63.84615384615384,93.26923076923077,2.0,0.0
