"tick","SchadenprozGRsicht","SchaedenprozGR","SchaedenprozGRE","SchaedenprozST","SchaedenprozSTE","SchaedenprzSTsicht","Resistance","Behaviour","AnzahlFungizidanw"
1.0,0.0,28.46153846153846,0.0,37.93269230769231,37.93269230769231,37.93269230769231,1.0,2.0,0.0
2.0,0.0,28.46153846153846,0.0,37.93269230769231,37.93269230769231,37.93269230769231,1.0,2.0,0.0
3.0,0.0,28.46153846153846,0.0,37.93269230769231,37.93269230769231,37.93269230769231,1.0,2.0,0.0
4.0,0.0,28.46153846153846,0.0,37.93269230769231,37.93269230769231,37.93269230769231,1.0,2.0,0.0
5.0,0.0,28.46153846153846,0.0,37.93269230769231,37.93269230769231,37.93269230769231,1.0,2.0,0.0
6.0,0.0,28.46153846153846,0.0,37.93269230769231,37.93269230769231,37.93269230769231,1.0,2.0,0.0
7.0,0.0,28.46153846153846,0.0,37.93269230769231,37.93269230769231,37.93269230769231,1.0,2.0,0.0
8.0,0.0,28.46153846153846,0.0,37.93269230769231,37.93269230769231,37.93269230769231,1.0,2.0,0.0
9.0,0.0,28.46153846153846,0.0,37.93269230769231,37.93269230769231,37.93269230769231,1.0,2.0,0.0
10.0,0.0,28.46153846153846,0.0,37.93269230769231,37.93269230769231,37.93269230769231,1.0,2.0,0.0
11.0,0.0,28.46153846153846,0.0,37.93269230769231,37.93269230769231,37.93269230769231,1.0,2.0,0.0
12.0,0.0,28.46153846153846,0.0,37.93269230769231,37.93269230769231,37.93269230769231,1.0,2.0,0.0
13.0,0.0,28.46153846153846,0.0,37.93269230769231,37.93269230769231,37.93269230769231,1.0,2.0,0.0
14.0,0.0,28.46153846153846,0.0,37.93269230769231,37.93269230769231,37.93269230769231,1.0,2.0,0.0
15.0,0.0,28.46153846153846,0.0,37.93269230769231,37.93269230769231,37.93269230769231,1.0,2.0,0.0
16.0,0.0,28.46153846153846,0.0,37.93269230769231,37.93269230769231,37.93269230769231,1.0,2.0,0.0
17.0,0.0,28.46153846153846,0.0,37.93269230769231,37.93269230769231,37.93269230769231,1.0,2.0,0.0
18.0,0.0,28.46153846153846,0.0,37.93269230769231,37.93269230769231,37.93269230769231,1.0,2.0,0.0
19.0,0.0,28.46153846153846,0.0,37.93269230769231,37.93269230769231,37.93269230769231,1.0,2.0,0.0
20.0,0.0,28.46153846153846,0.0,37.93269230769231,37.93269230769231,37.93269230769231,1.0,2.0,0.0
21.0,0.0,28.46153846153846,0.0,37.93269230769231,37.93269230769231,37.93269230769231,1.0,2.0,0.0
22.0,0.0,28.46153846153846,0.0,37.93269230769231,37.93269230769231,37.93269230769231,1.0,2.0,0.0
23.0,0.0,28.46153846153846,0.0,37.93269230769231,37.93269230769231,37.93269230769231,1.0,2.0,0.0
24.0,9.038461538461538,28.46153846153846,9.038461538461538,37.93269230769231,37.93269230769231,37.93269230769231,1.0,2.0,0.0
25.0,9.038461538461538,28.46153846153846,9.038461538461538,37.93269230769231,37.93269230769231,37.93269230769231,1.0,2.0,0.0
26.0,17.16346153846154,28.46153846153846,17.16346153846154,37.93269230769231,37.93269230769231,37.93269230769231,1.0,2.0,0.0
27.0,17.16346153846154,28.46153846153846,17.16346153846154,37.93269230769231,37.93269230769231,37.93269230769231,1.0,2.0,0.0
28.0,22.788461538461537,28.46153846153846,22.788461538461537,37.93269230769231,37.93269230769231,37.93269230769231,1.0,2.0,0.0
29.0,22.788461538461537,28.46153846153846,22.788461538461537,37.93269230769231,37.93269230769231,37.93269230769231,1.0,2.0,0.0
30.0,28.46153846153846,28.46153846153846,28.46153846153846,37.93269230769231,37.93269230769231,37.93269230769231,1.0,2.0,0.0
31.0,28.46153846153846,28.46153846153846,28.46153846153846,37.93269230769231,37.93269230769231,37.93269230769231,1.0,2.0,0.0
32.0,28.46153846153846,28.46153846153846,28.46153846153846,37.93269230769231,37.93269230769231,37.93269230769231,1.0,2.0,0.0
33.0,28.46153846153846,28.46153846153846,28.46153846153846,37.93269230769231,37.93269230769231,37.93269230769231,1.0,2.0,0.0
34.0,28.46153846153846,28.46153846153846,28.46153846153846,37.93269230769231,37.93269230769231,37.93269230769231,1.0,2.0,0.0
35.0,28.46153846153846,28.46153846153846,28.46153846153846,37.93269230769231,37.93269230769231,37.93269230769231,1.0,2.0,0.0
36.0,28.46153846153846,28.46153846153846,28.46153846153846,37.93269230769231,37.93269230769231,37.93269230769231,1.0,2.0,0.0
37.0,28.46153846153846,28.46153846153846,28.46153846153846,37.93269230769231,37.93269230769231,37.93269230769231,1.0,2.0,0.0
38.0,28.46153846153846,28.46153846153846,28.46153846153846,37.93269230769231,37.93269230769231,37.93269230769231,1.0,2.0,0.0
39.0,28.46153846153846,28.46153846153846,28.46153846153846,37.93269230769231,37.93269230769231,37.93269230769231,1.0,2.0,0.0
40.0,28.46153846153846,28.46153846153846,28.46153846153846,37.93269230769231,37.93269230769231,37.93269230769231,1.0,2.0,0.0
41.0,28.46153846153846,28.46153846153846,28.46153846153846,37.93269230769231,37.93269230769231,37.93269230769231,1.0,2.0,0.0
42.0,28.46153846153846,52.644230769230774,28.46153846153846,37.93269230769231,37.93269230769231,37.93269230769231,1.0,2.0,0.0
43.0,28.46153846153846,67.64423076923077,28.46153846153846,37.93269230769231,37.93269230769231,37.93269230769231,1.0,2.0,0.0
44.0,28.46153846153846,67.64423076923077,28.46153846153846,37.93269230769231,37.93269230769231,37.93269230769231,1.0,2.0,0.0
45.0,28.46153846153846,67.64423076923077,28.46153846153846,37.93269230769231,37.93269230769231,37.93269230769231,1.0,2.0,0.0
46.0,28.46153846153846,67.64423076923077,28.46153846153846,37.93269230769231,37.93269230769231,37.93269230769231,1.0,2.0,0.0
47.0,28.46153846153846,67.64423076923077,28.46153846153846,37.93269230769231,37.93269230769231,37.93269230769231,1.0,2.0,0.0
48.0,28.46153846153846,67.64423076923077,28.46153846153846,37.93269230769231,37.93269230769231,37.93269230769231,1.0,2.0,0.0
49.0,28.46153846153846,67.64423076923077,28.46153846153846,37.93269230769231,37.93269230769231,37.93269230769231,1.0,2.0,0.0
50.0,28.46153846153846,67.64423076923077,28.46153846153846,37.93269230769231,37.93269230769231,37.93269230769231,1.0,2.0,0.0
51.0,28.46153846153846,76.6826923076923,28.46153846153846,37.93269230769231,37.93269230769231,37.93269230769231,1.0,2.0,0.0
52.0,28.46153846153846,76.6826923076923,28.46153846153846,37.93269230769231,37.93269230769231,37.93269230769231,1.0,2.0,0.0
53.0,28.46153846153846,81.92307692307692,28.46153846153846,37.93269230769231,37.93269230769231,37.93269230769231,1.0,2.0,0.0
54.0,21.826923076923077,84.8076923076923,21.826923076923077,88.50961538461539,37.93269230769231,37.93269230769231,1.0,2.0,0.0
55.0,37.06730769230769,84.8076923076923,21.875,88.50961538461539,14.615384615384617,37.93269230769231,1.0,2.0,0.0
56.0,44.32692307692307,84.08653846153847,21.53846153846154,88.50961538461539,0.0,37.93269230769231,1.0,2.0,1.0
57.0,49.95192307692308,62.21153846153846,25.624999999999996,37.93269230769231,0.0,37.93269230769231,1.0,2.0,1.0
58.0,56.49038461538461,60.28846153846153,32.45192307692308,37.93269230769231,0.0,37.93269230769231,1.0,2.0,1.0
59.0,60.28846153846153,60.28846153846153,36.44230769230769,37.93269230769231,0.0,37.93269230769231,1.0,2.0,1.0
60.0,57.45192307692307,57.45192307692307,36.44230769230769,37.93269230769231,0.0,37.93269230769231,1.0,2.0,1.0
61.0,57.45192307692307,57.45192307692307,36.44230769230769,37.93269230769231,0.0,37.93269230769231,1.0,2.0,1.0
62.0,57.45192307692307,57.45192307692307,36.44230769230769,37.93269230769231,0.0,37.93269230769231,1.0,2.0,1.0
63.0,57.45192307692307,57.45192307692307,36.44230769230769,37.93269230769231,0.0,37.93269230769231,1.0,2.0,1.0
64.0,57.45192307692307,57.45192307692307,36.44230769230769,37.93269230769231,0.0,37.93269230769231,1.0,2.0,1.0
65.0,57.45192307692307,57.45192307692307,36.44230769230769,37.93269230769231,0.0,37.93269230769231,1.0,2.0,1.0
66.0,57.45192307692307,57.45192307692307,19.663461538461537,37.93269230769231,0.0,37.93269230769231,1.0,2.0,1.0
67.0,57.45192307692307,57.45192307692307,19.663461538461537,37.93269230769231,0.0,37.93269230769231,1.0,2.0,1.0
68.0,57.45192307692307,57.45192307692307,19.663461538461537,37.93269230769231,0.0,37.93269230769231,1.0,2.0,1.0
69.0,57.45192307692307,57.45192307692307,19.663461538461537,37.93269230769231,0.0,37.93269230769231,1.0,2.0,1.0
70.0,57.45192307692307,57.45192307692307,19.663461538461537,37.93269230769231,0.0,37.93269230769231,1.0,2.0,1.0
71.0,57.45192307692307,57.45192307692307,19.663461538461537,37.93269230769231,0.0,37.93269230769231,1.0,2.0,1.0
72.0,57.45192307692307,57.45192307692307,19.663461538461537,37.93269230769231,0.0,37.93269230769231,1.0,2.0,1.0
73.0,48.02884615384615,48.02884615384615,0.0,37.93269230769231,0.0,37.93269230769231,1.0,2.0,1.0
74.0,48.02884615384615,48.02884615384615,0.0,37.93269230769231,0.0,37.93269230769231,1.0,2.0,1.0
75.0,48.02884615384615,48.02884615384615,0.0,37.93269230769231,0.0,37.93269230769231,1.0,2.0,1.0
76.0,48.02884615384615,48.02884615384615,0.0,37.93269230769231,0.0,37.93269230769231,1.0,2.0,1.0
77.0,48.02884615384615,48.02884615384615,0.0,37.93269230769231,0.0,37.93269230769231,1.0,2.0,1.0
78.0,48.02884615384615,48.02884615384615,0.0,37.93269230769231,0.0,37.93269230769231,1.0,2.0,1.0
79.0,48.02884615384615,48.02884615384615,0.0,37.93269230769231,0.0,37.93269230769231,1.0,2.0,1.0
80.0,48.02884615384615,48.02884615384615,0.0,37.93269230769231,0.0,37.93269230769231,1.0,2.0,1.0
81.0,48.02884615384615,48.02884615384615,0.0,37.93269230769231,0.0,37.93269230769231,1.0,2.0,1.0
82.0,48.02884615384615,48.02884615384615,0.0,37.93269230769231,0.0,37.93269230769231,1.0,2.0,1.0
83.0,48.02884615384615,74.75961538461539,0.0,37.93269230769231,0.0,37.93269230769231,1.0,2.0,1.0
84.0,48.02884615384615,74.75961538461539,0.0,37.93269230769231,0.0,37.93269230769231,1.0,2.0,1.0
85.0,28.173076923076923,66.73076923076923,0.0,37.93269230769231,0.0,37.93269230769231,1.0,2.0,1.0
86.0,19.375,63.605769230769226,0.0,37.93269230769231,0.0,37.93269230769231,1.0,2.0,1.0
87.0,14.51923076923077,61.77884615384615,0.0,37.93269230769231,0.0,37.93269230769231,1.0,2.0,1.0
88.0,5.288461538461538,58.65384615384615,0.0,37.93269230769231,0.0,37.93269230769231,1.0,2.0,1.0
89.0,0.0,56.730769230769226,0.0,37.93269230769231,0.0,37.93269230769231,1.0,2.0,1.0
90.0,0.0,56.730769230769226,0.0,37.93269230769231,0.0,37.93269230769231,1.0,2.0,1.0
91.0,0.0,56.730769230769226,0.0,37.93269230769231,0.0,37.93269230769231,1.0,2.0,1.0
92.0,0.0,56.730769230769226,0.0,37.93269230769231,0.0,37.93269230769231,1.0,2.0,1.0
93.0,0.0,56.730769230769226,0.0,37.93269230769231,0.0,37.93269230769231,1.0,2.0,1.0
94.0,0.0,56.730769230769226,0.0,37.93269230769231,0.0,37.93269230769231,1.0,2.0,1.0
95.0,0.0,56.730769230769226,0.0,37.93269230769231,0.0,37.93269230769231,1.0,2.0,1.0
96.0,0.0,56.730769230769226,0.0,37.93269230769231,0.0,37.93269230769231,1.0,2.0,1.0
97.0,20.28846153846154,56.730769230769226,15.240384615384617,37.93269230769231,0.0,37.93269230769231,1.0,2.0,1.0
98.0,20.28846153846154,56.730769230769226,15.240384615384617,37.93269230769231,0.0,37.93269230769231,1.0,2.0,1.0
99.0,34.42307692307692,56.730769230769226,27.163461538461537,37.93269230769231,0.0,37.93269230769231,1.0,2.0,1.0
100.0,46.58653846153846,56.730769230769226,38.07692307692307,37.93269230769231,0.0,37.93269230769231,1.0,2.0,1.0
101.0,56.730769230769226,56.730769230769226,46.97115384615385,37.93269230769231,0.0,37.93269230769231,1.0,2.0,1.0
102.0,56.730769230769226,56.730769230769226,46.97115384615385,37.93269230769231,0.0,37.93269230769231,1.0,2.0,1.0
103.0,56.730769230769226,56.730769230769226,46.97115384615385,37.93269230769231,0.0,37.93269230769231,1.0,2.0,1.0
104.0,56.730769230769226,56.730769230769226,46.97115384615385,37.93269230769231,0.0,37.93269230769231,1.0,2.0,1.0
105.0,56.730769230769226,56.730769230769226,46.97115384615385,37.93269230769231,0.0,37.93269230769231,1.0,2.0,1.0
106.0,56.730769230769226,56.730769230769226,46.97115384615385,37.93269230769231,0.0,37.93269230769231,1.0,2.0,1.0
107.0,56.730769230769226,56.730769230769226,46.97115384615385,37.93269230769231,0.0,37.93269230769231,1.0,2.0,1.0
108.0,56.730769230769226,56.730769230769226,46.97115384615385,37.93269230769231,0.0,37.93269230769231,1.0,2.0,1.0
109.0,56.730769230769226,56.730769230769226,46.97115384615385,37.93269230769231,0.0,37.93269230769231,1.0,2.0,1.0
110.0,56.730769230769226,56.730769230769226,46.97115384615385,37.93269230769231,0.0,37.93269230769231,1.0,2.0,1.0
111.0,56.730769230769226,56.730769230769226,46.97115384615385,37.93269230769231,0.0,37.93269230769231,1.0,2.0,1.0
112.0,56.730769230769226,56.730769230769226,46.97115384615385,37.93269230769231,0.0,37.93269230769231,1.0,2.0,1.0
113.0,56.730769230769226,56.730769230769226,46.97115384615385,37.93269230769231,0.0,37.93269230769231,1.0,2.0,1.0
114.0,56.730769230769226,56.730769230769226,46.97115384615385,37.93269230769231,0.0,37.93269230769231,1.0,2.0,1.0
115.0,56.730769230769226,56.730769230769226,46.97115384615385,37.93269230769231,0.0,37.93269230769231,1.0,2.0,1.0
116.0,56.730769230769226,56.730769230769226,46.97115384615385,37.93269230769231,0.0,37.93269230769231,1.0,2.0,1.0
117.0,46.97115384615385,46.97115384615385,46.97115384615385,37.93269230769231,0.0,37.93269230769231,1.0,2.0,1.0
118.0,46.97115384615385,46.97115384615385,46.97115384615385,37.93269230769231,0.0,37.93269230769231,1.0,2.0,1.0
119.0,46.97115384615385,46.97115384615385,46.97115384615385,37.93269230769231,0.0,37.93269230769231,1.0,2.0,1.0
120.0,46.97115384615385,46.97115384615385,46.97115384615385,37.93269230769231,0.0,37.93269230769231,1.0,2.0,1.0
121.0,46.97115384615385,46.97115384615385,46.97115384615385,37.93269230769231,0.0,37.93269230769231,1.0,2.0,1.0
122.0,46.97115384615385,46.97115384615385,46.97115384615385,37.93269230769231,0.0,37.93269230769231,1.0,2.0,1.0
123.0,46.97115384615385,46.97115384615385,46.97115384615385,37.93269230769231,0.0,37.93269230769231,1.0,2.0,1.0
124.0,46.97115384615385,46.97115384615385,46.97115384615385,37.93269230769231,0.0,37.93269230769231,1.0,2.0,1.0
125.0,46.97115384615385,46.97115384615385,46.97115384615385,37.93269230769231,0.0,37.93269230769231,1.0,2.0,1.0
126.0,46.97115384615385,46.97115384615385,46.97115384615385,37.93269230769231,0.0,37.93269230769231,1.0,2.0,1.0
127.0,46.97115384615385,46.97115384615385,46.97115384615385,37.93269230769231,0.0,37.93269230769231,1.0,2.0,1.0
128.0,46.97115384615385,46.97115384615385,46.97115384615385,37.93269230769231,0.0,37.93269230769231,1.0,2.0,1.0
129.0,46.97115384615385,46.97115384615385,46.97115384615385,37.93269230769231,0.0,37.93269230769231,1.0,2.0,1.0
130.0,46.97115384615385,46.97115384615385,46.97115384615385,37.93269230769231,0.0,37.93269230769231,1.0,2.0,1.0
131.0,46.97115384615385,46.97115384615385,46.97115384615385,37.93269230769231,0.0,37.93269230769231,1.0,2.0,1.0
132.0,46.97115384615385,46.97115384615385,46.97115384615385,37.93269230769231,0.0,37.93269230769231,1.0,2.0,1.0
133.0,46.97115384615385,46.97115384615385,46.97115384615385,37.93269230769231,0.0,37.93269230769231,1.0,2.0,1.0
134.0,46.97115384615385,46.97115384615385,46.97115384615385,37.93269230769231,0.0,37.93269230769231,1.0,2.0,1.0
135.0,46.97115384615385,46.97115384615385,46.97115384615385,37.93269230769231,0.0,37.93269230769231,1.0,2.0,1.0
136.0,46.97115384615385,46.97115384615385,46.97115384615385,37.93269230769231,0.0,37.93269230769231,1.0,2.0,1.0
137.0,46.97115384615385,46.97115384615385,46.97115384615385,37.93269230769231,0.0,37.93269230769231,1.0,2.0,1.0
138.0,46.97115384615385,46.97115384615385,46.97115384615385,37.93269230769231,0.0,37.93269230769231,1.0,2.0,1.0
139.0,46.97115384615385,46.97115384615385,46.97115384615385,37.93269230769231,0.0,37.93269230769231,1.0,2.0,1.0
140.0,46.97115384615385,46.97115384615385,46.97115384615385,37.93269230769231,0.0,37.93269230769231,1.0,2.0,1.0
141.0,46.97115384615385,46.97115384615385,46.97115384615385,37.93269230769231,0.0,37.93269230769231,1.0,2.0,1.0
142.0,46.97115384615385,46.97115384615385,46.97115384615385,37.93269230769231,0.0,37.93269230769231,1.0,2.0,1.0
143.0,46.97115384615385,46.97115384615385,46.97115384615385,37.93269230769231,0.0,37.93269230769231,1.0,2.0,1.0
144.0,46.97115384615385,46.97115384615385,46.97115384615385,37.93269230769231,0.0,37.93269230769231,1.0,2.0,1.0
145.0,46.97115384615385,46.97115384615385,46.97115384615385,37.93269230769231,0.0,37.93269230769231,1.0,2.0,1.0
146.0,46.97115384615385,46.97115384615385,46.97115384615385,37.93269230769231,0.0,37.93269230769231,1.0,2.0,1.0
147.0,46.97115384615385,46.97115384615385,46.97115384615385,37.93269230769231,0.0,37.93269230769231,1.0,2.0,1.0
148.0,46.97115384615385,46.97115384615385,46.97115384615385,37.93269230769231,0.0,37.93269230769231,1.0,2.0,1.0
149.0,46.97115384615385,46.97115384615385,46.97115384615385,37.93269230769231,0.0,37.93269230769231,1.0,2.0,1.0
150.0,46.97115384615385,46.97115384615385,46.97115384615385,37.93269230769231,0.0,37.93269230769231,1.0,2.0,1.0
151.0,46.97115384615385,46.97115384615385,46.97115384615385,37.93269230769231,0.0,37.93269230769231,1.0,2.0,1.0
152.0,46.97115384615385,46.97115384615385,46.97115384615385,37.93269230769231,0.0,37.93269230769231,1.0,2.0,1.0
153.0,46.97115384615385,46.97115384615385,46.97115384615385,37.93269230769231,0.0,37.93269230769231,1.0,2.0,1.0
154.0,46.97115384615385,46.97115384615385,46.97115384615385,37.93269230769231,0.0,37.93269230769231,1.0,2.0,1.0
155.0,46.97115384615385,46.97115384615385,46.97115384615385,37.93269230769231,0.0,37.93269230769231,1.0,2.0,1.0
156.0,46.97115384615385,46.97115384615385,46.97115384615385,37.93269230769231,0.0,37.93269230769231,1.0,2.0,1.0
157.0,46.97115384615385,46.97115384615385,46.97115384615385,37.93269230769231,0.0,37.93269230769231,1.0,2.0,1.0
158.0,46.97115384615385,46.97115384615385,46.97115384615385,37.93269230769231,0.0,37.93269230769231,1.0,2.0,1.0
159.0,46.97115384615385,46.97115384615385,46.97115384615385,37.93269230769231,0.0,37.93269230769231,1.0,2.0,1.0
160.0,46.97115384615385,46.97115384615385,46.97115384615385,37.93269230769231,0.0,37.93269230769231,1.0,2.0,1.0
161.0,46.97115384615385,46.97115384615385,46.97115384615385,37.93269230769231,0.0,37.93269230769231,1.0,2.0,1.0
162.0,46.97115384615385,46.97115384615385,46.97115384615385,37.93269230769231,0.0,37.93269230769231,1.0,2.0,1.0
163.0,46.97115384615385,46.97115384615385,46.97115384615385,37.93269230769231,0.0,37.93269230769231,1.0,2.0,1.0
164.0,46.97115384615385,46.97115384615385,46.97115384615385,37.93269230769231,0.0,37.93269230769231,1.0,2.0,1.0
165.0,46.97115384615385,46.97115384615385,46.97115384615385,37.93269230769231,0.0,37.93269230769231,1.0,2.0,1.0
166.0,46.97115384615385,46.97115384615385,46.97115384615385,37.93269230769231,0.0,37.93269230769231,1.0,2.0,1.0
