"tick","SchadenprozGRsicht","SchaedenprozGR","SchaedenprozGRE","SchaedenprozST","SchaedenprozSTE","SchaedenprzSTsicht"
1.0,0.0,0.1941747572815534,0.0,32.038834951456316,0.0,0.0
2.0,0.0,0.1941747572815534,0.0,32.038834951456316,0.0,0.0
3.0,0.0,0.1941747572815534,0.0,32.038834951456316,0.0,0.0
4.0,0.0,0.1941747572815534,0.0,32.038834951456316,0.0,0.0
5.0,0.0,0.1941747572815534,0.0,32.038834951456316,0.0,0.0
6.0,0.0,0.1941747572815534,0.0,32.038834951456316,0.0,0.0
7.0,0.0,0.1941747572815534,0.0,32.038834951456316,0.0,0.0
8.0,0.0,0.1941747572815534,0.0,32.038834951456316,0.0,0.0
9.0,0.0,0.1941747572815534,0.0,32.038834951456316,0.0,0.0
10.0,0.0,0.1941747572815534,0.0,32.038834951456316,0.0,0.0
11.0,0.0,0.1941747572815534,0.0,32.038834951456316,0.0,0.0
12.0,0.0,0.1941747572815534,0.0,32.038834951456316,0.0,0.0
13.0,0.0,0.1941747572815534,0.0,32.038834951456316,0.0,0.0
14.0,0.0,0.1941747572815534,0.0,32.038834951456316,0.0,0.0
15.0,0.0,0.1941747572815534,0.0,32.038834951456316,0.0,0.0
16.0,0.0,0.1941747572815534,0.0,32.038834951456316,0.0,0.0
17.0,0.0,0.1941747572815534,0.0,32.038834951456316,0.0,0.0
18.0,0.0,0.1941747572815534,0.0,32.038834951456316,0.0,0.0
19.0,0.0,0.1941747572815534,0.0,32.038834951456316,0.0,0.0
20.0,0.0,0.1941747572815534,0.0,32.038834951456316,0.0,0.0
21.0,0.0,0.1941747572815534,0.0,32.038834951456316,0.0,0.0
22.0,0.0,0.1941747572815534,0.0,32.038834951456316,0.0,0.0
23.0,0.0,0.1941747572815534,0.0,32.038834951456316,0.3883495145631068,0.3883495145631068
24.0,0.0,0.1941747572815534,0.0,32.038834951456316,0.5825242718446602,0.5825242718446602
25.0,0.1941747572815534,0.1941747572815534,0.1941747572815534,32.038834951456316,0.7766990291262136,0.7766990291262136
26.0,0.1941747572815534,0.1941747572815534,0.1941747572815534,32.038834951456316,1.7475728155339807,1.7475728155339807
27.0,0.1941747572815534,0.1941747572815534,0.1941747572815534,39.22330097087379,3.4951456310679614,3.4951456310679614
28.0,0.1941747572815534,0.7766990291262136,0.1941747572815534,39.22330097087379,4.854368932038835,4.854368932038835
29.0,0.1941747572815534,0.7766990291262136,0.1941747572815534,39.22330097087379,6.407766990291262,6.407766990291262
30.0,0.1941747572815534,1.5533980582524272,0.1941747572815534,39.22330097087379,8.155339805825243,8.155339805825243
31.0,0.1941747572815534,1.5533980582524272,0.1941747572815534,39.22330097087379,10.87378640776699,10.87378640776699
32.0,0.1941747572815534,1.5533980582524272,0.1941747572815534,39.22330097087379,13.009708737864079,13.009708737864079
33.0,0.1941747572815534,1.5533980582524272,0.1941747572815534,39.22330097087379,17.0873786407767,17.0873786407767
34.0,0.1941747572815534,1.5533980582524272,0.1941747572815534,39.22330097087379,21.553398058252426,21.553398058252426
35.0,0.1941747572815534,1.5533980582524272,0.1941747572815534,39.22330097087379,23.883495145631066,23.883495145631066
36.0,0.1941747572815534,3.300970873786408,0.1941747572815534,39.22330097087379,24.854368932038835,24.854368932038835
37.0,0.1941747572815534,3.300970873786408,0.1941747572815534,39.22330097087379,27.57281553398058,27.57281553398058
38.0,0.1941747572815534,3.300970873786408,0.1941747572815534,39.22330097087379,28.7378640776699,28.7378640776699
39.0,0.1941747572815534,4.660194174757281,0.1941747572815534,39.22330097087379,30.097087378640776,30.097087378640776
40.0,0.1941747572815534,4.660194174757281,0.1941747572815534,39.22330097087379,30.679611650485437,30.679611650485437
41.0,0.1941747572815534,4.660194174757281,0.1941747572815534,39.22330097087379,31.650485436893206,31.650485436893206
42.0,0.1941747572815534,4.660194174757281,0.1941747572815534,39.22330097087379,32.038834951456316,32.038834951456316
43.0,0.1941747572815534,4.660194174757281,0.1941747572815534,39.22330097087379,32.81553398058252,32.81553398058252
44.0,0.1941747572815534,4.660194174757281,0.1941747572815534,39.22330097087379,33.00970873786408,33.00970873786408
45.0,0.5825242718446602,4.660194174757281,0.5825242718446602,39.22330097087379,33.20388349514563,33.20388349514563
46.0,0.9708737864077669,4.660194174757281,0.9708737864077669,99.6116504854369,34.1747572815534,34.1747572815534
47.0,1.3592233009708738,4.660194174757281,1.3592233009708738,99.6116504854369,34.56310679611651,34.56310679611651
48.0,1.3592233009708738,4.660194174757281,1.3592233009708738,99.6116504854369,34.75728155339806,34.75728155339806
49.0,1.3592233009708738,6.213592233009709,1.3592233009708738,99.6116504854369,35.728155339805824,35.728155339805824
50.0,1.3592233009708738,6.796116504854369,1.3592233009708738,99.6116504854369,36.50485436893204,36.50485436893204
51.0,1.5533980582524272,6.796116504854369,1.5533980582524272,99.6116504854369,37.28155339805825,37.28155339805825
52.0,1.5533980582524272,6.796116504854369,1.5533980582524272,99.6116504854369,37.4757281553398,37.4757281553398
53.0,1.5533980582524272,8.155339805825243,1.5533980582524272,99.6116504854369,37.86407766990291,37.86407766990291
54.0,2.1359223300970873,8.932038834951456,2.1359223300970873,99.6116504854369,37.86407766990291,37.86407766990291
55.0,2.1359223300970873,8.932038834951456,2.1359223300970873,99.6116504854369,37.86407766990291,37.86407766990291
56.0,2.524271844660194,8.932038834951456,2.524271844660194,99.6116504854369,37.86407766990291,37.86407766990291
57.0,2.524271844660194,8.932038834951456,2.524271844660194,99.6116504854369,37.86407766990291,37.86407766990291
58.0,3.1067961165048543,8.932038834951456,2.7184466019417477,99.6116504854369,38.25242718446602,38.25242718446602
59.0,3.1067961165048543,8.932038834951456,2.7184466019417477,99.6116504854369,38.44660194174757,38.44660194174757
60.0,3.300970873786408,8.932038834951456,1.7475728155339807,99.6116504854369,28.54368932038835,38.640776699029125
61.0,3.300970873786408,8.932038834951456,1.7475728155339807,99.6116504854369,28.7378640776699,38.83495145631068
62.0,3.300970873786408,8.932038834951456,1.7475728155339807,99.6116504854369,28.932038834951456,39.029126213592235
63.0,3.300970873786408,8.932038834951456,1.7475728155339807,99.6116504854369,28.932038834951456,39.029126213592235
64.0,4.077669902912621,8.932038834951456,1.9417475728155338,99.6116504854369,29.320388349514566,39.029126213592235
65.0,4.077669902912621,8.932038834951456,1.9417475728155338,99.6116504854369,29.902912621359224,39.6116504854369
66.0,4.660194174757281,8.932038834951456,2.3300970873786406,99.6116504854369,33.398058252427184,42.52427184466019
67.0,4.660194174757281,8.932038834951456,2.3300970873786406,99.6116504854369,37.66990291262136,46.601941747572816
68.0,4.660194174757281,8.932038834951456,2.3300970873786406,99.6116504854369,47.76699029126213,55.92233009708738
69.0,4.660194174757281,8.932038834951456,2.3300970873786406,99.6116504854369,54.95145631067962,62.912621359223294
70.0,4.660194174757281,11.650485436893204,2.3300970873786406,99.6116504854369,66.2135922330097,72.81553398058253
71.0,5.242718446601942,11.650485436893204,2.524271844660194,99.80582524271846,72.62135922330097,79.2233009708738
72.0,5.825242718446602,13.980582524271846,2.7184466019417477,99.80582524271846,79.41747572815534,84.46601941747572
73.0,6.601941747572816,13.980582524271846,3.300970873786408,99.80582524271846,86.01941747572816,89.90291262135922
74.0,6.990291262135923,13.980582524271846,3.8834951456310676,99.80582524271846,90.29126213592234,92.42718446601941
75.0,7.572815533980583,13.980582524271846,4.466019417475728,99.80582524271846,93.20388349514563,95.14563106796116
76.0,7.961165048543689,13.980582524271846,4.660194174757281,99.80582524271846,94.1747572815534,95.72815533980582
77.0,8.155339805825243,13.980582524271846,5.048543689320388,99.80582524271846,95.33980582524272,97.0873786407767
78.0,8.54368932038835,13.980582524271846,3.6893203883495143,99.80582524271846,90.29126213592234,98.05825242718447
79.0,8.932038834951456,13.980582524271846,4.077669902912621,99.80582524271846,92.81553398058252,99.02912621359224
80.0,8.932038834951456,17.66990291262136,4.077669902912621,99.80582524271846,94.5631067961165,99.41747572815534
81.0,8.932038834951456,20.19417475728155,4.077669902912621,99.80582524271846,94.95145631067962,99.41747572815534
82.0,8.932038834951456,20.19417475728155,4.077669902912621,100.0,95.53398058252426,99.41747572815534
83.0,8.932038834951456,20.19417475728155,4.077669902912621,100.0,95.72815533980582,99.6116504854369
84.0,8.737864077669903,20.19417475728155,0.3883495145631068,100.0,38.44660194174757,99.6116504854369
85.0,8.737864077669903,20.19417475728155,0.3883495145631068,100.0,40.3883495145631,99.6116504854369
86.0,9.902912621359224,20.19417475728155,0.9708737864077669,100.0,44.66019417475729,99.6116504854369
87.0,10.87378640776699,20.19417475728155,1.9417475728155338,100.0,48.932038834951456,99.6116504854369
88.0,12.427184466019417,20.19417475728155,3.1067961165048543,100.0,52.42718446601942,99.6116504854369
89.0,13.203883495145632,20.19417475728155,3.6893203883495143,100.0,57.28155339805825,99.6116504854369
90.0,13.592233009708737,20.19417475728155,3.8834951456310676,100.0,61.359223300970875,99.6116504854369
91.0,13.592233009708737,20.19417475728155,3.8834951456310676,100.0,63.883495145631066,99.6116504854369
92.0,13.592233009708737,20.19417475728155,3.8834951456310676,100.0,67.96116504854369,99.80582524271846
93.0,14.951456310679612,20.19417475728155,6.796116504854369,100.0,72.42718446601941,99.80582524271846
94.0,17.0873786407767,20.19417475728155,9.902912621359224,100.0,78.64077669902912,99.80582524271846
95.0,16.310679611650485,19.80582524271845,9.902912621359224,100.0,85.63106796116506,99.80582524271846
96.0,18.25242718446602,19.80582524271845,12.427184466019417,100.0,90.09708737864077,99.80582524271846
97.0,18.25242718446602,19.80582524271845,12.427184466019417,100.0,92.62135922330097,100.0
98.0,19.611650485436893,19.80582524271845,14.757281553398057,100.0,94.36893203883496,100.0
99.0,19.80582524271845,19.80582524271845,15.145631067961165,100.0,94.95145631067962,100.0
100.0,19.80582524271845,19.80582524271845,15.145631067961165,100.0,95.14563106796116,100.0
101.0,18.058252427184467,18.058252427184467,15.145631067961165,100.0,95.72815533980582,100.0
102.0,18.058252427184467,27.57281553398058,15.145631067961165,100.0,95.92233009708738,100.0
103.0,18.058252427184467,30.679611650485437,15.145631067961165,100.0,95.92233009708738,100.0
104.0,18.058252427184467,30.679611650485437,15.145631067961165,100.0,95.92233009708738,100.0
105.0,18.058252427184467,32.62135922330097,15.145631067961165,100.0,95.92233009708738,100.0
106.0,18.058252427184467,33.20388349514563,15.145631067961165,100.0,95.92233009708738,100.0
107.0,18.058252427184467,33.20388349514563,15.145631067961165,100.0,95.92233009708738,100.0
108.0,18.058252427184467,33.20388349514563,15.145631067961165,100.0,95.92233009708738,100.0
109.0,18.058252427184467,33.20388349514563,15.145631067961165,100.0,95.92233009708738,100.0
110.0,18.058252427184467,33.20388349514563,15.145631067961165,100.0,95.92233009708738,100.0
111.0,18.058252427184467,33.20388349514563,15.145631067961165,100.0,95.92233009708738,100.0
112.0,18.058252427184467,33.20388349514563,15.145631067961165,100.0,95.92233009708738,100.0
113.0,18.058252427184467,33.20388349514563,15.145631067961165,100.0,95.92233009708738,100.0
114.0,18.058252427184467,34.56310679611651,15.145631067961165,100.0,96.50485436893203,100.0
115.0,21.553398058252426,34.56310679611651,18.25242718446602,100.0,96.69902912621359,100.0
116.0,25.04854368932039,34.56310679611651,22.52427184466019,100.0,97.66990291262137,100.0
117.0,25.436893203883493,33.20388349514563,25.436893203883493,100.0,98.64077669902913,100.0
118.0,25.436893203883493,33.20388349514563,25.436893203883493,100.0,98.64077669902913,100.0
119.0,25.436893203883493,33.20388349514563,25.436893203883493,100.0,98.64077669902913,100.0
120.0,25.436893203883493,33.20388349514563,25.436893203883493,100.0,98.64077669902913,100.0
121.0,25.436893203883493,33.20388349514563,25.436893203883493,100.0,98.64077669902913,100.0
122.0,25.436893203883493,33.20388349514563,25.436893203883493,100.0,98.64077669902913,100.0
123.0,25.436893203883493,33.20388349514563,25.436893203883493,100.0,98.64077669902913,100.0
124.0,25.436893203883493,33.20388349514563,25.436893203883493,100.0,98.64077669902913,100.0
125.0,25.436893203883493,33.20388349514563,25.436893203883493,100.0,98.64077669902913,100.0
126.0,25.436893203883493,33.20388349514563,25.436893203883493,100.0,98.64077669902913,100.0
127.0,25.436893203883493,33.20388349514563,25.436893203883493,100.0,98.64077669902913,100.0
128.0,25.436893203883493,33.20388349514563,25.436893203883493,100.0,98.64077669902913,100.0
129.0,25.436893203883493,33.20388349514563,25.436893203883493,100.0,98.64077669902913,100.0
130.0,25.436893203883493,33.20388349514563,25.436893203883493,100.0,98.64077669902913,100.0
131.0,25.436893203883493,33.20388349514563,25.436893203883493,100.0,98.64077669902913,100.0
132.0,25.436893203883493,33.20388349514563,25.436893203883493,100.0,98.64077669902913,100.0
133.0,25.436893203883493,33.20388349514563,25.436893203883493,100.0,98.64077669902913,100.0
134.0,25.436893203883493,33.20388349514563,25.436893203883493,100.0,98.64077669902913,100.0
135.0,25.436893203883493,33.20388349514563,25.436893203883493,100.0,98.64077669902913,100.0
136.0,25.436893203883493,33.20388349514563,25.436893203883493,100.0,98.64077669902913,100.0
137.0,25.436893203883493,33.20388349514563,25.436893203883493,100.0,98.64077669902913,100.0
138.0,25.436893203883493,33.20388349514563,25.436893203883493,100.0,98.64077669902913,100.0
139.0,25.436893203883493,33.20388349514563,25.436893203883493,100.0,98.64077669902913,100.0
140.0,25.436893203883493,33.20388349514563,25.436893203883493,100.0,98.64077669902913,100.0
141.0,25.436893203883493,33.20388349514563,25.436893203883493,100.0,98.64077669902913,100.0
142.0,25.436893203883493,33.20388349514563,25.436893203883493,100.0,98.64077669902913,100.0
143.0,25.436893203883493,33.20388349514563,25.436893203883493,100.0,98.64077669902913,100.0
144.0,25.436893203883493,33.20388349514563,25.436893203883493,100.0,98.64077669902913,100.0
145.0,25.436893203883493,33.20388349514563,25.436893203883493,100.0,98.64077669902913,100.0
146.0,25.436893203883493,33.20388349514563,25.436893203883493,100.0,98.64077669902913,100.0
147.0,25.436893203883493,33.20388349514563,25.436893203883493,100.0,98.64077669902913,100.0
148.0,25.436893203883493,33.20388349514563,25.436893203883493,100.0,98.64077669902913,100.0
149.0,25.436893203883493,33.20388349514563,25.436893203883493,100.0,98.64077669902913,100.0
150.0,25.436893203883493,33.20388349514563,25.436893203883493,100.0,98.64077669902913,100.0
151.0,25.436893203883493,33.20388349514563,25.436893203883493,100.0,98.64077669902913,100.0
152.0,25.436893203883493,33.20388349514563,25.436893203883493,100.0,98.64077669902913,100.0
153.0,25.436893203883493,33.20388349514563,25.436893203883493,100.0,98.64077669902913,100.0
154.0,25.436893203883493,33.20388349514563,25.436893203883493,100.0,98.64077669902913,100.0
155.0,25.436893203883493,33.20388349514563,25.436893203883493,100.0,98.64077669902913,100.0
156.0,25.436893203883493,33.20388349514563,25.436893203883493,100.0,98.64077669902913,100.0
157.0,25.436893203883493,33.20388349514563,25.436893203883493,100.0,98.64077669902913,100.0
158.0,25.436893203883493,33.20388349514563,25.436893203883493,100.0,98.64077669902913,100.0
159.0,25.436893203883493,33.20388349514563,25.436893203883493,100.0,98.64077669902913,100.0
160.0,25.436893203883493,33.20388349514563,25.436893203883493,100.0,98.64077669902913,100.0
161.0,25.436893203883493,33.20388349514563,25.436893203883493,100.0,98.64077669902913,100.0
162.0,25.436893203883493,33.20388349514563,25.436893203883493,100.0,98.64077669902913,100.0
163.0,25.436893203883493,33.20388349514563,25.436893203883493,100.0,98.64077669902913,100.0
164.0,25.436893203883493,33.20388349514563,25.436893203883493,100.0,98.64077669902913,100.0
165.0,25.436893203883493,33.20388349514563,25.436893203883493,100.0,98.64077669902913,100.0
166.0,25.436893203883493,33.20388349514563,25.436893203883493,100.0,98.64077669902913,100.0
