"tick","SchadenprozGRsicht","SchaedenprozGR","SchaedenprozGRE","SchaedenprozST","SchaedenprozSTE","SchaedenprzSTsicht","Resistance","Behaviour","AnzahlFungizidanw","Location"
1.0,0.0,0.5288461538461539,0.0,68.50961538461539,0.0,0.0,2.0,2.0,0.0,1.0
2.0,0.0,0.5288461538461539,0.0,68.50961538461539,0.0,0.0,2.0,2.0,0.0,1.0
3.0,0.0,0.5288461538461539,0.0,68.50961538461539,0.0,0.0,2.0,2.0,0.0,1.0
4.0,0.0,0.5288461538461539,0.0,68.50961538461539,0.0,0.0,2.0,2.0,0.0,1.0
5.0,0.0,0.5288461538461539,0.0,68.50961538461539,0.0,0.0,2.0,2.0,0.0,1.0
6.0,0.0,0.5288461538461539,0.0,68.50961538461539,0.0,0.0,2.0,2.0,0.0,1.0
7.0,0.0,0.5288461538461539,0.0,68.50961538461539,0.0,0.0,2.0,2.0,0.0,1.0
8.0,0.0,0.5288461538461539,0.0,68.50961538461539,0.0,0.0,2.0,2.0,0.0,1.0
9.0,0.0,0.5288461538461539,0.0,68.50961538461539,0.0,0.0,2.0,2.0,0.0,1.0
10.0,0.0,0.5288461538461539,0.0,68.50961538461539,0.0,0.0,2.0,2.0,0.0,1.0
11.0,0.0,0.5288461538461539,0.0,68.50961538461539,0.0,0.0,2.0,2.0,0.0,1.0
12.0,0.0,0.5288461538461539,0.0,68.50961538461539,0.0,0.0,2.0,2.0,0.0,1.0
13.0,0.0,0.5288461538461539,0.0,68.50961538461539,0.0,0.0,2.0,2.0,0.0,1.0
14.0,0.0,0.5288461538461539,0.0,68.50961538461539,0.0,0.0,2.0,2.0,0.0,1.0
15.0,0.0,0.5288461538461539,0.0,68.50961538461539,0.0,0.0,2.0,2.0,0.0,1.0
16.0,0.0,0.5288461538461539,0.0,68.50961538461539,0.0,0.0,2.0,2.0,0.0,1.0
17.0,0.0,0.5288461538461539,0.0,68.50961538461539,0.0,0.0,2.0,2.0,0.0,1.0
18.0,0.0,0.5288461538461539,0.0,68.50961538461539,0.0,0.0,2.0,2.0,0.0,1.0
19.0,0.0,0.5288461538461539,0.0,68.50961538461539,0.0,0.0,2.0,2.0,0.0,1.0
20.0,0.0,0.5288461538461539,0.0,68.50961538461539,0.0,0.0,2.0,2.0,0.0,1.0
21.0,0.0,0.5288461538461539,0.0,68.50961538461539,0.0,0.0,2.0,2.0,0.0,1.0
22.0,0.0,0.5288461538461539,0.0,68.50961538461539,0.0,0.0,2.0,2.0,0.0,1.0
23.0,0.0,0.5288461538461539,0.0,68.50961538461539,0.0,0.0,2.0,2.0,0.0,1.0
24.0,0.0,0.5288461538461539,0.0,68.50961538461539,0.0,0.0,2.0,2.0,0.0,1.0
25.0,0.14423076923076925,0.5288461538461539,0.14423076923076925,68.50961538461539,0.0,0.0,2.0,2.0,0.0,1.0
26.0,0.33653846153846156,0.5288461538461539,0.33653846153846156,68.50961538461539,0.0,0.0,2.0,2.0,0.0,1.0
27.0,0.33653846153846156,0.5288461538461539,0.33653846153846156,68.50961538461539,0.0,0.0,2.0,2.0,0.0,1.0
28.0,0.4807692307692308,0.7211538461538461,0.4807692307692308,68.50961538461539,0.0,0.0,2.0,2.0,0.0,1.0
29.0,0.4807692307692308,0.7211538461538461,0.4807692307692308,68.50961538461539,0.0,0.0,2.0,2.0,0.0,1.0
30.0,0.5288461538461539,1.1057692307692308,0.5288461538461539,68.50961538461539,0.0,0.0,2.0,2.0,0.0,1.0
31.0,0.5288461538461539,1.1057692307692308,0.5288461538461539,68.50961538461539,0.0,0.0,2.0,2.0,0.0,1.0
32.0,0.5288461538461539,1.1057692307692308,0.5288461538461539,68.50961538461539,0.0,0.0,2.0,2.0,0.0,1.0
33.0,0.5288461538461539,1.1057692307692308,0.5288461538461539,68.50961538461539,0.0,0.0,2.0,2.0,0.0,1.0
34.0,0.5288461538461539,1.1057692307692308,0.5288461538461539,68.50961538461539,68.50961538461539,68.50961538461539,2.0,2.0,0.0,1.0
35.0,0.5288461538461539,1.1057692307692308,0.5288461538461539,68.50961538461539,68.50961538461539,68.50961538461539,2.0,2.0,0.0,1.0
36.0,0.5288461538461539,1.4903846153846154,0.5288461538461539,68.50961538461539,68.50961538461539,68.50961538461539,2.0,2.0,0.0,1.0
37.0,0.5288461538461539,1.4903846153846154,0.5288461538461539,68.50961538461539,68.50961538461539,68.50961538461539,2.0,2.0,0.0,1.0
38.0,0.5288461538461539,1.4903846153846154,0.5288461538461539,68.50961538461539,68.50961538461539,68.50961538461539,2.0,2.0,0.0,1.0
39.0,0.5288461538461539,1.826923076923077,0.5288461538461539,68.50961538461539,68.50961538461539,68.50961538461539,2.0,2.0,0.0,1.0
40.0,0.5288461538461539,1.826923076923077,0.5288461538461539,68.50961538461539,68.50961538461539,68.50961538461539,2.0,2.0,0.0,1.0
41.0,0.5288461538461539,1.826923076923077,0.5288461538461539,68.50961538461539,68.50961538461539,68.50961538461539,2.0,2.0,0.0,1.0
42.0,0.5288461538461539,1.826923076923077,0.5288461538461539,68.50961538461539,68.50961538461539,68.50961538461539,2.0,2.0,0.0,1.0
43.0,0.5288461538461539,1.826923076923077,0.5288461538461539,68.50961538461539,68.50961538461539,68.50961538461539,2.0,2.0,0.0,1.0
44.0,0.5288461538461539,1.826923076923077,0.5288461538461539,68.50961538461539,68.50961538461539,68.50961538461539,2.0,2.0,0.0,1.0
45.0,0.576923076923077,1.826923076923077,0.576923076923077,97.5,68.50961538461539,68.50961538461539,2.0,2.0,0.0,1.0
46.0,0.6730769230769231,1.826923076923077,0.6730769230769231,97.5,68.50961538461539,68.50961538461539,2.0,2.0,0.0,1.0
47.0,0.9134615384615385,1.826923076923077,0.9134615384615385,97.5,68.50961538461539,68.50961538461539,2.0,2.0,0.0,1.0
48.0,0.9134615384615385,1.826923076923077,0.9134615384615385,97.5,68.50961538461539,68.50961538461539,2.0,2.0,0.0,1.0
49.0,1.0576923076923077,2.307692307692308,1.0576923076923077,97.5,68.50961538461539,68.50961538461539,2.0,2.0,0.0,1.0
50.0,1.0576923076923077,2.5961538461538463,1.0576923076923077,97.5,68.50961538461539,68.50961538461539,2.0,2.0,0.0,1.0
51.0,1.1057692307692308,2.5961538461538463,1.1057692307692308,97.5,68.50961538461539,68.50961538461539,2.0,2.0,0.0,1.0
52.0,1.1057692307692308,2.5961538461538463,1.1057692307692308,97.5,68.50961538461539,68.50961538461539,2.0,2.0,0.0,1.0
53.0,1.1057692307692308,3.3653846153846154,1.1057692307692308,97.5,68.50961538461539,68.50961538461539,2.0,2.0,0.0,1.0
54.0,1.153846153846154,4.038461538461538,1.153846153846154,97.5,68.50961538461539,68.50961538461539,2.0,2.0,0.0,1.0
55.0,1.0096153846153846,4.423076923076923,1.0096153846153846,97.5,68.50961538461539,68.50961538461539,2.0,2.0,0.0,1.0
56.0,0.8653846153846154,4.375,0.8653846153846154,97.5,68.50961538461539,68.50961538461539,2.0,2.0,0.0,1.0
57.0,0.8653846153846154,4.375,0.6730769230769231,97.5,32.69230769230769,68.50961538461539,2.0,2.0,0.0,1.0
58.0,0.9134615384615385,4.278846153846154,0.7211538461538461,97.5,32.69230769230769,68.50961538461539,2.0,2.0,0.0,1.0
59.0,0.9134615384615385,4.278846153846154,0.7211538461538461,97.5,32.69230769230769,68.50961538461539,2.0,2.0,0.0,1.0
60.0,1.2980769230769231,4.278846153846154,0.7692307692307693,97.5,0.0,68.50961538461539,2.0,2.0,0.0,1.0
61.0,1.2980769230769231,4.278846153846154,0.7692307692307693,97.5,0.0,68.50961538461539,2.0,2.0,0.0,1.0
62.0,1.3461538461538463,4.278846153846154,0.8173076923076924,97.5,0.0,68.50961538461539,2.0,2.0,0.0,1.0
63.0,1.3461538461538463,4.278846153846154,0.8173076923076924,97.5,0.0,68.50961538461539,2.0,2.0,0.0,1.0
64.0,1.3942307692307694,4.278846153846154,0.8653846153846154,97.5,0.4326923076923077,68.75,2.0,2.0,0.0,1.0
65.0,1.3942307692307694,4.278846153846154,0.8653846153846154,97.5,2.1153846153846154,69.95192307692307,2.0,2.0,0.0,1.0
66.0,1.4423076923076923,4.278846153846154,0.9134615384615385,97.5,4.519230769230769,71.53846153846153,2.0,2.0,0.0,1.0
67.0,1.4423076923076923,4.278846153846154,0.9134615384615385,97.5,7.451923076923077,73.41346153846153,2.0,2.0,0.0,1.0
68.0,1.4423076923076923,4.278846153846154,0.9134615384615385,97.5,12.451923076923077,76.25,2.0,2.0,0.0,1.0
69.0,1.4423076923076923,4.278846153846154,0.9134615384615385,97.5,75.0,97.5,2.0,2.0,0.0,1.0
70.0,1.4423076923076923,4.663461538461538,0.9134615384615385,99.42307692307692,75.0,97.5,2.0,2.0,0.0,1.0
71.0,1.5384615384615385,4.663461538461538,0.9615384615384616,99.42307692307692,75.0,97.5,2.0,2.0,0.0,1.0
72.0,1.6346153846153848,5.288461538461538,1.0096153846153846,99.75961538461539,75.0,97.5,2.0,2.0,1.0,1.0
73.0,0.2403846153846154,3.076923076923077,0.14423076923076925,0.0,0.0,0.0,2.0,2.0,1.0,1.0
74.0,1.153846153846154,3.076923076923077,0.4326923076923077,0.0,0.0,0.0,2.0,2.0,1.0,1.0
75.0,1.5865384615384615,3.076923076923077,0.8173076923076924,0.0,0.0,0.0,2.0,2.0,1.0,1.0
76.0,2.019230769230769,3.076923076923077,1.1057692307692308,0.0,0.0,0.0,2.0,2.0,1.0,1.0
77.0,2.2115384615384617,3.076923076923077,1.153846153846154,0.0,0.0,0.0,2.0,2.0,1.0,1.0
78.0,2.7884615384615388,3.076923076923077,0.7211538461538461,0.0,0.0,0.0,2.0,2.0,1.0,1.0
79.0,3.076923076923077,3.076923076923077,0.8653846153846154,0.0,0.0,0.0,2.0,2.0,1.0,1.0
80.0,3.076923076923077,3.076923076923077,0.8653846153846154,0.0,0.0,0.0,2.0,2.0,1.0,1.0
81.0,3.076923076923077,3.076923076923077,0.8653846153846154,0.0,0.0,0.0,2.0,2.0,1.0,1.0
82.0,3.076923076923077,3.076923076923077,0.8653846153846154,0.0,0.0,0.0,2.0,2.0,1.0,1.0
83.0,3.076923076923077,3.076923076923077,0.8653846153846154,0.0,0.0,0.0,2.0,2.0,1.0,1.0
84.0,2.451923076923077,2.451923076923077,0.0,0.0,0.0,0.0,2.0,2.0,1.0,1.0
85.0,2.451923076923077,2.451923076923077,0.0,0.0,0.0,0.0,2.0,2.0,1.0,1.0
86.0,2.451923076923077,2.451923076923077,0.0,0.0,0.0,0.0,2.0,2.0,1.0,1.0
87.0,2.451923076923077,2.451923076923077,0.0,0.0,0.0,0.0,2.0,2.0,1.0,1.0
88.0,2.451923076923077,2.451923076923077,0.0,0.0,0.0,0.0,2.0,2.0,1.0,1.0
89.0,2.451923076923077,2.451923076923077,0.0,0.0,0.0,0.0,2.0,2.0,1.0,1.0
90.0,2.451923076923077,2.451923076923077,0.0,0.0,0.0,0.0,2.0,2.0,1.0,1.0
91.0,2.451923076923077,2.451923076923077,0.0,0.0,0.0,0.0,2.0,2.0,1.0,1.0
92.0,2.451923076923077,2.451923076923077,0.0,0.0,0.0,0.0,2.0,2.0,1.0,1.0
93.0,2.451923076923077,2.451923076923077,0.0,0.0,0.0,0.0,2.0,2.0,1.0,1.0
94.0,2.451923076923077,2.451923076923077,0.0,0.0,0.0,0.0,2.0,2.0,1.0,1.0
95.0,1.5384615384615385,1.5384615384615385,0.0,0.0,0.0,0.0,2.0,2.0,1.0,1.0
96.0,1.5384615384615385,1.5384615384615385,0.0,0.0,0.0,0.0,2.0,2.0,1.0,1.0
97.0,1.5384615384615385,1.5384615384615385,0.0,0.0,0.0,0.0,2.0,2.0,1.0,1.0
98.0,1.5384615384615385,1.5384615384615385,0.0,0.0,0.0,0.0,2.0,2.0,1.0,1.0
99.0,1.5384615384615385,1.5384615384615385,0.0,0.0,0.0,0.0,2.0,2.0,1.0,1.0
100.0,1.5384615384615385,1.5384615384615385,0.0,0.0,0.0,0.0,2.0,2.0,1.0,1.0
101.0,0.8653846153846154,0.8653846153846154,0.0,0.0,0.0,0.0,2.0,2.0,1.0,1.0
102.0,0.8653846153846154,1.5865384615384615,0.0,0.0,0.0,0.0,2.0,2.0,1.0,1.0
103.0,0.7692307692307693,2.1634615384615383,0.0,0.0,0.0,0.0,2.0,2.0,1.0,1.0
104.0,0.576923076923077,2.019230769230769,0.0,0.0,0.0,0.0,2.0,2.0,1.0,1.0
105.0,0.4807692307692308,2.2596153846153846,0.0,0.0,0.0,0.0,2.0,2.0,1.0,1.0
106.0,0.33653846153846156,2.355769230769231,0.0,0.0,0.0,0.0,2.0,2.0,1.0,1.0
107.0,0.2884615384615385,2.307692307692308,0.0,0.0,0.0,0.0,2.0,2.0,1.0,1.0
108.0,0.19230769230769232,2.2596153846153846,0.0,0.0,0.0,0.0,2.0,2.0,1.0,1.0
109.0,0.0,2.1153846153846154,0.0,0.0,0.0,0.0,2.0,2.0,1.0,1.0
110.0,0.0,2.1153846153846154,0.0,0.0,0.0,0.0,2.0,2.0,1.0,1.0
111.0,0.0,2.1153846153846154,0.0,0.0,0.0,0.0,2.0,2.0,1.0,1.0
112.0,0.0,2.1153846153846154,0.0,0.0,0.0,0.0,2.0,2.0,1.0,1.0
113.0,0.0,2.1153846153846154,0.0,0.0,0.0,0.0,2.0,2.0,1.0,1.0
114.0,0.0,2.1153846153846154,0.0,0.0,0.0,0.0,2.0,2.0,1.0,1.0
115.0,0.19230769230769232,2.1153846153846154,0.14423076923076925,0.0,0.0,0.0,2.0,2.0,1.0,1.0
116.0,0.33653846153846156,2.1153846153846154,0.2403846153846154,0.0,0.0,0.0,2.0,2.0,1.0,1.0
117.0,0.4807692307692308,1.6826923076923077,0.4807692307692308,0.0,0.0,0.0,2.0,2.0,1.0,1.0
118.0,0.4807692307692308,1.6826923076923077,0.4807692307692308,0.0,0.0,0.0,2.0,2.0,1.0,1.0
119.0,0.4807692307692308,1.6826923076923077,0.4807692307692308,0.0,0.0,0.0,2.0,2.0,1.0,1.0
120.0,0.4807692307692308,1.6826923076923077,0.4807692307692308,0.0,0.0,0.0,2.0,2.0,1.0,1.0
121.0,0.4807692307692308,1.6826923076923077,0.4807692307692308,0.0,0.0,0.0,2.0,2.0,1.0,1.0
122.0,0.4807692307692308,1.6826923076923077,0.4807692307692308,0.0,0.0,0.0,2.0,2.0,1.0,1.0
123.0,0.4807692307692308,1.6826923076923077,0.4807692307692308,0.0,0.0,0.0,2.0,2.0,1.0,1.0
124.0,0.4807692307692308,1.6826923076923077,0.4807692307692308,0.0,0.0,0.0,2.0,2.0,1.0,1.0
125.0,0.4807692307692308,1.6826923076923077,0.4807692307692308,0.0,0.0,0.0,2.0,2.0,1.0,1.0
126.0,0.4807692307692308,1.6826923076923077,0.4807692307692308,0.0,0.0,0.0,2.0,2.0,1.0,1.0
127.0,0.4807692307692308,1.6826923076923077,0.4807692307692308,0.0,0.0,0.0,2.0,2.0,1.0,1.0
128.0,0.4807692307692308,1.6826923076923077,0.4807692307692308,0.0,0.0,0.0,2.0,2.0,1.0,1.0
129.0,0.4807692307692308,1.6826923076923077,0.4807692307692308,0.0,0.0,0.0,2.0,2.0,1.0,1.0
130.0,0.4807692307692308,1.6826923076923077,0.4807692307692308,0.0,0.0,0.0,2.0,2.0,1.0,1.0
131.0,0.4807692307692308,1.6826923076923077,0.4807692307692308,0.0,0.0,0.0,2.0,2.0,1.0,1.0
132.0,0.4807692307692308,1.6826923076923077,0.4807692307692308,0.0,0.0,0.0,2.0,2.0,1.0,1.0
133.0,0.4807692307692308,1.6826923076923077,0.4807692307692308,0.0,0.0,0.0,2.0,2.0,1.0,1.0
134.0,0.4807692307692308,1.6826923076923077,0.4807692307692308,0.0,0.0,0.0,2.0,2.0,1.0,1.0
135.0,0.4807692307692308,1.6826923076923077,0.4807692307692308,0.0,0.0,0.0,2.0,2.0,1.0,1.0
136.0,0.4807692307692308,1.6826923076923077,0.4807692307692308,0.0,0.0,0.0,2.0,2.0,1.0,1.0
137.0,0.4807692307692308,1.6826923076923077,0.4807692307692308,0.0,0.0,0.0,2.0,2.0,1.0,1.0
138.0,0.4807692307692308,1.6826923076923077,0.4807692307692308,0.0,0.0,0.0,2.0,2.0,1.0,1.0
139.0,0.4807692307692308,1.6826923076923077,0.4807692307692308,0.0,0.0,0.0,2.0,2.0,1.0,1.0
140.0,0.4807692307692308,1.6826923076923077,0.4807692307692308,0.0,0.0,0.0,2.0,2.0,1.0,1.0
141.0,0.4807692307692308,1.6826923076923077,0.4807692307692308,0.0,0.0,0.0,2.0,2.0,1.0,1.0
142.0,0.4807692307692308,1.6826923076923077,0.4807692307692308,0.0,0.0,0.0,2.0,2.0,1.0,1.0
143.0,0.4807692307692308,1.6826923076923077,0.4807692307692308,0.0,0.0,0.0,2.0,2.0,1.0,1.0
144.0,0.4807692307692308,1.6826923076923077,0.4807692307692308,0.0,0.0,0.0,2.0,2.0,1.0,1.0
145.0,0.4807692307692308,1.6826923076923077,0.4807692307692308,0.0,0.0,0.0,2.0,2.0,1.0,1.0
146.0,0.4807692307692308,1.6826923076923077,0.4807692307692308,0.0,0.0,0.0,2.0,2.0,1.0,1.0
147.0,0.4807692307692308,1.6826923076923077,0.4807692307692308,0.0,0.0,0.0,2.0,2.0,1.0,1.0
148.0,0.4807692307692308,1.6826923076923077,0.4807692307692308,0.0,0.0,0.0,2.0,2.0,1.0,1.0
149.0,0.4807692307692308,1.6826923076923077,0.4807692307692308,0.0,0.0,0.0,2.0,2.0,1.0,1.0
150.0,0.4807692307692308,1.6826923076923077,0.4807692307692308,0.0,0.0,0.0,2.0,2.0,1.0,1.0
151.0,0.4807692307692308,1.6826923076923077,0.4807692307692308,0.0,0.0,0.0,2.0,2.0,1.0,1.0
152.0,0.4807692307692308,1.6826923076923077,0.4807692307692308,0.0,0.0,0.0,2.0,2.0,1.0,1.0
153.0,0.4807692307692308,1.6826923076923077,0.4807692307692308,0.0,0.0,0.0,2.0,2.0,1.0,1.0
154.0,0.4807692307692308,1.6826923076923077,0.4807692307692308,0.0,0.0,0.0,2.0,2.0,1.0,1.0
155.0,0.4807692307692308,1.6826923076923077,0.4807692307692308,0.0,0.0,0.0,2.0,2.0,1.0,1.0
156.0,0.4807692307692308,1.6826923076923077,0.4807692307692308,0.0,0.0,0.0,2.0,2.0,1.0,1.0
157.0,0.4807692307692308,1.6826923076923077,0.4807692307692308,0.0,0.0,0.0,2.0,2.0,1.0,1.0
158.0,0.4807692307692308,1.6826923076923077,0.4807692307692308,0.0,0.0,0.0,2.0,2.0,1.0,1.0
159.0,0.4807692307692308,1.6826923076923077,0.4807692307692308,0.0,0.0,0.0,2.0,2.0,1.0,1.0
160.0,0.4807692307692308,1.6826923076923077,0.4807692307692308,0.0,0.0,0.0,2.0,2.0,1.0,1.0
161.0,0.4807692307692308,1.6826923076923077,0.4807692307692308,0.0,0.0,0.0,2.0,2.0,1.0,1.0
162.0,0.4807692307692308,1.6826923076923077,0.4807692307692308,0.0,0.0,0.0,2.0,2.0,1.0,1.0
163.0,0.4807692307692308,1.6826923076923077,0.4807692307692308,0.0,0.0,0.0,2.0,2.0,1.0,1.0
164.0,0.4807692307692308,1.6826923076923077,0.4807692307692308,0.0,0.0,0.0,2.0,2.0,1.0,1.0
165.0,0.4807692307692308,1.6826923076923077,0.4807692307692308,0.0,0.0,0.0,2.0,2.0,1.0,1.0
166.0,0.4807692307692308,1.6826923076923077,0.4807692307692308,0.0,0.0,0.0,2.0,2.0,1.0,1.0
