"tick","SchadenprozGRsicht","SchaedenprozGR","SchaedenprozGRE","SchaedenprozST","SchaedenprozSTE","SchaedenprzSTsicht","Resistance","Behaviour"
1.0,0.0,3.798076923076923,0.0,75.625,75.625,75.625,1.0,0.0
2.0,0.0,3.798076923076923,0.0,75.625,75.625,75.625,1.0,0.0
3.0,0.0,3.798076923076923,0.0,75.625,75.625,75.625,1.0,0.0
4.0,0.0,3.798076923076923,0.0,75.625,75.625,75.625,1.0,0.0
5.0,0.0,3.798076923076923,0.0,75.625,75.625,75.625,1.0,0.0
6.0,0.0,3.798076923076923,0.0,75.625,75.625,75.625,1.0,0.0
7.0,0.0,3.798076923076923,0.0,75.625,75.625,75.625,1.0,0.0
8.0,0.0,3.798076923076923,0.0,75.625,75.625,75.625,1.0,0.0
9.0,0.0,3.798076923076923,0.0,75.625,75.625,75.625,1.0,0.0
10.0,0.0,3.798076923076923,0.0,75.625,75.625,75.625,1.0,0.0
11.0,0.0,3.798076923076923,0.0,75.625,75.625,75.625,1.0,0.0
12.0,0.0,3.798076923076923,0.0,75.625,75.625,75.625,1.0,0.0
13.0,0.0,3.798076923076923,0.0,75.625,75.625,75.625,1.0,0.0
14.0,0.0,3.798076923076923,0.0,75.625,75.625,75.625,1.0,0.0
15.0,0.0,3.798076923076923,0.0,75.625,75.625,75.625,1.0,0.0
16.0,0.0,3.798076923076923,0.0,75.625,75.625,75.625,1.0,0.0
17.0,0.0,3.798076923076923,0.0,75.625,75.625,75.625,1.0,0.0
18.0,0.0,3.798076923076923,0.0,75.625,75.625,75.625,1.0,0.0
19.0,0.0,3.798076923076923,0.0,75.625,75.625,75.625,1.0,0.0
20.0,0.0,3.798076923076923,0.0,75.625,75.625,75.625,1.0,0.0
21.0,0.0,3.798076923076923,0.0,75.625,75.625,75.625,1.0,0.0
22.0,0.0,3.798076923076923,0.0,75.625,75.625,75.625,1.0,0.0
23.0,0.0,3.798076923076923,0.0,75.625,75.625,75.625,1.0,0.0
24.0,0.0,3.798076923076923,0.0,75.625,75.625,75.625,1.0,0.0
25.0,0.9615384615384616,3.798076923076923,0.9615384615384616,75.625,75.625,75.625,1.0,0.0
26.0,2.067307692307692,3.798076923076923,2.067307692307692,75.625,75.625,75.625,1.0,0.0
27.0,2.067307692307692,3.798076923076923,2.067307692307692,80.91346153846153,75.625,75.625,1.0,0.0
28.0,3.173076923076923,6.201923076923077,3.173076923076923,80.91346153846153,75.625,75.625,1.0,0.0
29.0,3.173076923076923,6.201923076923077,3.173076923076923,80.91346153846153,75.625,75.625,1.0,0.0
30.0,3.798076923076923,9.326923076923077,3.798076923076923,80.91346153846153,75.625,75.625,1.0,0.0
31.0,3.798076923076923,9.326923076923077,3.798076923076923,80.91346153846153,75.625,75.625,1.0,0.0
32.0,3.798076923076923,9.326923076923077,3.798076923076923,80.91346153846153,75.625,75.625,1.0,0.0
33.0,3.798076923076923,9.326923076923077,3.798076923076923,80.91346153846153,75.625,75.625,1.0,0.0
34.0,3.798076923076923,9.326923076923077,3.798076923076923,80.91346153846153,75.625,75.625,1.0,0.0
35.0,3.798076923076923,9.326923076923077,3.798076923076923,80.91346153846153,75.625,75.625,1.0,0.0
36.0,3.798076923076923,14.663461538461538,3.798076923076923,80.91346153846153,75.625,75.625,1.0,0.0
37.0,3.798076923076923,14.663461538461538,3.798076923076923,80.91346153846153,75.625,75.625,1.0,0.0
38.0,3.798076923076923,14.663461538461538,3.798076923076923,80.91346153846153,75.625,75.625,1.0,0.0
39.0,3.798076923076923,17.451923076923077,3.798076923076923,80.91346153846153,75.625,75.625,1.0,0.0
40.0,3.798076923076923,17.451923076923077,3.798076923076923,80.91346153846153,75.625,75.625,1.0,0.0
41.0,3.798076923076923,17.451923076923077,3.798076923076923,80.91346153846153,75.625,75.625,1.0,0.0
42.0,3.798076923076923,17.451923076923077,3.798076923076923,80.91346153846153,75.72115384615384,75.72115384615384,1.0,0.0
43.0,3.798076923076923,17.451923076923077,3.798076923076923,80.91346153846153,75.72115384615384,75.72115384615384,1.0,0.0
44.0,3.798076923076923,17.451923076923077,3.798076923076923,80.91346153846153,75.76923076923077,75.76923076923077,1.0,0.0
45.0,4.423076923076923,17.451923076923077,4.423076923076923,80.91346153846153,76.00961538461539,76.00961538461539,1.0,0.0
46.0,5.769230769230769,17.451923076923077,5.769230769230769,100.0,76.20192307692307,76.20192307692307,1.0,0.0
47.0,7.403846153846154,17.451923076923077,7.403846153846154,100.0,76.97115384615385,76.97115384615385,1.0,0.0
48.0,7.403846153846154,17.451923076923077,7.403846153846154,100.0,77.25961538461539,77.25961538461539,1.0,0.0
49.0,8.60576923076923,22.64423076923077,8.60576923076923,100.0,77.78846153846153,77.78846153846153,1.0,0.0
50.0,8.60576923076923,26.778846153846153,8.60576923076923,100.0,77.9326923076923,77.9326923076923,1.0,0.0
51.0,9.326923076923077,26.778846153846153,9.326923076923077,100.0,78.3173076923077,78.3173076923077,1.0,0.0
52.0,9.326923076923077,26.778846153846153,9.326923076923077,100.0,78.60576923076923,78.60576923076923,1.0,0.0
53.0,9.326923076923077,32.25961538461539,9.326923076923077,100.0,78.9423076923077,78.9423076923077,1.0,0.0
54.0,10.480769230769232,35.96153846153846,10.480769230769232,100.0,79.1826923076923,79.1826923076923,1.0,0.0
55.0,9.903846153846153,38.94230769230769,9.903846153846153,100.0,79.375,79.375,1.0,0.0
56.0,10.961538461538462,41.68269230769231,10.961538461538462,100.0,79.51923076923076,79.51923076923076,1.0,0.0
57.0,10.961538461538462,41.68269230769231,8.028846153846155,100.0,45.57692307692307,79.61538461538461,1.0,0.0
58.0,11.490384615384615,41.44230769230769,8.89423076923077,100.0,46.10576923076923,79.95192307692308,1.0,0.0
59.0,11.490384615384615,41.44230769230769,8.89423076923077,100.0,46.394230769230774,80.14423076923077,1.0,0.0
60.0,13.221153846153847,41.20192307692307,7.307692307692308,100.0,9.567307692307692,80.28846153846155,1.0,0.0
61.0,13.221153846153847,44.42307692307692,7.307692307692308,100.0,10.0,80.52884615384616,1.0,0.0
62.0,13.846153846153847,44.42307692307692,7.836538461538462,100.0,10.336538461538462,80.57692307692308,1.0,0.0
63.0,13.846153846153847,44.42307692307692,7.836538461538462,100.0,10.817307692307693,80.76923076923077,1.0,0.0
64.0,14.51923076923077,44.42307692307692,8.173076923076923,100.0,11.10576923076923,80.8173076923077,1.0,0.0
65.0,14.51923076923077,44.42307692307692,8.173076923076923,100.0,11.826923076923077,81.15384615384616,1.0,0.0
66.0,15.28846153846154,44.42307692307692,8.846153846153847,100.0,15.048076923076922,82.5,1.0,0.0
67.0,15.28846153846154,44.42307692307692,8.846153846153847,100.0,21.73076923076923,85.24038461538461,1.0,0.0
68.0,15.28846153846154,44.42307692307692,8.846153846153847,100.0,31.92307692307692,88.46153846153845,1.0,0.0
69.0,15.28846153846154,44.42307692307692,8.846153846153847,100.0,40.33653846153846,90.8173076923077,1.0,0.0
70.0,15.28846153846154,48.84615384615385,8.846153846153847,100.0,52.644230769230774,94.1826923076923,1.0,0.0
71.0,16.826923076923077,48.84615384615385,10.096153846153847,100.0,61.875,96.15384615384616,1.0,0.0
72.0,18.509615384615387,52.11538461538462,11.25,100.0,71.29807692307692,97.74038461538461,1.0,0.0
73.0,21.298076923076923,52.11538461538462,13.076923076923078,100.0,81.53846153846153,99.08653846153847,1.0,0.0
74.0,26.73076923076923,52.11538461538462,16.73076923076923,100.0,88.36538461538461,99.66346153846153,1.0,0.0
75.0,30.19230769230769,52.11538461538462,19.807692307692307,100.0,90.96153846153847,99.8076923076923,1.0,0.0
76.0,32.40384615384615,52.06730769230769,22.067307692307693,100.0,92.64423076923077,99.95192307692308,1.0,0.0
77.0,34.03846153846154,52.019230769230774,23.365384615384617,100.0,94.27884615384615,99.95192307692308,1.0,0.0
78.0,37.980769230769226,52.019230769230774,17.16346153846154,100.0,80.86538461538461,100.0,1.0,0.0
79.0,41.05769230769231,51.92307692307693,20.0,100.0,83.65384615384616,100.0,1.0,0.0
80.0,42.11538461538461,61.25000000000001,21.25,100.0,85.48076923076923,100.0,1.0,0.0
81.0,42.98076923076923,67.88461538461539,22.5,100.0,86.77884615384616,100.0,1.0,0.0
82.0,43.89423076923077,67.88461538461539,23.509615384615383,100.0,87.6923076923077,100.0,1.0,0.0
83.0,43.89423076923077,67.88461538461539,23.509615384615383,100.0,88.26923076923077,100.0,1.0,0.0
84.0,41.875,67.59615384615385,5.769230769230769,100.0,1.3942307692307694,100.0,1.0,0.0
85.0,41.875,67.59615384615385,5.769230769230769,100.0,5.625,100.0,1.0,0.0
86.0,42.98076923076923,67.54807692307693,7.5,100.0,16.826923076923077,100.0,1.0,0.0
87.0,45.48076923076923,67.54807692307693,10.14423076923077,100.0,24.615384615384617,100.0,1.0,0.0
88.0,47.54807692307692,67.5,12.5,100.0,34.18269230769231,100.0,1.0,0.0
89.0,48.31730769230769,67.5,13.509615384615383,100.0,42.30769230769231,100.0,1.0,0.0
90.0,49.32692307692308,67.5,14.567307692307693,100.0,49.519230769230774,100.0,1.0,0.0
91.0,49.32692307692308,67.5,14.567307692307693,100.0,53.22115384615385,100.0,1.0,0.0
92.0,49.27884615384615,67.5,14.567307692307693,100.0,57.25961538461538,100.0,1.0,0.0
93.0,53.31730769230769,67.5,22.932692307692307,100.0,60.38461538461538,100.0,1.0,0.0
94.0,58.894230769230774,67.5,34.47115384615385,100.0,62.93269230769231,100.0,1.0,0.0
95.0,56.68269230769231,66.92307692307692,34.47115384615385,100.0,95.76923076923077,100.0,1.0,0.0
96.0,61.44230769230769,66.92307692307692,44.13461538461539,100.0,98.3173076923077,100.0,1.0,0.0
97.0,61.44230769230769,66.92307692307692,44.13461538461539,100.0,99.23076923076923,100.0,1.0,0.0
98.0,65.09615384615385,66.92307692307692,50.28846153846154,100.0,99.47115384615385,100.0,1.0,0.0
99.0,66.92307692307692,66.92307692307692,53.55769230769231,100.0,99.5673076923077,100.0,1.0,0.0
100.0,66.92307692307692,66.92307692307692,53.55769230769231,100.0,99.61538461538461,100.0,1.0,0.0
101.0,62.5,62.5,53.55769230769231,100.0,99.61538461538461,100.0,1.0,0.0
102.0,62.5,80.4326923076923,53.55769230769231,100.0,99.61538461538461,100.0,1.0,0.0
103.0,62.40384615384615,83.99038461538461,53.55769230769231,100.0,99.61538461538461,100.0,1.0,0.0
104.0,62.25961538461539,83.99038461538461,53.55769230769231,100.0,99.61538461538461,100.0,1.0,0.0
105.0,62.25961538461539,86.4423076923077,53.55769230769231,100.0,99.61538461538461,100.0,1.0,0.0
106.0,62.21153846153846,87.5,53.55769230769231,100.0,99.61538461538461,100.0,1.0,0.0
107.0,62.16346153846154,87.5,53.55769230769231,100.0,99.61538461538461,100.0,1.0,0.0
108.0,61.875,87.5,53.55769230769231,100.0,99.61538461538461,100.0,1.0,0.0
109.0,61.58653846153847,87.5,53.41346153846154,100.0,99.61538461538461,100.0,1.0,0.0
110.0,61.44230769230769,87.5,53.36538461538461,100.0,99.61538461538461,100.0,1.0,0.0
111.0,61.25000000000001,87.5,53.17307692307692,100.0,99.61538461538461,100.0,1.0,0.0
112.0,61.15384615384616,87.5,53.02884615384615,100.0,99.61538461538461,100.0,1.0,0.0
113.0,61.15384615384616,87.5,53.02884615384615,100.0,99.61538461538461,100.0,1.0,0.0
114.0,60.96153846153847,88.26923076923077,52.88461538461539,100.0,99.61538461538461,100.0,1.0,0.0
115.0,69.90384615384615,88.26923076923077,64.85576923076923,100.0,99.61538461538461,100.0,1.0,0.0
116.0,77.11538461538461,88.26923076923077,73.99038461538461,100.0,99.61538461538461,100.0,1.0,0.0
117.0,77.88461538461539,86.97115384615385,77.88461538461539,100.0,99.61538461538461,100.0,1.0,0.0
118.0,77.88461538461539,86.97115384615385,77.88461538461539,100.0,99.61538461538461,100.0,1.0,0.0
119.0,77.88461538461539,86.97115384615385,77.88461538461539,100.0,99.61538461538461,100.0,1.0,0.0
120.0,77.88461538461539,86.97115384615385,77.88461538461539,100.0,99.61538461538461,100.0,1.0,0.0
121.0,77.88461538461539,86.97115384615385,77.88461538461539,100.0,99.61538461538461,100.0,1.0,0.0
122.0,77.88461538461539,86.97115384615385,77.88461538461539,100.0,99.61538461538461,100.0,1.0,0.0
123.0,77.88461538461539,86.97115384615385,77.88461538461539,100.0,99.61538461538461,100.0,1.0,0.0
124.0,77.88461538461539,86.97115384615385,77.88461538461539,100.0,99.61538461538461,100.0,1.0,0.0
125.0,77.88461538461539,86.97115384615385,77.88461538461539,100.0,99.61538461538461,100.0,1.0,0.0
126.0,77.88461538461539,86.97115384615385,77.88461538461539,100.0,99.61538461538461,100.0,1.0,0.0
127.0,77.88461538461539,86.97115384615385,77.88461538461539,100.0,99.61538461538461,100.0,1.0,0.0
128.0,77.88461538461539,86.97115384615385,77.88461538461539,100.0,99.61538461538461,100.0,1.0,0.0
129.0,77.88461538461539,86.97115384615385,77.88461538461539,100.0,99.61538461538461,100.0,1.0,0.0
130.0,77.88461538461539,86.97115384615385,77.88461538461539,100.0,99.61538461538461,100.0,1.0,0.0
131.0,77.88461538461539,86.97115384615385,77.88461538461539,100.0,99.61538461538461,100.0,1.0,0.0
132.0,77.88461538461539,86.97115384615385,77.88461538461539,100.0,99.61538461538461,100.0,1.0,0.0
133.0,77.88461538461539,86.97115384615385,77.88461538461539,100.0,99.61538461538461,100.0,1.0,0.0
134.0,77.88461538461539,86.97115384615385,77.88461538461539,100.0,99.61538461538461,100.0,1.0,0.0
135.0,77.88461538461539,86.97115384615385,77.88461538461539,100.0,99.61538461538461,100.0,1.0,0.0
136.0,77.88461538461539,86.97115384615385,77.88461538461539,100.0,99.61538461538461,100.0,1.0,0.0
137.0,77.88461538461539,86.97115384615385,77.88461538461539,100.0,99.61538461538461,100.0,1.0,0.0
138.0,77.88461538461539,86.97115384615385,77.88461538461539,100.0,99.61538461538461,100.0,1.0,0.0
139.0,77.88461538461539,86.97115384615385,77.88461538461539,100.0,99.61538461538461,100.0,1.0,0.0
140.0,77.88461538461539,86.97115384615385,77.88461538461539,100.0,99.61538461538461,100.0,1.0,0.0
141.0,77.88461538461539,86.97115384615385,77.88461538461539,100.0,99.61538461538461,100.0,1.0,0.0
142.0,77.88461538461539,86.97115384615385,77.88461538461539,100.0,99.61538461538461,100.0,1.0,0.0
143.0,77.88461538461539,86.97115384615385,77.88461538461539,100.0,99.61538461538461,100.0,1.0,0.0
144.0,77.88461538461539,86.97115384615385,77.88461538461539,100.0,99.61538461538461,100.0,1.0,0.0
145.0,77.88461538461539,86.97115384615385,77.88461538461539,100.0,99.61538461538461,100.0,1.0,0.0
146.0,77.88461538461539,86.97115384615385,77.88461538461539,100.0,99.61538461538461,100.0,1.0,0.0
147.0,77.88461538461539,86.97115384615385,77.88461538461539,100.0,99.61538461538461,100.0,1.0,0.0
148.0,77.88461538461539,86.97115384615385,77.88461538461539,100.0,99.61538461538461,100.0,1.0,0.0
149.0,77.88461538461539,86.97115384615385,77.88461538461539,100.0,99.61538461538461,100.0,1.0,0.0
150.0,77.88461538461539,86.97115384615385,77.88461538461539,100.0,99.61538461538461,100.0,1.0,0.0
151.0,77.88461538461539,86.97115384615385,77.88461538461539,100.0,99.61538461538461,100.0,1.0,0.0
152.0,77.88461538461539,86.97115384615385,77.88461538461539,100.0,99.61538461538461,100.0,1.0,0.0
153.0,77.88461538461539,86.97115384615385,77.88461538461539,100.0,99.61538461538461,100.0,1.0,0.0
154.0,77.88461538461539,86.97115384615385,77.88461538461539,100.0,99.61538461538461,100.0,1.0,0.0
155.0,77.88461538461539,86.97115384615385,77.88461538461539,100.0,99.61538461538461,100.0,1.0,0.0
156.0,77.88461538461539,86.97115384615385,77.88461538461539,100.0,99.61538461538461,100.0,1.0,0.0
157.0,77.88461538461539,86.97115384615385,77.88461538461539,100.0,99.61538461538461,100.0,1.0,0.0
158.0,77.88461538461539,86.97115384615385,77.88461538461539,100.0,99.61538461538461,100.0,1.0,0.0
159.0,77.88461538461539,86.97115384615385,77.88461538461539,100.0,99.61538461538461,100.0,1.0,0.0
160.0,77.88461538461539,86.97115384615385,77.88461538461539,100.0,99.61538461538461,100.0,1.0,0.0
161.0,77.88461538461539,86.97115384615385,77.88461538461539,100.0,99.61538461538461,100.0,1.0,0.0
162.0,77.88461538461539,86.97115384615385,77.88461538461539,100.0,99.61538461538461,100.0,1.0,0.0
163.0,77.88461538461539,86.97115384615385,77.88461538461539,100.0,99.61538461538461,100.0,1.0,0.0
164.0,77.88461538461539,86.97115384615385,77.88461538461539,100.0,99.61538461538461,100.0,1.0,0.0
165.0,77.88461538461539,86.97115384615385,77.88461538461539,100.0,99.61538461538461,100.0,1.0,0.0
166.0,77.88461538461539,86.97115384615385,77.88461538461539,100.0,99.61538461538461,100.0,1.0,0.0
