"tick","Ertrag","befallGR","befallGRsicht","befallGRertrag","befallST","befallSTsicht","befallSTertrag"
1.0,5150000.0,3.4951456310679614,0.0,0.0,0.9708737864077669,0.0,0.0
2.0,5150000.0,3.6893203883495143,0.0,0.0,1.3592233009708738,0.0,0.0
3.0,5150000.0,3.8834951456310676,0.0,0.0,1.5533980582524272,0.0,0.0
4.0,5150000.0,3.8834951456310676,0.0,0.0,1.5533980582524272,0.0,0.0
5.0,5150000.0,3.8834951456310676,0.0,0.0,1.5533980582524272,0.0,0.0
6.0,5150000.0,3.8834951456310676,0.0,0.0,1.5533980582524272,0.0,0.0
7.0,5150000.0,3.8834951456310676,0.0,0.0,1.5533980582524272,0.0,0.0
8.0,5150000.0,3.8834951456310676,0.0,0.0,1.5533980582524272,0.0,0.0
9.0,5150000.0,3.8834951456310676,0.0,0.0,1.5533980582524272,0.0,0.0
10.0,5150000.0,3.8834951456310676,0.0,0.0,1.5533980582524272,0.0,0.0
11.0,5150000.0,3.8834951456310676,0.0,0.0,1.5533980582524272,0.0,0.0
12.0,5150000.0,3.8834951456310676,0.0,0.0,1.5533980582524272,0.0,0.0
13.0,5150000.0,3.8834951456310676,0.0,0.0,1.5533980582524272,0.0,0.0
14.0,5150000.0,3.8834951456310676,0.0,0.0,1.5533980582524272,0.0,0.0
15.0,5150000.0,3.8834951456310676,0.0,0.0,1.5533980582524272,0.0,0.0
16.0,5150000.0,3.8834951456310676,0.0,0.0,1.5533980582524272,0.0,0.0
17.0,5150000.0,3.8834951456310676,0.0,0.0,1.5533980582524272,0.0,0.0
18.0,5150000.0,3.8834951456310676,0.0,0.0,1.5533980582524272,0.0,0.0
19.0,5150000.0,3.8834951456310676,0.0,0.0,1.5533980582524272,0.0,0.0
20.0,5150000.0,3.8834951456310676,0.0,0.0,1.5533980582524272,0.0,0.0
21.0,5150000.0,3.8834951456310676,0.0,0.0,1.5533980582524272,0.0,0.0
22.0,5150000.0,3.8834951456310676,0.0,0.0,1.5533980582524272,0.0,0.0
23.0,5150000.0,3.8834951456310676,0.0,0.0,1.5533980582524272,0.0,0.0
24.0,5150000.0,3.8834951456310676,0.0,0.0,1.5533980582524272,0.0,0.0
25.0,5150000.0,3.8834951456310676,1.3592233009708738,1.3592233009708738,1.5533980582524272,0.0,0.0
26.0,5150000.0,3.8834951456310676,1.9417475728155338,1.9417475728155338,1.5533980582524272,0.0,0.0
27.0,5150000.0,3.8834951456310676,1.9417475728155338,1.9417475728155338,1.5533980582524272,0.0,0.0
28.0,5150000.0,5.631067961165048,2.7184466019417477,2.7184466019417477,1.5533980582524272,0.0,0.0
29.0,5150000.0,5.825242718446602,2.7184466019417477,2.7184466019417477,1.5533980582524272,0.0,0.0
30.0,5150000.0,9.70873786407767,3.4951456310679614,3.4951456310679614,1.5533980582524272,0.0,0.0
31.0,5150000.0,10.29126213592233,3.6893203883495143,3.6893203883495143,1.5533980582524272,0.0,0.0
32.0,5150000.0,10.679611650485436,3.6893203883495143,3.6893203883495143,1.5533980582524272,0.0,0.0
33.0,5150000.0,10.87378640776699,3.6893203883495143,3.6893203883495143,1.5533980582524272,0.0,0.0
34.0,5150000.0,11.067961165048544,3.6893203883495143,3.6893203883495143,1.5533980582524272,0.0,0.0
35.0,5150000.0,11.067961165048544,3.6893203883495143,3.6893203883495143,1.5533980582524272,0.0,0.0
36.0,5150000.0,20.388349514563107,3.6893203883495143,3.6893203883495143,1.5533980582524272,0.0,0.0
37.0,5150000.0,21.16504854368932,3.6893203883495143,3.6893203883495143,1.5533980582524272,0.0,0.0
38.0,5150000.0,21.74757281553398,3.6893203883495143,3.6893203883495143,1.5533980582524272,0.0,0.0
39.0,5150000.0,29.708737864077673,3.6893203883495143,3.6893203883495143,1.5533980582524272,0.0,0.0
40.0,5150000.0,30.679611650485437,3.6893203883495143,3.6893203883495143,1.5533980582524272,0.9708737864077669,0.9708737864077669
41.0,5150000.0,31.456310679611647,3.6893203883495143,3.6893203883495143,1.5533980582524272,1.1650485436893203,1.1650485436893203
42.0,5150000.0,31.844660194174757,3.6893203883495143,3.6893203883495143,1.5533980582524272,1.5533980582524272,1.5533980582524272
43.0,5150000.0,32.23300970873787,3.6893203883495143,3.6893203883495143,1.5533980582524272,1.5533980582524272,1.5533980582524272
44.0,5150000.0,32.23300970873787,3.6893203883495143,3.6893203883495143,1.5533980582524272,1.5533980582524272,1.5533980582524272
45.0,5150000.0,32.23300970873787,4.854368932038835,4.854368932038835,1.5533980582524272,1.5533980582524272,1.5533980582524272
46.0,5150000.0,32.23300970873787,7.572815533980583,7.572815533980583,2.7184466019417477,1.5533980582524272,1.5533980582524272
47.0,5150000.0,32.23300970873787,8.349514563106796,8.349514563106796,2.912621359223301,1.5533980582524272,1.5533980582524272
48.0,5150000.0,32.23300970873787,8.349514563106796,8.349514563106796,2.912621359223301,1.5533980582524272,1.5533980582524272
49.0,5150000.0,44.66019417475729,9.12621359223301,9.12621359223301,3.1067961165048543,1.5533980582524272,1.5533980582524272
50.0,5150000.0,50.679611650485434,9.12621359223301,9.12621359223301,3.300970873786408,1.5533980582524272,1.5533980582524272
51.0,5150000.0,51.45631067961165,9.12621359223301,9.12621359223301,3.300970873786408,1.5533980582524272,1.5533980582524272
52.0,5150000.0,51.84466019417475,9.12621359223301,9.12621359223301,3.300970873786408,1.5533980582524272,1.5533980582524272
53.0,5150000.0,60.970873786407765,9.12621359223301,9.12621359223301,3.300970873786408,1.5533980582524272,1.5533980582524272
54.0,5150000.0,63.49514563106796,13.009708737864079,13.009708737864079,3.300970873786408,1.5533980582524272,1.5533980582524272
55.0,5150000.0,64.07766990291263,12.815533980582524,12.815533980582524,3.300970873786408,1.5533980582524272,1.5533980582524272
56.0,5150000.0,67.57281553398057,14.563106796116504,14.563106796116504,3.300970873786408,1.5533980582524272,1.5533980582524272
57.0,5149759.649999996,67.57281553398057,14.563106796116504,14.563106796116504,3.300970873786408,1.5533980582524272,1.5533980582524272
58.0,5149516.310000012,67.57281553398057,16.116504854368934,16.116504854368934,3.300970873786408,1.5533980582524272,1.5533980582524272
59.0,5149269.980000009,67.76699029126215,16.310679611650485,16.310679611650485,3.300970873786408,1.5533980582524272,1.5533980582524272
60.0,5149087.820000009,67.76699029126215,21.35922330097087,15.53398058252427,3.300970873786408,1.5533980582524272,1.3592233009708738
61.0,5148859.660000005,72.42718446601941,21.35922330097087,15.53398058252427,3.300970873786408,1.5533980582524272,1.3592233009708738
62.0,5148629.200000012,72.62135922330097,22.9126213592233,16.50485436893204,3.300970873786408,1.5533980582524272,1.3592233009708738
63.0,5148366.310000003,76.11650485436893,22.718446601941746,16.699029126213592,3.300970873786408,1.5533980582524272,1.3592233009708738
64.0,5148101.120000011,76.31067961165049,24.271844660194176,17.281553398058254,3.300970873786408,1.5533980582524272,1.3592233009708738
65.0,5147833.630000009,76.69902912621359,24.854368932038835,17.66990291262136,3.300970873786408,1.5533980582524272,1.3592233009708738
66.0,5147593.970000004,76.69902912621359,24.466019417475728,17.475728155339805,3.300970873786408,1.5533980582524272,1.3592233009708738
67.0,5147352.010000005,76.69902912621359,24.660194174757283,17.66990291262136,3.300970873786408,1.5533980582524272,1.3592233009708738
68.0,5147107.750000009,76.69902912621359,24.271844660194176,17.475728155339805,3.300970873786408,1.5533980582524272,1.3592233009708738
69.0,5146861.189999999,76.69902912621359,24.466019417475728,17.475728155339805,3.300970873786408,1.5533980582524272,1.3592233009708738
70.0,5146612.329999999,76.69902912621359,24.466019417475728,17.475728155339805,3.300970873786408,1.5533980582524272,1.3592233009708738
71.0,5146359.330000003,76.69902912621359,24.271844660194176,17.281553398058254,4.466019417475728,1.5533980582524272,1.3592233009708738
72.0,5146102.190000006,76.69902912621359,24.660194174757283,17.66990291262136,4.660194174757281,1.5533980582524272,1.3592233009708738
73.0,5145839.299999995,76.69902912621359,24.660194174757283,17.66990291262136,5.631067961165048,1.5533980582524272,1.3592233009708738
74.0,5145570.660000005,76.69902912621359,24.271844660194176,17.475728155339805,6.213592233009709,1.5533980582524272,1.3592233009708738
75.0,5145296.270000002,76.69902912621359,24.07766990291262,17.281553398058254,6.407766990291262,1.5533980582524272,1.3592233009708738
76.0,5145016.129999998,76.69902912621359,23.883495145631066,17.0873786407767,6.407766990291262,1.5533980582524272,1.3592233009708738
77.0,5144730.239999996,76.69902912621359,24.660194174757283,17.66990291262136,6.601941747572816,1.5533980582524272,1.3592233009708738
78.0,5144592.929999999,76.69902912621359,25.04854368932039,8.54368932038835,6.601941747572816,1.5533980582524272,0.5825242718446602
79.0,5144452.399999998,76.69902912621359,24.07766990291262,8.155339805825243,6.601941747572816,1.5533980582524272,0.5825242718446602
80.0,5144308.649999999,76.69902912621359,26.601941747572816,8.932038834951456,6.601941747572816,1.5533980582524272,0.5825242718446602
81.0,5144161.68,76.69902912621359,26.796116504854368,8.54368932038835,6.601941747572816,1.5533980582524272,0.5825242718446602
82.0,5144007.809999997,76.69902912621359,26.407766990291265,8.737864077669903,9.320388349514563,2.7184466019417477,0.7766990291262136
83.0,5143847.039999996,76.69902912621359,35.14563106796116,12.427184466019417,9.320388349514563,3.1067961165048543,0.7766990291262136
84.0,5143793.339999997,76.69902912621359,40.0,0.0,9.514563106796116,3.1067961165048543,0.0
85.0,5143734.539999997,76.69902912621359,40.77669902912621,0.0,9.514563106796116,3.1067961165048543,0.0
86.0,5143670.639999997,76.69902912621359,48.349514563106794,0.0,9.514563106796116,3.1067961165048543,0.0
87.0,5143601.64,76.69902912621359,41.55339805825243,0.0,9.514563106796116,3.1067961165048543,0.0
88.0,5143527.539999997,76.69902912621359,47.37864077669903,0.0,9.514563106796116,3.1067961165048543,0.0
89.0,5143448.339999998,76.69902912621359,48.932038834951456,0.0,9.514563106796116,3.300970873786408,0.0
90.0,5143364.039999997,76.69902912621359,55.33980582524271,4.854368932038835,9.514563106796116,3.300970873786408,0.0
91.0,5143274.639999999,76.69902912621359,57.86407766990291,6.990291262135923,9.514563106796116,3.300970873786408,0.0
92.0,5143180.140000002,76.69902912621359,59.417475728155345,9.320388349514563,9.514563106796116,3.300970873786408,0.0
93.0,5143080.539999998,76.69902912621359,60.38834951456311,10.097087378640776,9.514563106796116,3.300970873786408,0.0
94.0,5142975.839999997,76.69902912621359,59.80582524271845,10.097087378640776,9.514563106796116,4.466019417475728,0.9708737864077669
95.0,5142866.039999997,76.69902912621359,59.02912621359223,10.097087378640776,9.514563106796116,5.825242718446602,1.7475728155339807
96.0,5142751.139999997,76.69902912621359,60.0,10.097087378640776,9.514563106796116,6.213592233009709,1.7475728155339807
97.0,5142631.14,76.69902912621359,59.6116504854369,10.097087378640776,9.514563106796116,6.407766990291262,1.9417475728155338
98.0,5142506.039999997,76.69902912621359,41.94174757281554,10.097087378640776,9.514563106796116,6.407766990291262,1.9417475728155338
99.0,5142375.839999998,76.69902912621359,41.359223300970875,10.097087378640776,9.514563106796116,6.407766990291262,1.9417475728155338
100.0,5142240.54,76.69902912621359,42.13592233009709,10.097087378640776,9.514563106796116,9.320388349514563,3.6893203883495143
101.0,5142100.139999999,76.69902912621359,41.55339805825243,10.097087378640776,9.514563106796116,9.514563106796116,3.6893203883495143
102.0,5141605.988000005,91.06796116504854,41.94174757281554,10.097087378640776,9.514563106796116,9.514563106796116,3.6893203883495143
103.0,5141106.736000002,91.6504854368932,41.74757281553398,10.097087378640776,9.514563106796116,9.514563106796116,3.6893203883495143
104.0,5140602.384000001,92.03883495145631,10.097087378640776,10.097087378640776,9.514563106796116,9.514563106796116,3.6893203883495143
105.0,5140067.189999995,92.23300970873787,10.097087378640776,10.097087378640776,20.19417475728155,9.514563106796116,3.6893203883495143
106.0,5139501.154000002,92.23300970873787,10.097087378640776,10.097087378640776,21.553398058252426,9.514563106796116,3.6893203883495143
107.0,5138904.276000002,92.23300970873787,10.097087378640776,10.097087378640776,21.941747572815533,9.514563106796116,3.6893203883495143
108.0,5138276.555999998,92.23300970873787,10.097087378640776,10.097087378640776,22.330097087378643,9.514563106796116,3.6893203883495143
109.0,5137617.994000001,92.23300970873787,10.097087378640776,10.097087378640776,22.718446601941746,9.514563106796116,3.6893203883495143
110.0,5136928.590000001,92.23300970873787,10.097087378640776,10.097087378640776,22.718446601941746,9.514563106796116,3.6893203883495143
111.0,5136208.344000004,92.23300970873787,10.097087378640776,10.097087378640776,22.718446601941746,9.514563106796116,3.6893203883495143
112.0,5135457.2560000075,92.23300970873787,10.097087378640776,10.097087378640776,22.9126213592233,9.514563106796116,3.6893203883495143
113.0,5134675.326000006,92.23300970873787,10.097087378640776,10.097087378640776,22.9126213592233,9.514563106796116,3.6893203883495143
114.0,5133862.554000008,92.23300970873787,10.097087378640776,10.097087378640776,22.9126213592233,9.514563106796116,3.6893203883495143
115.0,5133018.940000004,92.23300970873787,10.097087378640776,10.097087378640776,22.9126213592233,9.514563106796116,3.6893203883495143
116.0,5132144.483999998,92.23300970873787,10.097087378640776,10.097087378640776,22.9126213592233,9.514563106796116,3.6893203883495143
117.0,5131270.028000004,92.23300970873787,10.097087378640776,10.097087378640776,22.9126213592233,9.514563106796116,3.6893203883495143
118.0,5130395.572000003,92.23300970873787,10.097087378640776,10.097087378640776,22.9126213592233,9.514563106796116,3.6893203883495143
119.0,5129521.116,92.23300970873787,10.097087378640776,10.097087378640776,22.9126213592233,9.514563106796116,3.6893203883495143
120.0,5128646.660000002,92.23300970873787,10.097087378640776,10.097087378640776,22.9126213592233,9.514563106796116,3.6893203883495143
121.0,5127772.204000004,92.23300970873787,10.097087378640776,10.097087378640776,22.9126213592233,9.514563106796116,3.6893203883495143
122.0,5126897.748000011,92.23300970873787,10.097087378640776,10.097087378640776,22.9126213592233,9.514563106796116,3.6893203883495143
123.0,5126023.292000002,92.23300970873787,10.097087378640776,10.097087378640776,22.9126213592233,9.514563106796116,3.6893203883495143
124.0,5125148.835999998,92.23300970873787,10.097087378640776,10.097087378640776,22.9126213592233,9.514563106796116,3.6893203883495143
125.0,5124274.380000004,92.23300970873787,10.097087378640776,10.097087378640776,22.9126213592233,9.514563106796116,3.6893203883495143
126.0,5123399.924000007,92.23300970873787,10.097087378640776,10.097087378640776,22.9126213592233,9.514563106796116,3.6893203883495143
127.0,5122525.468000008,92.23300970873787,10.097087378640776,10.097087378640776,22.9126213592233,9.514563106796116,3.6893203883495143
128.0,5121651.012000005,92.23300970873787,10.097087378640776,10.097087378640776,22.9126213592233,9.514563106796116,3.6893203883495143
129.0,5120776.556000001,92.23300970873787,10.097087378640776,10.097087378640776,22.9126213592233,9.514563106796116,3.6893203883495143
130.0,5119902.1,92.23300970873787,10.097087378640776,10.097087378640776,22.9126213592233,9.514563106796116,3.6893203883495143
131.0,5119027.644,92.23300970873787,10.097087378640776,10.097087378640776,22.9126213592233,9.514563106796116,3.6893203883495143
132.0,5118153.188000002,92.23300970873787,10.097087378640776,10.097087378640776,22.9126213592233,9.514563106796116,3.6893203883495143
133.0,5117278.732000005,92.23300970873787,10.097087378640776,10.097087378640776,22.9126213592233,9.514563106796116,3.6893203883495143
134.0,5116404.276000004,92.23300970873787,10.097087378640776,10.097087378640776,22.9126213592233,9.514563106796116,3.6893203883495143
135.0,5115529.820000001,92.23300970873787,10.097087378640776,10.097087378640776,22.9126213592233,9.514563106796116,3.6893203883495143
136.0,5114655.364000003,92.23300970873787,10.097087378640776,10.097087378640776,22.9126213592233,9.514563106796116,3.6893203883495143
137.0,5113780.908000013,92.23300970873787,10.097087378640776,10.097087378640776,22.9126213592233,9.514563106796116,3.6893203883495143
138.0,5112906.452000002,92.23300970873787,10.097087378640776,10.097087378640776,22.9126213592233,9.514563106796116,3.6893203883495143
139.0,5112031.995999998,92.23300970873787,10.097087378640776,10.097087378640776,22.9126213592233,9.514563106796116,3.6893203883495143
140.0,5111157.540000001,92.23300970873787,10.097087378640776,10.097087378640776,22.9126213592233,9.514563106796116,3.6893203883495143
141.0,5110283.084000005,92.23300970873787,10.097087378640776,10.097087378640776,22.9126213592233,9.514563106796116,3.6893203883495143
142.0,5109408.628000009,92.23300970873787,10.097087378640776,10.097087378640776,22.9126213592233,9.514563106796116,3.6893203883495143
143.0,5108534.172000005,92.23300970873787,10.097087378640776,10.097087378640776,22.9126213592233,9.514563106796116,3.6893203883495143
144.0,5107659.716,92.23300970873787,10.097087378640776,10.097087378640776,22.9126213592233,9.514563106796116,3.6893203883495143
145.0,5106785.260000005,92.23300970873787,10.097087378640776,10.097087378640776,22.9126213592233,9.514563106796116,3.6893203883495143
146.0,5105910.803999998,92.23300970873787,10.097087378640776,10.097087378640776,22.9126213592233,9.514563106796116,3.6893203883495143
147.0,5105036.348000006,92.23300970873787,10.097087378640776,10.097087378640776,22.9126213592233,9.514563106796116,3.6893203883495143
148.0,5104161.8920000065,92.23300970873787,10.097087378640776,10.097087378640776,22.9126213592233,9.514563106796116,3.6893203883495143
149.0,5103287.436000006,92.23300970873787,10.097087378640776,10.097087378640776,22.9126213592233,9.514563106796116,3.6893203883495143
150.0,5102412.980000002,92.23300970873787,10.097087378640776,10.097087378640776,22.9126213592233,9.514563106796116,3.6893203883495143
151.0,5101538.524000007,92.23300970873787,10.097087378640776,10.097087378640776,22.9126213592233,9.514563106796116,3.6893203883495143
152.0,5100664.068000008,92.23300970873787,10.097087378640776,10.097087378640776,22.9126213592233,9.514563106796116,3.6893203883495143
153.0,5099789.612000006,92.23300970873787,10.097087378640776,10.097087378640776,22.9126213592233,9.514563106796116,3.6893203883495143
154.0,5098915.156000001,92.23300970873787,10.097087378640776,10.097087378640776,22.9126213592233,9.514563106796116,3.6893203883495143
155.0,5098040.700000001,92.23300970873787,10.097087378640776,10.097087378640776,22.9126213592233,9.514563106796116,3.6893203883495143
156.0,5097166.244000008,92.23300970873787,10.097087378640776,10.097087378640776,22.9126213592233,9.514563106796116,3.6893203883495143
157.0,5096291.788000013,92.23300970873787,10.097087378640776,10.097087378640776,22.9126213592233,9.514563106796116,3.6893203883495143
158.0,5095417.332000004,92.23300970873787,10.097087378640776,10.097087378640776,22.9126213592233,9.514563106796116,3.6893203883495143
159.0,5094542.876000007,92.23300970873787,10.097087378640776,10.097087378640776,22.9126213592233,9.514563106796116,3.6893203883495143
160.0,5093668.42,92.23300970873787,10.097087378640776,10.097087378640776,22.9126213592233,9.514563106796116,3.6893203883495143
161.0,5092793.963999998,92.23300970873787,10.097087378640776,10.097087378640776,22.9126213592233,9.514563106796116,3.6893203883495143
162.0,5091919.508000008,92.23300970873787,10.097087378640776,10.097087378640776,22.9126213592233,9.514563106796116,3.6893203883495143
163.0,5091045.052000005,92.23300970873787,10.097087378640776,10.097087378640776,22.9126213592233,9.514563106796116,3.6893203883495143
164.0,5090170.59600001,92.23300970873787,10.097087378640776,10.097087378640776,22.9126213592233,9.514563106796116,3.6893203883495143
165.0,5089296.140000002,92.23300970873787,10.097087378640776,10.097087378640776,22.9126213592233,9.514563106796116,3.6893203883495143
166.0,5088421.684000005,92.23300970873787,10.097087378640776,10.097087378640776,22.9126213592233,9.514563106796116,3.6893203883495143
