"tick","Ertrag","befallGR","befallGRsicht","befallGRertrag","befallST","befallSTsicht","befallSTertrag","ResistenzPflanze","behaviour","pestCount","GRsichtCount","GRertragCount","septoriaCount","STsichtCount","STertragCount"
1.0,5150000.0,0.9708737864077669,0.0,0.0,29.126213592233007,0.0,0.0,1.0,0.0,6,0.0,0.0,501,0.0,0.0
2.0,5150000.0,0.9708737864077669,0.0,0.0,29.126213592233007,0.0,0.0,1.0,0.0,6,0.0,0.0,501,0.0,0.0
3.0,5150000.0,1.1650485436893203,0.0,0.0,63.49514563106796,0.0,0.0,1.0,0.0,6,0.0,0.0,501,0.0,0.0
4.0,5150000.0,1.1650485436893203,0.0,0.0,63.49514563106796,0.0,0.0,1.0,0.0,6,0.0,0.0,501,0.0,0.0
5.0,5150000.0,1.1650485436893203,0.0,0.0,69.12621359223301,0.0,0.0,1.0,0.0,6,0.0,0.0,501,0.0,0.0
6.0,5150000.0,1.1650485436893203,0.0,0.0,69.12621359223301,0.0,0.0,1.0,0.0,6,0.0,0.0,501,0.0,0.0
7.0,5150000.0,1.1650485436893203,0.0,0.0,70.48543689320388,0.0,0.0,1.0,0.0,6,0.0,0.0,501,0.0,0.0
8.0,5150000.0,1.1650485436893203,0.0,0.0,70.48543689320388,0.0,0.0,1.0,0.0,6,0.0,0.0,501,0.0,0.0
9.0,5150000.0,1.1650485436893203,0.0,0.0,71.26213592233009,0.0,0.0,1.0,0.0,6,0.0,0.0,501,0.0,0.0
10.0,5150000.0,1.1650485436893203,0.0,0.0,71.26213592233009,0.0,0.0,1.0,0.0,6,0.0,0.0,501,0.0,0.0
11.0,5150000.0,1.1650485436893203,0.0,0.0,71.6504854368932,0.0,0.0,1.0,0.0,6,0.0,0.0,501,0.0,0.0
12.0,5150000.0,1.1650485436893203,0.0,0.0,71.6504854368932,0.0,0.0,1.0,0.0,6,0.0,0.0,501,0.0,0.0
13.0,5150000.0,1.1650485436893203,0.0,0.0,71.6504854368932,0.0,0.0,1.0,0.0,6,0.0,0.0,501,0.0,0.0
14.0,5150000.0,1.1650485436893203,0.0,0.0,71.6504854368932,0.0,0.0,1.0,0.0,6,0.0,0.0,501,0.0,0.0
15.0,5150000.0,1.1650485436893203,0.0,0.0,71.84466019417476,0.0,0.0,1.0,0.0,6,0.0,0.0,501,0.0,0.0
16.0,5150000.0,1.1650485436893203,0.0,0.0,71.84466019417476,0.0,0.0,1.0,0.0,6,0.0,0.0,501,0.0,0.0
17.0,5150000.0,1.1650485436893203,0.0,0.0,71.84466019417476,0.0,0.0,1.0,0.0,6,0.0,0.0,501,0.0,0.0
18.0,5150000.0,1.1650485436893203,0.0,0.0,71.84466019417476,0.0,0.0,1.0,0.0,6,0.0,0.0,501,0.0,0.0
19.0,5150000.0,1.1650485436893203,0.0,0.0,71.84466019417476,0.0,0.0,1.0,0.0,6,0.0,0.0,501,0.0,0.0
20.0,5150000.0,1.1650485436893203,0.0,0.0,71.84466019417476,0.0,0.0,1.0,0.0,6,0.0,0.0,501,0.0,0.0
21.0,5150000.0,1.1650485436893203,0.0,0.0,72.03883495145631,0.0,0.0,1.0,0.0,6,0.0,0.0,501,0.0,0.0
22.0,5150000.0,1.1650485436893203,0.0,0.0,72.03883495145631,0.0,0.0,1.0,0.0,6,0.0,0.0,501,0.0,0.0
23.0,5150000.0,1.1650485436893203,0.0,0.0,72.03883495145631,0.0,0.0,1.0,0.0,6,0.0,0.0,501,0.0,0.0
24.0,5150000.0,1.1650485436893203,0.0,0.0,72.03883495145631,0.0,0.0,1.0,0.0,6,0.0,0.0,501,0.0,0.0
25.0,5150000.0,1.1650485436893203,0.0,0.0,72.03883495145631,0.0,0.0,1.0,0.0,6,0.0,0.0,501,0.0,0.0
26.0,5150000.0,1.1650485436893203,0.0,0.0,72.03883495145631,0.0,0.0,1.0,0.0,6,0.0,0.0,501,0.0,0.0
27.0,5150000.0,1.1650485436893203,0.0,0.0,72.03883495145631,0.0,0.0,1.0,0.0,6,0.0,0.0,501,0.0,0.0
28.0,5150000.0,1.1650485436893203,0.0,0.0,72.03883495145631,0.0,0.0,1.0,0.0,6,0.0,0.0,501,0.0,0.0
29.0,5150000.0,1.1650485436893203,0.0,0.0,72.03883495145631,0.0,0.0,1.0,0.0,6,0.0,0.0,501,0.0,0.0
30.0,5150000.0,1.1650485436893203,0.0,0.0,72.03883495145631,0.0,0.0,1.0,0.0,6,0.0,0.0,501,0.0,0.0
31.0,5150000.0,1.1650485436893203,0.0,0.0,72.03883495145631,0.0,0.0,1.0,0.0,6,0.0,0.0,501,0.0,0.0
32.0,5150000.0,1.1650485436893203,0.0,0.0,72.03883495145631,0.0,0.0,1.0,0.0,6,0.0,0.0,501,0.0,0.0
33.0,5150000.0,1.1650485436893203,0.0,0.0,72.03883495145631,0.0,0.0,1.0,0.0,6,0.0,0.0,501,0.0,0.0
34.0,5150000.0,1.1650485436893203,0.0,0.0,72.03883495145631,0.0,0.0,1.0,0.0,6,0.0,0.0,501,0.0,0.0
35.0,5150000.0,1.1650485436893203,0.0,0.0,72.03883495145631,0.0,0.0,1.0,0.0,6,0.0,0.0,501,0.0,0.0
36.0,5150000.0,1.1650485436893203,0.0,0.0,72.03883495145631,0.0,0.0,1.0,0.0,6,0.0,0.0,501,0.0,0.0
37.0,5150000.0,1.1650485436893203,0.0,0.0,72.03883495145631,0.0,0.0,1.0,0.0,6,0.0,0.0,501,0.0,0.0
38.0,5150000.0,1.1650485436893203,0.0,0.0,72.03883495145631,0.0,0.0,1.0,0.0,6,0.0,0.0,501,0.0,0.0
39.0,5150000.0,1.1650485436893203,0.0,0.0,72.03883495145631,0.0,0.0,1.0,0.0,6,0.0,0.0,501,0.0,0.0
40.0,5150000.0,1.1650485436893203,0.0,0.0,72.03883495145631,0.0,0.0,1.0,0.0,6,0.0,0.0,501,0.0,0.0
41.0,5150000.0,1.1650485436893203,0.0,0.0,72.03883495145631,0.0,0.0,1.0,0.0,6,0.0,0.0,501,0.0,0.0
42.0,5150000.0,1.1650485436893203,0.0,0.0,72.03883495145631,0.0,0.0,1.0,0.0,6,0.0,0.0,501,0.0,0.0
43.0,5150000.0,1.1650485436893203,0.0,0.0,72.03883495145631,0.0,0.0,1.0,0.0,6,0.0,0.0,501,0.0,0.0
44.0,5150000.0,1.1650485436893203,0.0,0.0,72.03883495145631,0.0,0.0,1.0,0.0,6,0.0,0.0,501,0.0,0.0
45.0,5150000.0,1.1650485436893203,0.0,0.0,72.03883495145631,0.0,0.0,1.0,0.0,6,0.0,0.0,501,0.0,0.0
46.0,5150000.0,1.1650485436893203,0.0,0.0,72.03883495145631,0.0,0.0,1.0,0.0,6,0.0,0.0,501,0.0,0.0
47.0,5150000.0,1.1650485436893203,0.0,0.0,72.03883495145631,0.0,0.0,1.0,0.0,6,0.0,0.0,501,0.0,0.0
48.0,5150000.0,1.1650485436893203,0.0,0.0,72.03883495145631,0.0,0.0,1.0,0.0,6,0.0,0.0,501,0.0,0.0
49.0,5150000.0,1.1650485436893203,0.0,0.0,72.03883495145631,0.0,0.0,1.0,0.0,6,0.0,0.0,501,0.0,0.0
50.0,5150000.0,1.1650485436893203,0.0,0.0,72.03883495145631,0.0,0.0,1.0,0.0,6,0.0,0.0,501,0.0,0.0
51.0,5150000.0,1.1650485436893203,0.1941747572815534,0.1941747572815534,72.03883495145631,0.0,0.0,1.0,0.0,6,1.0,1.0,501,0.0,0.0
52.0,5150000.0,1.1650485436893203,0.1941747572815534,0.1941747572815534,72.03883495145631,0.0,0.0,1.0,0.0,6,1.0,1.0,501,0.0,0.0
53.0,5150000.0,1.1650485436893203,0.1941747572815534,0.1941747572815534,72.03883495145631,0.0,0.0,1.0,0.0,8,2.0,2.0,501,0.0,0.0
54.0,5150000.0,1.1650485436893203,0.1941747572815534,0.1941747572815534,72.03883495145631,0.0,0.0,1.0,0.0,8,2.0,2.0,501,0.0,0.0
55.0,5150000.0,1.3592233009708738,0.5825242718446602,0.5825242718446602,72.03883495145631,0.0,0.0,1.0,0.0,8,5.0,5.0,501,0.0,0.0
56.0,5150000.0,1.3592233009708738,0.5825242718446602,0.5825242718446602,72.03883495145631,0.0,0.0,1.0,0.0,8,5.0,5.0,501,0.0,0.0
57.0,5150000.0,1.3592233009708738,0.7766990291262136,0.7766990291262136,72.03883495145631,0.0,0.0,1.0,0.0,12,9.0,9.0,501,0.0,0.0
58.0,5150000.0,1.3592233009708738,0.7766990291262136,0.7766990291262136,72.03883495145631,0.0,0.0,1.0,0.0,12,9.0,9.0,501,0.0,0.0
59.0,5150000.0,1.9417475728155338,1.1650485436893203,1.1650485436893203,72.03883495145631,0.0,0.0,1.0,0.0,12,15.0,15.0,501,0.0,0.0
60.0,5150000.0,1.9417475728155338,1.1650485436893203,1.1650485436893203,72.03883495145631,0.0,0.0,1.0,0.0,12,15.0,15.0,501,0.0,0.0
61.0,5150000.0,1.9417475728155338,1.1650485436893203,1.1650485436893203,72.03883495145631,62.33009708737865,62.33009708737865,1.0,0.0,12,21.0,21.0,501,500.0,500.0
62.0,5150000.0,1.9417475728155338,1.1650485436893203,1.1650485436893203,72.03883495145631,62.33009708737865,62.33009708737865,1.0,0.0,12,21.0,21.0,501,500.0,500.0
63.0,5150000.0,1.9417475728155338,1.1650485436893203,1.1650485436893203,72.03883495145631,66.99029126213593,66.99029126213593,1.0,0.0,12,27.0,27.0,501,1501.0,1501.0
