"tick","Ertrag","befallGR","befallGRsicht","befallGRertrag","befallST","befallSTsicht","befallSTertrag","ResistenzPflanze","behaviour","pestCount","GRsichtCount","GRertragCount","septoriaCount","STsichtCount","STertragCount"
1.0,5150000.0,0.9708737864077669,0.0,0.0,29.126213592233007,0.0,0.0,1.0,0.0,6,0.0,0.0,501,0.0,0.0
2.0,5150000.0,1.1650485436893203,0.0,0.0,63.10679611650486,0.0,0.0,1.0,0.0,6,0.0,0.0,501,0.0,0.0
3.0,5150000.0,1.1650485436893203,0.0,0.0,68.54368932038835,0.0,0.0,1.0,0.0,6,0.0,0.0,501,0.0,0.0
4.0,5150000.0,1.1650485436893203,0.0,0.0,70.29126213592232,0.0,0.0,1.0,0.0,6,0.0,0.0,501,0.0,0.0
5.0,5150000.0,1.1650485436893203,0.0,0.0,71.6504854368932,0.0,0.0,1.0,0.0,6,0.0,0.0,501,0.0,0.0
6.0,5150000.0,1.1650485436893203,0.0,0.0,72.03883495145631,0.0,0.0,1.0,0.0,6,0.0,0.0,501,0.0,0.0
7.0,5150000.0,1.1650485436893203,0.0,0.0,72.23300970873787,0.0,0.0,1.0,0.0,6,0.0,0.0,501,0.0,0.0
8.0,5150000.0,1.1650485436893203,0.0,0.0,72.42718446601941,0.0,0.0,1.0,0.0,6,0.0,0.0,501,0.0,0.0
9.0,5150000.0,1.1650485436893203,0.0,0.0,72.42718446601941,0.0,0.0,1.0,0.0,6,0.0,0.0,501,0.0,0.0
10.0,5150000.0,1.1650485436893203,0.0,0.0,72.42718446601941,0.0,0.0,1.0,0.0,6,0.0,0.0,501,0.0,0.0
11.0,5150000.0,1.1650485436893203,0.0,0.0,72.42718446601941,0.0,0.0,1.0,0.0,6,0.0,0.0,501,0.0,0.0
12.0,5150000.0,1.1650485436893203,0.0,0.0,72.42718446601941,0.0,0.0,1.0,0.0,6,0.0,0.0,501,0.0,0.0
13.0,5150000.0,1.1650485436893203,0.0,0.0,72.42718446601941,0.0,0.0,1.0,0.0,6,0.0,0.0,501,0.0,0.0
14.0,5150000.0,1.1650485436893203,0.0,0.0,72.42718446601941,0.0,0.0,1.0,0.0,6,0.0,0.0,501,0.0,0.0
15.0,5150000.0,1.1650485436893203,0.0,0.0,72.42718446601941,0.0,0.0,1.0,0.0,6,0.0,0.0,501,0.0,0.0
16.0,5150000.0,1.1650485436893203,0.0,0.0,72.42718446601941,0.0,0.0,1.0,0.0,6,0.0,0.0,501,0.0,0.0
17.0,5150000.0,1.1650485436893203,0.0,0.0,72.42718446601941,0.0,0.0,1.0,0.0,6,0.0,0.0,501,0.0,0.0
18.0,5150000.0,1.1650485436893203,0.0,0.0,72.42718446601941,0.0,0.0,1.0,0.0,6,0.0,0.0,501,0.0,0.0
19.0,5150000.0,1.1650485436893203,0.0,0.0,72.42718446601941,0.0,0.0,1.0,0.0,6,0.0,0.0,501,0.0,0.0
20.0,5150000.0,1.1650485436893203,0.0,0.0,72.42718446601941,0.0,0.0,1.0,0.0,6,0.0,0.0,501,0.0,0.0
21.0,5150000.0,1.1650485436893203,0.0,0.0,72.42718446601941,0.0,0.0,1.0,0.0,6,0.0,0.0,501,0.0,0.0
22.0,5150000.0,1.1650485436893203,0.0,0.0,72.42718446601941,0.0,0.0,1.0,0.0,6,0.0,0.0,501,0.0,0.0
23.0,5150000.0,1.1650485436893203,0.0,0.0,72.42718446601941,0.0,0.0,1.0,0.0,6,0.0,0.0,501,0.0,0.0
24.0,5150000.0,1.1650485436893203,0.0,0.0,72.42718446601941,0.0,0.0,1.0,0.0,6,0.0,0.0,501,0.0,0.0
25.0,5150000.0,1.1650485436893203,0.3883495145631068,0.3883495145631068,72.42718446601941,0.0,0.0,1.0,0.0,6,2.0,2.0,501,0.0,0.0
26.0,5150000.0,1.1650485436893203,0.7766990291262136,0.7766990291262136,72.42718446601941,0.0,0.0,1.0,0.0,6,4.0,6.0,501,0.0,0.0
27.0,5150000.0,1.1650485436893203,0.7766990291262136,0.7766990291262136,72.42718446601941,0.0,0.0,1.0,0.0,12,4.0,10.0,501,0.0,0.0
28.0,5150000.0,2.1359223300970873,0.9708737864077669,0.9708737864077669,72.42718446601941,0.0,0.0,1.0,0.0,12,5.0,15.0,501,0.0,0.0
29.0,5150000.0,2.1359223300970873,1.1650485436893203,1.1650485436893203,72.42718446601941,0.0,0.0,1.0,0.0,30,6.0,21.0,501,0.0,0.0
30.0,5150000.0,4.854368932038835,1.1650485436893203,1.1650485436893203,72.42718446601941,0.0,0.0,1.0,0.0,30,6.0,27.0,501,0.0,0.0
31.0,5150000.0,4.854368932038835,1.1650485436893203,1.1650485436893203,72.42718446601941,0.0,0.0,1.0,0.0,30,6.0,33.0,501,0.0,0.0
32.0,5150000.0,4.854368932038835,1.1650485436893203,1.1650485436893203,72.42718446601941,0.0,0.0,1.0,0.0,30,6.0,39.0,501,0.0,0.0
33.0,5150000.0,4.854368932038835,1.1650485436893203,1.1650485436893203,72.42718446601941,0.0,0.0,1.0,0.0,30,6.0,45.0,501,0.0,0.0
34.0,5150000.0,4.854368932038835,1.1650485436893203,1.1650485436893203,72.42718446601941,61.359223300970875,61.359223300970875,1.0,0.0,30,6.0,51.0,501,500.0,500.0
35.0,5150000.0,4.854368932038835,1.1650485436893203,1.1650485436893203,72.42718446601941,68.73786407766991,68.73786407766991,1.0,0.0,66,6.0,57.0,501,1501.0,1501.0
36.0,5150000.0,9.70873786407767,1.1650485436893203,1.1650485436893203,72.42718446601941,69.90291262135922,69.90291262135922,1.0,0.0,66,6.0,63.0,501,3003.0,3003.0
37.0,5150000.0,9.70873786407767,1.1650485436893203,1.1650485436893203,72.42718446601941,71.06796116504854,71.06796116504854,1.0,0.0,66,6.0,69.0,501,5006.0,5006.0
38.0,5150000.0,9.70873786407767,1.1650485436893203,1.1650485436893203,72.42718446601941,71.45631067961165,71.45631067961165,1.0,0.0,92,6.0,75.0,501,7510.0,7510.0
39.0,5150000.0,13.009708737864079,1.1650485436893203,1.1650485436893203,72.42718446601941,71.84466019417476,71.84466019417476,1.0,0.0,92,6.0,81.0,501,10515.0,10515.0
40.0,5150000.0,13.009708737864079,1.1650485436893203,1.1650485436893203,72.42718446601941,72.23300970873787,72.23300970873787,1.0,0.0,92,6.0,87.0,501,14021.0,14021.0
41.0,5150000.0,13.009708737864079,1.1650485436893203,1.1650485436893203,72.42718446601941,72.23300970873787,72.23300970873787,1.0,0.0,92,6.0,93.0,501,18028.0,18028.0
42.0,5150000.0,13.009708737864079,1.1650485436893203,1.1650485436893203,72.42718446601941,72.42718446601941,72.42718446601941,1.0,0.0,92,6.0,99.0,501,22536.0,22536.0
43.0,5150000.0,13.009708737864079,1.1650485436893203,1.1650485436893203,72.42718446601941,72.42718446601941,72.42718446601941,1.0,0.0,92,6.0,105.0,501,27545.0,27545.0
44.0,5150000.0,13.009708737864079,1.1650485436893203,1.1650485436893203,72.42718446601941,72.42718446601941,72.42718446601941,1.0,0.0,92,6.0,111.0,501,33055.0,33055.0
45.0,5150000.0,13.009708737864079,1.7475728155339807,1.7475728155339807,72.42718446601941,72.42718446601941,72.42718446601941,1.0,0.0,92,10.0,121.0,3507,39066.0,39066.0
46.0,5150000.0,13.009708737864079,3.300970873786408,3.300970873786408,100.0,72.42718446601941,72.42718446601941,1.0,0.0,92,19.0,140.0,3507,45578.0,45578.0
47.0,5150000.0,13.009708737864079,4.466019417475728,4.466019417475728,100.0,72.42718446601941,72.42718446601941,1.0,0.0,92,28.0,168.0,3507,52591.0,52591.0
48.0,5150000.0,13.009708737864079,4.466019417475728,4.466019417475728,100.0,72.42718446601941,72.42718446601941,1.0,0.0,163,28.0,196.0,3507,60105.0,60105.0
49.0,5150000.0,19.02912621359223,4.854368932038835,4.854368932038835,100.0,72.42718446601941,72.42718446601941,1.0,0.0,229,30.0,226.0,3507,68120.0,68120.0
50.0,5150000.0,22.9126213592233,4.854368932038835,4.854368932038835,100.0,72.42718446601941,72.42718446601941,1.0,0.0,229,30.0,256.0,3507,76636.0,76636.0
51.0,5150000.0,22.9126213592233,4.854368932038835,4.854368932038835,100.0,72.42718446601941,72.42718446601941,1.0,0.0,229,30.0,286.0,3507,85653.0,85653.0
52.0,5150000.0,22.9126213592233,4.854368932038835,4.854368932038835,100.0,72.42718446601941,72.42718446601941,1.0,0.0,351,30.0,316.0,3507,95171.0,95171.0
53.0,5150000.0,29.708737864077673,4.854368932038835,4.854368932038835,100.0,72.42718446601941,72.42718446601941,1.0,0.0,420,30.0,346.0,3507,105190.0,105190.0
54.0,5150000.0,31.844660194174757,6.407766990291262,6.407766990291262,100.0,72.42718446601941,72.42718446601941,1.0,0.0,434,42.0,388.0,3507,115710.0,115710.0
55.0,5150000.0,31.844660194174757,6.407766990291262,6.407766990291262,100.0,72.42718446601941,72.42718446601941,1.0,0.0,434,42.0,430.0,3507,126731.0,126731.0
56.0,5150000.0,31.844660194174757,8.155339805825243,8.155339805825243,100.0,72.42718446601941,72.42718446601941,1.0,0.0,434,54.0,484.0,3507,138253.0,138253.0
57.0,5135109.340000002,31.844660194174757,8.155339805825243,8.155339805825243,100.0,72.42718446601941,72.42718446601941,1.0,0.0,434,54.0,538.0,3507,150276.0,150276.0
58.0,5119412.069999988,31.844660194174757,9.70873786407767,9.70873786407767,100.0,72.42718446601941,72.42718446601941,1.0,0.0,434,66.0,604.0,3507,162800.0,162800.0
59.0,5102908.189999998,31.844660194174757,9.70873786407767,9.70873786407767,100.0,72.42718446601941,72.42718446601941,1.0,0.0,434,66.0,670.0,3507,175825.0,175825.0
60.0,5090968.660000001,31.844660194174757,10.679611650485436,8.54368932038835,100.0,72.42718446601941,63.689320388349515,1.0,0.0,434,73.0,724.0,3507,189351.0,185490.0
61.0,5078481.270000003,31.844660194174757,10.679611650485436,8.54368932038835,100.0,72.42718446601941,63.689320388349515,1.0,0.0,434,73.0,778.0,3507,203378.0,195513.0
62.0,5065446.0200000005,31.844660194174757,12.03883495145631,9.320388349514563,100.0,72.42718446601941,63.689320388349515,1.0,0.0,434,83.0,838.0,3507,217906.0,205894.0
63.0,5051862.909999999,31.844660194174757,12.03883495145631,9.320388349514563,100.0,72.42718446601941,63.689320388349515,1.0,0.0,434,83.0,898.0,3507,232935.0,216633.0
