"tick","BefallGR","BefallGRsicht","BefallGRertrag"
1.0,4.077669902912621,0.0,0.0
2.0,4.466019417475728,0.0,0.0
3.0,5.048543689320388,0.0,0.0
4.0,5.436893203883495,0.0,0.0
5.0,5.436893203883495,0.0,0.0
6.0,5.631067961165048,0.0,0.0
7.0,5.631067961165048,0.0,0.0
8.0,5.631067961165048,0.0,0.0
9.0,5.631067961165048,0.0,0.0
10.0,5.631067961165048,0.0,0.0
11.0,5.631067961165048,0.0,0.0
12.0,5.631067961165048,0.0,0.0
13.0,5.631067961165048,0.0,0.0
14.0,5.631067961165048,0.0,0.0
15.0,5.631067961165048,0.0,0.0
16.0,5.631067961165048,0.0,0.0
17.0,5.631067961165048,0.0,0.0
18.0,5.631067961165048,0.0,0.0
19.0,5.631067961165048,0.0,0.0
20.0,5.631067961165048,0.0,0.0
21.0,5.631067961165048,0.0,0.0
22.0,5.631067961165048,0.0,0.0
23.0,5.631067961165048,0.0,0.0
24.0,5.631067961165048,0.0,0.0
25.0,5.631067961165048,0.9708737864077669,0.9708737864077669
26.0,5.631067961165048,1.9417475728155338,1.9417475728155338
27.0,5.631067961165048,1.9417475728155338,1.9417475728155338
28.0,7.184466019417475,3.300970873786408,3.300970873786408
29.0,7.572815533980583,3.300970873786408,3.300970873786408
30.0,12.427184466019417,4.271844660194175,4.271844660194175
31.0,13.203883495145632,4.271844660194175,4.271844660194175
32.0,13.78640776699029,4.271844660194175,4.271844660194175
33.0,14.36893203883495,4.271844660194175,4.271844660194175
34.0,14.757281553398057,4.271844660194175,4.271844660194175
35.0,14.951456310679612,4.271844660194175,4.271844660194175
36.0,24.660194174757283,4.271844660194175,4.271844660194175
37.0,27.184466019417474,4.271844660194175,4.271844660194175
38.0,27.96116504854369,4.271844660194175,4.271844660194175
39.0,34.1747572815534,4.271844660194175,4.271844660194175
40.0,34.75728155339806,4.271844660194175,4.271844660194175
41.0,35.33980582524272,4.271844660194175,4.271844660194175
42.0,35.92233009708738,4.271844660194175,4.271844660194175
43.0,35.92233009708738,4.271844660194175,4.271844660194175
44.0,35.92233009708738,4.271844660194175,4.271844660194175
45.0,35.92233009708738,5.242718446601942,5.242718446601942
46.0,36.116504854368934,8.155339805825243,8.155339805825243
47.0,36.116504854368934,9.514563106796116,9.514563106796116
48.0,36.50485436893204,9.514563106796116,9.514563106796116
49.0,49.12621359223301,10.679611650485436,10.679611650485436
50.0,52.62135922330097,10.679611650485436,10.679611650485436
51.0,53.398058252427184,10.29126213592233,10.29126213592233
52.0,53.592233009708735,10.29126213592233,10.29126213592233
53.0,61.74757281553398,10.485436893203884,10.485436893203884
54.0,65.63106796116504,13.592233009708737,13.592233009708737
55.0,66.01941747572816,13.203883495145632,13.203883495145632
56.0,68.15533980582525,15.145631067961165,15.145631067961165
57.0,68.15533980582525,15.145631067961165,15.145631067961165
58.0,68.3495145631068,18.640776699029125,18.640776699029125
59.0,68.54368932038835,18.446601941747574,18.446601941747574
60.0,68.54368932038835,21.941747572815533,15.145631067961165
61.0,73.7864077669903,22.330097087378643,15.339805825242719
62.0,74.5631067961165,23.300970873786408,16.50485436893204
63.0,77.28155339805825,23.883495145631066,17.281553398058254
64.0,77.47572815533981,26.601941747572816,19.02912621359223
65.0,77.47572815533981,26.407766990291265,19.02912621359223
66.0,77.47572815533981,27.96116504854369,20.388349514563107
67.0,77.47572815533981,28.349514563106798,20.776699029126213
68.0,77.66990291262135,27.96116504854369,20.0
69.0,77.66990291262135,28.155339805825243,20.58252427184466
70.0,85.04854368932038,28.155339805825243,20.19417475728155
71.0,86.01941747572816,33.980582524271846,25.04854368932039
72.0,89.51456310679612,35.92233009708738,27.184466019417474
73.0,89.51456310679612,40.19417475728155,30.29126213592233
74.0,90.48543689320388,49.51456310679612,38.05825242718446
75.0,90.67961165048544,52.23300970873787,40.77669902912621
76.0,90.67961165048544,56.310679611650485,45.24271844660194
77.0,90.67961165048544,58.252427184466015,48.932038834951456
78.0,90.67961165048544,60.0,33.398058252427184
79.0,90.67961165048544,63.49514563106796,35.92233009708738
80.0,91.84466019417475,65.8252427184466,42.71844660194174
81.0,92.42718446601941,70.48543689320388,46.601941747572816
82.0,92.42718446601941,70.67961165048544,50.29126213592233
83.0,92.42718446601941,70.48543689320388,51.45631067961165
84.0,92.42718446601941,74.36893203883496,26.601941747572816
85.0,92.42718446601941,74.1747572815534,26.407766990291265
86.0,92.42718446601941,76.31067961165049,30.485436893203882
87.0,92.42718446601941,80.97087378640776,41.16504854368932
88.0,92.42718446601941,83.88349514563107,46.213592233009706
89.0,92.42718446601941,84.27184466019418,51.067961165048544
90.0,92.42718446601941,86.40776699029125,51.262135922330096
91.0,92.42718446601941,85.8252427184466,50.29126213592233
92.0,92.42718446601941,86.40776699029125,51.6504854368932
93.0,92.42718446601941,86.60194174757282,54.1747572815534
94.0,92.42718446601941,87.76699029126213,58.252427184466015
95.0,92.42718446601941,89.51456310679612,59.02912621359223
96.0,92.42718446601941,88.54368932038835,59.22330097087378
97.0,92.42718446601941,88.54368932038835,59.6116504854369
98.0,92.42718446601941,81.74757281553397,61.74757281553398
99.0,92.42718446601941,81.74757281553397,61.55339805825243
100.0,92.42718446601941,80.97087378640776,61.55339805825243
101.0,92.42718446601941,81.94174757281554,61.74757281553398
102.0,94.1747572815534,82.13592233009709,62.13592233009708
103.0,94.36893203883496,80.97087378640776,61.55339805825243
104.0,94.36893203883496,62.33009708737865,62.33009708737865
105.0,95.53398058252426,63.49514563106796,63.49514563106796
106.0,95.53398058252426,62.13592233009708,62.13592233009708
107.0,95.53398058252426,62.912621359223294,62.912621359223294
108.0,95.53398058252426,62.71844660194175,62.71844660194175
109.0,95.53398058252426,62.5242718446602,62.5242718446602
110.0,95.53398058252426,62.13592233009708,62.13592233009708
111.0,95.53398058252426,62.71844660194175,62.71844660194175
112.0,95.53398058252426,61.94174757281553,61.94174757281553
113.0,95.53398058252426,61.165048543689316,61.165048543689316
114.0,96.50485436893203,61.359223300970875,61.359223300970875
115.0,96.50485436893203,68.3495145631068,68.3495145631068
116.0,96.50485436893203,74.36893203883496,74.36893203883496
117.0,96.50485436893203,74.36893203883496,74.36893203883496
118.0,96.50485436893203,74.36893203883496,74.36893203883496
119.0,96.50485436893203,74.36893203883496,74.36893203883496
120.0,96.50485436893203,74.36893203883496,74.36893203883496
121.0,96.50485436893203,74.36893203883496,74.36893203883496
122.0,96.50485436893203,74.36893203883496,74.36893203883496
123.0,96.50485436893203,74.36893203883496,74.36893203883496
124.0,96.50485436893203,74.36893203883496,74.36893203883496
125.0,96.50485436893203,74.36893203883496,74.36893203883496
126.0,96.50485436893203,74.36893203883496,74.36893203883496
127.0,96.50485436893203,74.36893203883496,74.36893203883496
128.0,96.50485436893203,74.36893203883496,74.36893203883496
129.0,96.50485436893203,74.36893203883496,74.36893203883496
130.0,96.50485436893203,74.36893203883496,74.36893203883496
131.0,96.50485436893203,74.36893203883496,74.36893203883496
132.0,96.50485436893203,74.36893203883496,74.36893203883496
133.0,96.50485436893203,74.36893203883496,74.36893203883496
134.0,96.50485436893203,74.36893203883496,74.36893203883496
135.0,96.50485436893203,74.36893203883496,74.36893203883496
136.0,96.50485436893203,74.36893203883496,74.36893203883496
137.0,96.50485436893203,74.36893203883496,74.36893203883496
138.0,96.50485436893203,74.36893203883496,74.36893203883496
139.0,96.50485436893203,74.36893203883496,74.36893203883496
140.0,96.50485436893203,74.36893203883496,74.36893203883496
141.0,96.50485436893203,74.36893203883496,74.36893203883496
142.0,96.50485436893203,74.36893203883496,74.36893203883496
143.0,96.50485436893203,74.36893203883496,74.36893203883496
144.0,96.50485436893203,74.36893203883496,74.36893203883496
145.0,96.50485436893203,74.36893203883496,74.36893203883496
146.0,96.50485436893203,74.36893203883496,74.36893203883496
147.0,96.50485436893203,74.36893203883496,74.36893203883496
148.0,96.50485436893203,74.36893203883496,74.36893203883496
149.0,96.50485436893203,74.36893203883496,74.36893203883496
150.0,96.50485436893203,74.36893203883496,74.36893203883496
151.0,96.50485436893203,74.36893203883496,74.36893203883496
152.0,96.50485436893203,74.36893203883496,74.36893203883496
153.0,96.50485436893203,74.36893203883496,74.36893203883496
154.0,96.50485436893203,74.36893203883496,74.36893203883496
155.0,96.49805447470817,74.31906614785993,74.31906614785993
156.0,96.49805447470817,74.31906614785993,74.31906614785993
157.0,96.49805447470817,74.31906614785993,74.31906614785993
158.0,96.49805447470817,74.31906614785993,74.31906614785993
159.0,96.49805447470817,74.31906614785993,74.31906614785993
160.0,96.49805447470817,74.31906614785993,74.31906614785993
161.0,96.49805447470817,74.31906614785993,74.31906614785993
162.0,96.49805447470817,74.31906614785993,74.31906614785993
163.0,96.49805447470817,74.31906614785993,74.31906614785993
164.0,96.49122807017544,74.26900584795322,74.26900584795322
165.0,96.49122807017544,74.26900584795322,74.26900584795322
166.0,96.49122807017544,74.26900584795322,74.26900584795322
