"tick","befallGR","befallGRsicht","befallGRertrag","befallST","befallSTsicht","befallSTertrag","Ertrag"
1.0,4.660194174757281,0.0,0.0,29.320388349514566,0.0,0.0,5150000.0
2.0,5.436893203883495,0.0,0.0,62.912621359223294,0.0,0.0,5150000.0
3.0,5.631067961165048,0.0,0.0,66.99029126213593,0.0,0.0,5150000.0
4.0,5.631067961165048,0.0,0.0,69.51456310679612,0.0,0.0,5150000.0
5.0,5.631067961165048,0.0,0.0,70.48543689320388,0.0,0.0,5150000.0
6.0,6.019417475728155,0.0,0.0,71.6504854368932,0.0,0.0,5150000.0
7.0,6.019417475728155,0.0,0.0,71.6504854368932,0.0,0.0,5150000.0
8.0,6.019417475728155,0.0,0.0,71.84466019417476,0.0,0.0,5150000.0
9.0,6.019417475728155,0.0,0.0,71.84466019417476,0.0,0.0,5150000.0
10.0,6.019417475728155,0.0,0.0,71.84466019417476,0.0,0.0,5150000.0
11.0,6.019417475728155,0.0,0.0,71.84466019417476,0.0,0.0,5150000.0
12.0,6.019417475728155,0.0,0.0,72.03883495145631,0.0,0.0,5150000.0
13.0,6.019417475728155,0.0,0.0,72.03883495145631,0.0,0.0,5150000.0
14.0,6.019417475728155,0.0,0.0,72.03883495145631,0.0,0.0,5150000.0
15.0,6.019417475728155,0.0,0.0,72.03883495145631,0.0,0.0,5150000.0
16.0,6.019417475728155,0.0,0.0,72.03883495145631,0.0,0.0,5150000.0
17.0,6.019417475728155,0.0,0.0,72.03883495145631,0.0,0.0,5150000.0
18.0,6.019417475728155,0.0,0.0,72.03883495145631,0.0,0.0,5150000.0
19.0,6.019417475728155,0.0,0.0,72.03883495145631,0.0,0.0,5150000.0
20.0,6.019417475728155,0.0,0.0,72.03883495145631,0.0,0.0,5150000.0
21.0,6.019417475728155,0.0,0.0,72.03883495145631,0.0,0.0,5150000.0
22.0,6.019417475728155,0.0,0.0,72.03883495145631,0.0,0.0,5150000.0
23.0,6.019417475728155,0.0,0.0,72.03883495145631,0.0,0.0,5150000.0
24.0,6.019417475728155,0.0,0.0,72.03883495145631,0.0,0.0,5150000.0
25.0,6.019417475728155,0.7766990291262136,0.7766990291262136,72.03883495145631,0.0,0.0,5150000.0
26.0,6.019417475728155,1.5533980582524272,1.5533980582524272,72.03883495145631,0.0,0.0,5150000.0
27.0,6.019417475728155,1.5533980582524272,1.5533980582524272,72.03883495145631,0.0,0.0,5150000.0
28.0,7.3786407766990285,3.300970873786408,3.300970873786408,72.03883495145631,0.0,0.0,5150000.0
29.0,7.572815533980583,3.300970873786408,3.300970873786408,72.03883495145631,0.0,0.0,5150000.0
30.0,11.844660194174757,4.660194174757281,4.660194174757281,72.03883495145631,0.0,0.0,5150000.0
31.0,13.009708737864079,4.854368932038835,4.854368932038835,72.03883495145631,62.13592233009708,62.13592233009708,5150000.0
32.0,13.398058252427184,4.854368932038835,4.854368932038835,72.03883495145631,67.57281553398057,67.57281553398057,5150000.0
33.0,13.592233009708737,4.854368932038835,4.854368932038835,72.03883495145631,69.90291262135922,69.90291262135922,5150000.0
34.0,13.592233009708737,4.854368932038835,4.854368932038835,72.03883495145631,70.48543689320388,70.48543689320388,5150000.0
35.0,13.592233009708737,4.854368932038835,4.854368932038835,72.03883495145631,71.45631067961165,71.45631067961165,5150000.0
36.0,24.466019417475728,4.854368932038835,4.854368932038835,72.03883495145631,71.45631067961165,71.45631067961165,5150000.0
37.0,27.184466019417474,4.854368932038835,4.854368932038835,72.03883495145631,71.6504854368932,71.6504854368932,5150000.0
38.0,27.57281553398058,4.854368932038835,4.854368932038835,72.03883495145631,71.84466019417476,71.84466019417476,5150000.0
39.0,35.14563106796116,4.854368932038835,4.854368932038835,72.03883495145631,72.03883495145631,72.03883495145631,5150000.0
40.0,36.50485436893204,4.854368932038835,4.854368932038835,72.03883495145631,72.03883495145631,72.03883495145631,5150000.0
41.0,37.86407766990291,4.854368932038835,4.854368932038835,72.03883495145631,72.03883495145631,72.03883495145631,5150000.0
42.0,38.44660194174757,4.854368932038835,4.854368932038835,72.03883495145631,72.03883495145631,72.03883495145631,5150000.0
43.0,38.640776699029125,4.854368932038835,4.854368932038835,72.03883495145631,72.03883495145631,72.03883495145631,5150000.0
44.0,38.640776699029125,4.854368932038835,4.854368932038835,72.03883495145631,72.03883495145631,72.03883495145631,5150000.0
45.0,38.640776699029125,5.436893203883495,5.436893203883495,72.03883495145631,72.03883495145631,72.03883495145631,5150000.0
46.0,38.640776699029125,7.3786407766990285,7.3786407766990285,98.44660194174757,72.03883495145631,72.03883495145631,5150000.0
47.0,38.640776699029125,8.737864077669903,8.737864077669903,98.44660194174757,72.03883495145631,72.03883495145631,5150000.0
48.0,38.640776699029125,8.737864077669903,8.737864077669903,98.44660194174757,72.03883495145631,72.03883495145631,5150000.0
49.0,47.96116504854369,10.485436893203884,10.485436893203884,98.44660194174757,72.03883495145631,72.03883495145631,5150000.0
50.0,51.067961165048544,10.485436893203884,10.485436893203884,98.44660194174757,72.03883495145631,72.03883495145631,5150000.0
51.0,52.23300970873787,10.485436893203884,10.485436893203884,98.44660194174757,72.03883495145631,72.03883495145631,5150000.0
52.0,52.81553398058253,10.485436893203884,10.485436893203884,98.44660194174757,72.03883495145631,72.03883495145631,5150000.0
53.0,62.5242718446602,10.485436893203884,10.485436893203884,98.44660194174757,72.03883495145631,72.03883495145631,5150000.0
54.0,64.85436893203882,12.427184466019417,12.427184466019417,98.44660194174757,72.03883495145631,72.03883495145631,5150000.0
55.0,65.63106796116504,12.233009708737864,12.233009708737864,98.44660194174757,72.03883495145631,72.03883495145631,5150000.0
56.0,67.37864077669903,14.36893203883495,14.36893203883495,98.44660194174757,72.03883495145631,72.03883495145631,5150000.0
57.0,67.57281553398057,14.174757281553399,14.174757281553399,98.44660194174757,72.03883495145631,72.03883495145631,5139196.210000002
58.0,67.76699029126215,18.446601941747574,18.446601941747574,98.44660194174757,72.03883495145631,72.03883495145631,5127931.4999999935
59.0,67.76699029126215,18.640776699029125,18.640776699029125,98.44660194174757,72.03883495145631,72.03883495145631,5116205.870000003
60.0,67.76699029126215,24.07766990291262,17.864077669902912,98.44660194174757,72.03883495145631,54.5631067961165,5108231.770000002
61.0,74.5631067961165,24.07766990291262,17.66990291262136,98.44660194174757,72.03883495145631,54.5631067961165,5099899.559999999
62.0,75.14563106796116,25.24271844660194,18.83495145631068,98.44660194174757,72.03883495145631,54.5631067961165,5091261.680000003
63.0,78.44660194174757,25.24271844660194,19.02912621359223,98.44660194174757,72.03883495145631,54.5631067961165,5082283.629999998
64.0,78.44660194174757,28.54368932038835,21.74757281553398,98.44660194174757,72.03883495145631,54.5631067961165,5072999.909999999
65.0,78.64077669902912,28.349514563106798,21.74757281553398,98.44660194174757,72.03883495145631,54.5631067961165,5063410.519999998
66.0,78.83495145631068,31.2621359223301,23.689320388349515,98.44660194174757,72.03883495145631,54.5631067961165,5053515.460000003
67.0,79.02912621359224,31.2621359223301,23.300970873786408,98.44660194174757,72.03883495145631,54.5631067961165,5043314.729999996
68.0,79.02912621359224,30.679611650485437,23.300970873786408,98.44660194174757,72.03883495145631,54.5631067961165,5032808.330000007
69.0,79.2233009708738,31.2621359223301,23.495145631067963,98.44660194174757,72.03883495145631,54.5631067961165,5021996.259999995
70.0,88.54368932038835,31.650485436893206,23.883495145631066,98.44660194174757,72.03883495145631,54.5631067961165,5010729.479999999
71.0,88.54368932038835,33.78640776699029,26.21359223300971,99.80582524271846,72.03883495145631,54.5631067961165,4998979.470000002
72.0,90.48543689320388,34.95145631067961,27.378640776699033,99.80582524271846,98.25242718446601,94.5631067961165,4986646.870000001
73.0,90.87378640776699,38.83495145631068,29.708737864077673,100.0,98.44660194174757,96.11650485436894,4973658.7700000005
74.0,90.87378640776699,44.46601941747573,34.368932038834956,100.0,98.44660194174757,96.31067961165049,4960015.170000005
75.0,90.87378640776699,50.679611650485434,39.029126213592235,100.0,98.44660194174757,96.31067961165049,4945716.069999997
76.0,90.87378640776699,52.62135922330097,42.33009708737864,100.0,98.44660194174757,96.31067961165049,4930761.47
77.0,90.87378640776699,55.92233009708738,44.07766990291262,100.0,98.44660194174757,96.31067961165049,4915151.370000002
78.0,90.87378640776699,59.80582524271845,31.06796116504854,100.0,98.44660194174757,79.41747572815534,4906704.620000003
79.0,90.87378640776699,62.912621359223294,35.33980582524272,100.0,98.44660194174757,79.6116504854369,4897875.610000002
80.0,92.62135922330097,65.24271844660194,39.029126213592235,100.0,98.44660194174757,79.6116504854369,4888614.199999997
81.0,93.20388349514563,69.70873786407768,45.43689320388349,100.0,98.44660194174757,79.6116504854369,4878954.200000003
82.0,93.20388349514563,71.6504854368932,49.12621359223301,100.0,98.44660194174757,79.6116504854369,4868222.860000003
83.0,93.20388349514563,73.7864077669903,51.84466019417475,100.0,98.44660194174757,79.6116504854369,4856420.179999999
84.0,93.20388349514563,77.28155339805825,25.631067961165048,100.0,98.44660194174757,0.0,4852534.580000005
85.0,93.20388349514563,76.69902912621359,25.04854368932039,100.0,98.44660194174757,0.0,4847909.180000005
86.0,93.20388349514563,78.83495145631068,30.097087378640776,100.0,99.80582524271846,38.05825242718446,4842543.980000001
87.0,93.20388349514563,81.74757281553397,40.58252427184466,100.0,99.80582524271846,43.689320388349515,4836438.979999999
88.0,93.20388349514563,85.43689320388349,47.96116504854369,100.0,100.0,63.30097087378641,4829594.179999999
89.0,93.20388349514563,86.60194174757282,51.45631067961165,100.0,100.0,66.01941747572816,4822009.580000006
90.0,93.20388349514563,87.18446601941747,54.36893203883495,100.0,100.0,67.18446601941747,4813685.180000006
91.0,93.20388349514563,87.57281553398059,54.36893203883495,100.0,100.0,68.15533980582525,4804620.98
92.0,93.20388349514563,87.76699029126213,53.20388349514563,100.0,100.0,68.73786407766991,4794816.979999998
93.0,93.20388349514563,87.96116504854369,57.4757281553398,100.0,100.0,68.73786407766991,4784273.179999998
94.0,93.20388349514563,89.32038834951457,60.19417475728155,100.0,100.0,98.25242718446601,4772989.580000005
95.0,93.20388349514563,89.126213592233,59.22330097087378,100.0,100.0,98.44660194174757,4760966.180000005
96.0,93.20388349514563,89.51456310679612,63.49514563106796,100.0,100.0,98.44660194174757,4748202.980000006
97.0,93.20388349514563,89.90291262135922,63.10679611650486,100.0,100.0,98.44660194174757,4734699.979999998
98.0,93.20388349514563,83.68932038834951,65.0485436893204,100.0,100.0,98.44660194174757,4720457.1800000025
99.0,93.20388349514563,84.66019417475728,65.63106796116504,100.0,100.0,98.44660194174757,4705474.5800000075
100.0,93.20388349514563,83.49514563106796,65.63106796116504,100.0,100.0,98.44660194174757,4689752.180000006
101.0,93.20388349514563,84.07766990291262,65.4368932038835,100.0,100.0,98.44660194174757,4673289.980000002
102.0,95.92233009708738,83.68932038834951,65.4368932038835,100.0,100.0,98.44660194174757,4655906.505000001
103.0,96.50485436893203,85.24271844660194,64.85436893203882,100.0,100.0,98.44660194174757,4637727.268000004
104.0,96.50485436893203,65.4368932038835,65.4368932038835,100.0,100.0,98.44660194174757,4618808.231000007
105.0,97.47572815533981,64.46601941747574,64.46601941747574,100.0,100.0,98.44660194174757,4595586.475000003
106.0,97.66990291262137,64.66019417475728,64.66019417475728,100.0,100.0,98.44660194174757,4568150.612
107.0,97.66990291262137,65.4368932038835,65.4368932038835,100.0,100.0,98.44660194174757,4536528.667
108.0,97.66990291262137,64.07766990291263,64.07766990291263,100.0,100.0,98.44660194174757,4500720.640000002
109.0,97.86407766990291,65.4368932038835,65.4368932038835,100.0,100.0,98.44660194174757,4460726.531
110.0,97.86407766990291,65.0485436893204,65.0485436893204,100.0,100.0,98.44660194174757,4416546.34
111.0,97.86407766990291,65.0485436893204,65.0485436893204,100.0,100.0,98.44660194174757,4368180.067000004
112.0,97.86407766990291,65.0485436893204,65.0485436893204,100.0,100.0,98.44660194174757,4315627.712000002
113.0,97.86407766990291,64.07766990291263,64.07766990291263,100.0,100.0,98.44660194174757,4258889.274999999
114.0,98.44660194174757,64.27184466019418,64.27184466019418,100.0,100.0,98.44660194174757,4197887.047000002
115.0,98.44660194174757,69.51456310679612,69.51456310679612,100.0,100.0,98.44660194174757,4132698.736999998
116.0,98.44660194174757,75.33980582524272,75.33980582524272,100.0,100.0,98.44660194174757,4063324.345000001
117.0,98.44660194174757,75.33980582524272,75.33980582524272,100.0,100.0,98.44660194174757,3993949.9530000016
118.0,98.44660194174757,75.33980582524272,75.33980582524272,100.0,100.0,98.44660194174757,3924575.561
119.0,98.44660194174757,75.33980582524272,75.33980582524272,100.0,100.0,98.44660194174757,3855201.1689999984
120.0,98.44660194174757,75.33980582524272,75.33980582524272,100.0,100.0,98.44660194174757,3785826.7770000002
121.0,98.44660194174757,75.33980582524272,75.33980582524272,100.0,100.0,98.44660194174757,3716452.3849999947
122.0,98.44660194174757,75.33980582524272,75.33980582524272,100.0,100.0,98.44660194174757,3647077.993000001
123.0,98.44660194174757,75.33980582524272,75.33980582524272,100.0,100.0,98.44660194174757,3577703.6010000007
124.0,98.44660194174757,75.33980582524272,75.33980582524272,100.0,100.0,98.44660194174757,3508329.2090000007
125.0,98.44660194174757,75.33980582524272,75.33980582524272,100.0,100.0,98.44660194174757,3438954.8170000045
126.0,98.44660194174757,75.33980582524272,75.33980582524272,100.0,100.0,98.44660194174757,3369580.4250000035
127.0,98.44660194174757,75.33980582524272,75.33980582524272,100.0,100.0,98.44660194174757,3300206.0330000008
128.0,98.44660194174757,75.33980582524272,75.33980582524272,100.0,100.0,98.44660194174757,3230831.6409999984
129.0,98.44660194174757,75.33980582524272,75.33980582524272,100.0,100.0,98.44660194174757,3161457.249000003
130.0,98.44660194174757,75.33980582524272,75.33980582524272,100.0,100.0,98.44660194174757,3092082.857000002
131.0,98.44660194174757,75.33980582524272,75.33980582524272,100.0,100.0,98.44660194174757,3022708.4650000003
132.0,98.44660194174757,75.33980582524272,75.33980582524272,100.0,100.0,98.44660194174757,2953334.0730000013
133.0,98.44357976653697,75.29182879377431,75.29182879377431,100.0,100.0,98.44357976653697,2884066.0789999994
134.0,98.44054580896686,75.24366471734892,75.24366471734892,100.0,100.0,98.44054580896686,2815044.7489999984
135.0,98.44054580896686,75.24366471734892,75.24366471734892,100.0,100.0,98.44054580896686,2746226.5569999996
136.0,98.44054580896686,75.24366471734892,75.24366471734892,100.0,100.0,98.44054580896686,2677408.365000003
137.0,98.4375,75.1953125,75.1953125,100.0,100.0,98.4375,2608643.6550000017
138.0,98.4375,75.1953125,75.1953125,100.0,100.0,98.4375,2540108.8340000007
139.0,98.4375,75.1953125,75.1953125,100.0,100.0,98.4375,2471574.0130000017
140.0,98.43444227005871,75.34246575342466,75.34246575342466,100.0,100.0,98.43444227005871,2403190.719999999
141.0,98.43444227005871,75.34246575342466,75.34246575342466,100.0,100.0,98.43444227005871,2334890.8950000023
142.0,98.4251968503937,75.19685039370079,75.19685039370079,100.0,100.0,98.4251968503937,2267027.62
143.0,98.40954274353876,75.14910536779324,75.14910536779324,100.0,100.0,98.40954274353876,2200037.5950000025
144.0,98.4,75.0,75.0,100.0,100.0,98.4,2133970.8140000016
145.0,98.39034205231388,75.0503018108652,75.0503018108652,100.0,100.0,98.39034205231388,2068367.6620000014
146.0,98.38383838383838,74.94949494949495,74.94949494949495,100.0,100.0,98.38383838383838,2003510.6780000026
147.0,98.37067209775967,74.949083503055,74.949083503055,100.0,100.0,98.37067209775967,1939107.4289999988
148.0,98.36065573770492,74.79508196721312,74.79508196721312,100.0,100.0,98.36065573770492,1875400.6439999994
149.0,98.35390946502058,74.69135802469135,74.69135802469135,100.0,100.0,98.35390946502058,1812421.0080000015
150.0,98.34368530020704,74.53416149068323,74.53416149068323,100.0,100.0,98.34368530020704,1749927.7730000021
151.0,98.32285115303984,74.63312368972747,74.63312368972747,100.0,100.0,98.32285115303984,1688468.7769999995
152.0,98.30508474576271,74.57627118644068,74.57627118644068,100.0,100.0,98.30508474576271,1628126.4860000017
153.0,98.28326180257511,74.2489270386266,74.2489270386266,100.0,100.0,98.28326180257511,1568900.5850000028
154.0,98.26839826839827,74.45887445887446,74.45887445887446,100.0,100.0,98.26839826839827,1510305.118000001
155.0,98.23399558498896,74.39293598233996,74.39293598233996,100.0,100.0,98.23399558498896,1453073.2360000007
156.0,98.2102908277405,74.27293064876957,74.27293064876957,100.0,100.0,98.2102908277405,1397309.6990000007
157.0,98.17351598173516,74.42922374429224,74.42922374429224,100.0,100.0,98.17351598173516,1342621.9230000013
158.0,98.14814814814815,74.07407407407408,74.07407407407408,100.0,100.0,98.14814814814815,1289237.240000001
159.0,98.12206572769952,73.94366197183099,73.94366197183099,100.0,100.0,98.12206572769952,1236805.4280000005
160.0,98.09523809523809,73.57142857142858,73.57142857142858,100.0,100.0,98.09523809523809,1185315.1310000017
161.0,98.04878048780488,74.14634146341463,74.14634146341463,100.0,100.0,98.04878048780488,1135066.1640000006
162.0,98.25,73.75,73.75,100.0,100.0,98.0,1086789.436000001
163.0,98.2051282051282,73.33333333333333,73.33333333333333,100.0,100.0,97.94871794871794,1040218.6920000006
164.0,98.42931937172776,73.29842931937172,73.29842931937172,100.0,100.0,97.90575916230367,995070.6960000009
165.0,98.38274932614556,73.04582210242587,73.04582210242587,100.0,100.0,97.84366576819407,951325.8780000019
166.0,98.34254143646409,72.92817679558011,72.92817679558011,100.0,100.0,97.79005524861878,909019.8580000019
