"run","tick","BefallGR","BefallGRsicht","BefallGRertrag"
1,1.0,3.8834951456310676,0.0,0.0
1,2.0,4.077669902912621,0.0,0.0
1,3.0,4.660194174757281,0.0,0.0
1,4.0,4.854368932038835,0.0,0.0
1,5.0,4.854368932038835,0.0,0.0
1,6.0,4.854368932038835,0.0,0.0
1,7.0,4.854368932038835,0.0,0.0
1,8.0,4.854368932038835,0.0,0.0
1,9.0,4.854368932038835,0.0,0.0
1,10.0,4.854368932038835,0.0,0.0
1,11.0,4.854368932038835,0.0,0.0
1,12.0,4.854368932038835,0.0,0.0
1,13.0,4.854368932038835,0.0,0.0
1,14.0,4.854368932038835,0.0,0.0
1,15.0,4.854368932038835,0.0,0.0
1,16.0,4.854368932038835,0.0,0.0
1,17.0,4.854368932038835,0.0,0.0
1,18.0,4.854368932038835,0.0,0.0
1,19.0,4.854368932038835,0.0,0.0
1,20.0,4.854368932038835,0.0,0.0
1,21.0,4.854368932038835,0.0,0.0
1,22.0,4.854368932038835,0.0,0.0
1,23.0,4.854368932038835,0.0,0.0
1,24.0,4.854368932038835,0.0,0.0
1,25.0,4.854368932038835,1.3592233009708738,1.3592233009708738
1,26.0,4.854368932038835,2.3300970873786406,2.3300970873786406
1,27.0,4.854368932038835,2.3300970873786406,2.3300970873786406
1,28.0,7.184466019417475,2.912621359223301,2.912621359223301
1,29.0,7.572815533980583,3.1067961165048543,3.1067961165048543
1,30.0,12.62135922330097,4.077669902912621,4.077669902912621
1,31.0,13.980582524271846,4.077669902912621,4.077669902912621
1,32.0,14.563106796116504,4.077669902912621,4.077669902912621
1,33.0,15.145631067961165,4.077669902912621,4.077669902912621
1,34.0,15.145631067961165,4.077669902912621,4.077669902912621
1,35.0,15.145631067961165,4.077669902912621,4.077669902912621
1,36.0,24.271844660194176,4.077669902912621,4.077669902912621
1,37.0,25.436893203883493,3.8834951456310676,3.8834951456310676
1,38.0,26.019417475728158,3.8834951456310676,3.8834951456310676
1,39.0,33.78640776699029,4.077669902912621,4.077669902912621
1,40.0,35.53398058252427,4.077669902912621,4.077669902912621
1,41.0,36.699029126213595,4.077669902912621,4.077669902912621
1,42.0,37.28155339805825,3.8834951456310676,3.8834951456310676
1,43.0,37.28155339805825,4.077669902912621,4.077669902912621
1,44.0,37.28155339805825,4.077669902912621,4.077669902912621
1,45.0,37.28155339805825,5.436893203883495,5.436893203883495
1,46.0,37.28155339805825,8.932038834951456,8.932038834951456
1,47.0,37.28155339805825,10.679611650485436,10.679611650485436
1,48.0,37.28155339805825,10.679611650485436,10.679611650485436
1,49.0,50.873786407766985,11.262135922330096,11.262135922330096
1,50.0,57.28155339805825,11.45631067961165,11.45631067961165
1,51.0,58.44660194174758,11.262135922330096,11.262135922330096
1,52.0,59.02912621359223,11.262135922330096,11.262135922330096
1,53.0,69.12621359223301,11.262135922330096,11.262135922330096
1,54.0,71.26213592233009,14.757281553398057,14.757281553398057
1,55.0,72.81553398058253,14.951456310679612,14.951456310679612
1,56.0,76.50485436893204,17.0873786407767,17.0873786407767
1,57.0,76.50485436893204,16.699029126213592,16.699029126213592
1,58.0,76.69902912621359,18.446601941747574,18.446601941747574
1,59.0,76.69902912621359,18.25242718446602,18.25242718446602
1,60.0,76.69902912621359,22.718446601941746,15.339805825242719
1,61.0,82.52427184466019,23.106796116504853,15.728155339805824
1,62.0,82.91262135922331,25.04854368932039,17.0873786407767
1,63.0,85.8252427184466,24.854368932038835,16.893203883495143
1,64.0,86.2135922330097,26.019417475728158,17.66990291262136
1,65.0,86.2135922330097,26.21359223300971,17.66990291262136
1,66.0,86.2135922330097,27.184466019417474,19.41747572815534
1,67.0,86.2135922330097,27.57281553398058,19.41747572815534
1,68.0,86.2135922330097,27.57281553398058,19.41747572815534
1,69.0,86.40776699029125,27.96116504854369,19.80582524271845
1,70.0,87.96116504854369,27.378640776699033,19.41747572815534
1,71.0,87.96116504854369,36.116504854368934,26.019417475728158
1,72.0,88.7378640776699,39.6116504854369,27.57281553398058
1,73.0,88.7378640776699,44.07766990291262,31.2621359223301
1,74.0,88.7378640776699,55.92233009708738,40.97087378640777
1,75.0,88.7378640776699,60.0,45.43689320388349
1,76.0,88.7378640776699,64.66019417475728,49.70873786407767
1,77.0,88.7378640776699,65.24271844660194,50.48543689320388
1,78.0,88.7378640776699,66.99029126213593,31.2621359223301
1,79.0,88.7378640776699,72.81553398058253,40.3883495145631
1,80.0,91.84466019417475,78.83495145631068,49.90291262135923
1,81.0,93.98058252427185,80.0,53.980582524271846
1,82.0,93.98058252427185,80.97087378640776,56.50485436893204
1,83.0,93.98058252427185,81.55339805825243,57.0873786407767
1,84.0,93.98058252427185,82.13592233009709,22.9126213592233
1,85.0,93.98058252427185,79.6116504854369,22.52427184466019
1,86.0,93.98058252427185,82.71844660194175,24.07766990291262
1,87.0,93.98058252427185,76.31067961165049,25.436893203883493
1,88.0,93.98058252427185,75.72815533980582,25.631067961165048
1,89.0,93.98058252427185,74.9514563106796,26.019417475728158
1,90.0,93.98058252427185,76.69902912621359,26.990291262135923
1,91.0,93.98058252427185,76.11650485436893,26.990291262135923
1,92.0,93.98058252427185,75.53398058252428,26.601941747572816
1,93.0,93.98058252427185,80.58252427184466,36.310679611650485
1,94.0,93.98058252427185,84.85436893203884,44.07766990291262
1,95.0,93.98058252427185,85.04854368932038,44.85436893203884
1,96.0,93.98058252427185,87.37864077669903,46.213592233009706
1,97.0,93.98058252427185,86.2135922330097,46.019417475728154
1,98.0,93.98058252427185,78.25242718446603,46.990291262135926
1,99.0,93.98058252427185,78.64077669902912,49.320388349514566
1,100.0,93.98058252427185,77.47572815533981,49.12621359223301
1,101.0,93.98058252427185,77.28155339805825,48.54368932038835
1,102.0,95.92233009708738,78.05825242718447,48.932038834951456
1,103.0,96.69902912621359,77.47572815533981,48.349514563106794
1,104.0,96.89320388349515,48.54368932038835,48.54368932038835
1,105.0,97.47572815533981,48.932038834951456,48.932038834951456
1,106.0,97.66990291262137,48.932038834951456,48.932038834951456
1,107.0,97.66990291262137,49.320388349514566,49.320388349514566
1,108.0,97.66990291262137,48.349514563106794,48.349514563106794
1,109.0,97.66990291262137,48.737864077669904,48.737864077669904
1,110.0,97.66990291262137,49.90291262135923,49.90291262135923
1,111.0,97.66990291262137,48.932038834951456,48.932038834951456
1,112.0,97.66990291262137,48.349514563106794,48.349514563106794
1,113.0,97.66990291262137,48.932038834951456,48.932038834951456
1,114.0,97.86407766990291,49.12621359223301,49.12621359223301
1,115.0,97.86407766990291,62.5242718446602,62.5242718446602
1,116.0,97.86407766990291,68.54368932038835,68.54368932038835
1,117.0,97.86407766990291,68.54368932038835,68.54368932038835
1,118.0,97.86407766990291,68.54368932038835,68.54368932038835
1,119.0,97.86407766990291,68.54368932038835,68.54368932038835
1,120.0,97.86407766990291,68.54368932038835,68.54368932038835
1,121.0,97.86407766990291,68.54368932038835,68.54368932038835
1,122.0,97.86407766990291,68.54368932038835,68.54368932038835
1,123.0,97.86407766990291,68.54368932038835,68.54368932038835
1,124.0,97.86407766990291,68.54368932038835,68.54368932038835
1,125.0,97.86407766990291,68.54368932038835,68.54368932038835
1,126.0,97.86407766990291,68.54368932038835,68.54368932038835
1,127.0,97.86407766990291,68.54368932038835,68.54368932038835
1,128.0,97.86407766990291,68.54368932038835,68.54368932038835
1,129.0,97.86407766990291,68.54368932038835,68.54368932038835
1,130.0,97.86407766990291,68.54368932038835,68.54368932038835
1,131.0,97.86407766990291,68.54368932038835,68.54368932038835
1,132.0,97.86407766990291,68.54368932038835,68.54368932038835
1,133.0,97.86407766990291,68.54368932038835,68.54368932038835
1,134.0,97.86407766990291,68.54368932038835,68.54368932038835
1,135.0,97.86407766990291,68.54368932038835,68.54368932038835
1,136.0,97.86407766990291,68.54368932038835,68.54368932038835
1,137.0,97.86407766990291,68.54368932038835,68.54368932038835
1,138.0,97.86407766990291,68.54368932038835,68.54368932038835
1,139.0,97.86407766990291,68.54368932038835,68.54368932038835
1,140.0,97.86407766990291,68.54368932038835,68.54368932038835
1,141.0,97.86407766990291,68.54368932038835,68.54368932038835
1,142.0,97.86407766990291,68.54368932038835,68.54368932038835
1,143.0,97.86407766990291,68.54368932038835,68.54368932038835
1,144.0,97.86407766990291,68.54368932038835,68.54368932038835
1,145.0,97.86407766990291,68.54368932038835,68.54368932038835
1,146.0,97.86407766990291,68.54368932038835,68.54368932038835
1,147.0,97.86407766990291,68.54368932038835,68.54368932038835
1,148.0,97.86407766990291,68.54368932038835,68.54368932038835
1,149.0,97.86407766990291,68.54368932038835,68.54368932038835
1,150.0,97.86407766990291,68.54368932038835,68.54368932038835
1,151.0,97.86407766990291,68.54368932038835,68.54368932038835
1,152.0,97.86407766990291,68.54368932038835,68.54368932038835
1,153.0,97.86407766990291,68.54368932038835,68.54368932038835
1,154.0,97.86407766990291,68.54368932038835,68.54368932038835
1,155.0,97.86407766990291,68.54368932038835,68.54368932038835
1,156.0,97.86407766990291,68.54368932038835,68.54368932038835
1,157.0,97.86407766990291,68.54368932038835,68.54368932038835
1,158.0,97.86407766990291,68.54368932038835,68.54368932038835
1,159.0,97.86407766990291,68.54368932038835,68.54368932038835
1,160.0,97.86407766990291,68.54368932038835,68.54368932038835
1,161.0,97.86407766990291,68.54368932038835,68.54368932038835
1,162.0,97.86407766990291,68.54368932038835,68.54368932038835
1,163.0,97.86407766990291,68.54368932038835,68.54368932038835
1,164.0,97.86407766990291,68.54368932038835,68.54368932038835
1,165.0,97.86407766990291,68.54368932038835,68.54368932038835
1,166.0,97.86407766990291,68.54368932038835,68.54368932038835
2,1.0,2.524271844660194,0.0,0.0
2,2.0,3.1067961165048543,0.0,0.0
2,3.0,3.4951456310679614,0.0,0.0
2,4.0,3.6893203883495143,0.0,0.0
2,5.0,3.6893203883495143,0.0,0.0
2,6.0,3.6893203883495143,0.0,0.0
2,7.0,3.8834951456310676,0.0,0.0
2,8.0,3.8834951456310676,0.0,0.0
2,9.0,3.8834951456310676,0.0,0.0
2,10.0,3.8834951456310676,0.0,0.0
2,11.0,3.8834951456310676,0.0,0.0
2,12.0,3.8834951456310676,0.0,0.0
2,13.0,3.8834951456310676,0.0,0.0
2,14.0,3.8834951456310676,0.0,0.0
2,15.0,3.8834951456310676,0.0,0.0
2,16.0,3.8834951456310676,0.0,0.0
2,17.0,3.8834951456310676,0.0,0.0
2,18.0,3.8834951456310676,0.0,0.0
2,19.0,3.8834951456310676,0.0,0.0
2,20.0,3.8834951456310676,0.0,0.0
2,21.0,3.8834951456310676,0.0,0.0
2,22.0,3.8834951456310676,0.0,0.0
2,23.0,3.8834951456310676,0.0,0.0
2,24.0,3.8834951456310676,0.0,0.0
2,25.0,3.8834951456310676,0.7766990291262136,0.7766990291262136
2,26.0,3.8834951456310676,1.1650485436893203,1.1650485436893203
2,27.0,3.8834951456310676,1.1650485436893203,1.1650485436893203
2,28.0,5.048543689320388,1.9417475728155338,1.9417475728155338
2,29.0,5.048543689320388,2.1359223300970873,2.1359223300970873
2,30.0,7.572815533980583,2.7184466019417477,2.7184466019417477
2,31.0,8.54368932038835,2.7184466019417477,2.7184466019417477
2,32.0,8.737864077669903,2.7184466019417477,2.7184466019417477
2,33.0,8.737864077669903,2.7184466019417477,2.7184466019417477
2,34.0,8.737864077669903,2.7184466019417477,2.7184466019417477
2,35.0,8.932038834951456,2.7184466019417477,2.7184466019417477
2,36.0,15.53398058252427,2.7184466019417477,2.7184466019417477
2,37.0,16.699029126213592,2.7184466019417477,2.7184466019417477
2,38.0,17.66990291262136,2.7184466019417477,2.7184466019417477
2,39.0,23.883495145631066,2.7184466019417477,2.7184466019417477
2,40.0,25.24271844660194,2.7184466019417477,2.7184466019417477
2,41.0,25.8252427184466,2.7184466019417477,2.7184466019417477
2,42.0,26.407766990291265,2.7184466019417477,2.7184466019417477
2,43.0,26.601941747572816,2.7184466019417477,2.7184466019417477
2,44.0,26.601941747572816,2.7184466019417477,2.7184466019417477
2,45.0,26.796116504854368,3.4951456310679614,3.4951456310679614
2,46.0,26.796116504854368,5.242718446601942,5.242718446601942
2,47.0,26.796116504854368,6.019417475728155,6.019417475728155
2,48.0,26.796116504854368,6.019417475728155,6.019417475728155
2,49.0,35.728155339805824,6.601941747572816,6.601941747572816
2,50.0,40.3883495145631,6.601941747572816,6.601941747572816
2,51.0,41.74757281553398,6.601941747572816,6.601941747572816
2,52.0,42.33009708737864,6.601941747572816,6.601941747572816
2,53.0,51.84466019417475,6.601941747572816,6.601941747572816
2,54.0,55.533980582524265,8.737864077669903,8.737864077669903
2,55.0,56.89320388349515,8.54368932038835,8.54368932038835
2,56.0,60.19417475728155,9.70873786407767,9.70873786407767
2,57.0,60.58252427184466,9.70873786407767,9.70873786407767
2,58.0,60.77669902912621,12.233009708737864,12.233009708737864
2,59.0,61.165048543689316,12.03883495145631,12.03883495145631
2,60.0,61.165048543689316,15.145631067961165,9.70873786407767
2,61.0,68.54368932038835,14.951456310679612,9.320388349514563
2,62.0,69.51456310679612,16.50485436893204,10.485436893203884
2,63.0,73.00970873786407,16.50485436893204,10.485436893203884
2,64.0,73.00970873786407,19.02912621359223,11.844660194174757
2,65.0,73.00970873786407,19.02912621359223,11.844660194174757
2,66.0,73.39805825242719,19.41747572815534,12.03883495145631
2,67.0,73.39805825242719,19.41747572815534,12.03883495145631
2,68.0,73.39805825242719,19.80582524271845,12.427184466019417
2,69.0,73.39805825242719,19.223300970873787,12.03883495145631
2,70.0,82.33009708737865,19.223300970873787,12.03883495145631
2,71.0,82.91262135922331,25.24271844660194,15.922330097087379
2,72.0,87.57281553398059,26.601941747572816,17.281553398058254
2,73.0,88.15533980582524,29.514563106796114,19.02912621359223
2,74.0,88.15533980582524,38.25242718446602,25.8252427184466
2,75.0,88.15533980582524,41.359223300970875,28.349514563106798
2,76.0,88.3495145631068,44.271844660194176,31.456310679611647
2,77.0,88.54368932038835,48.15533980582524,33.980582524271846
2,78.0,88.54368932038835,50.29126213592233,21.16504854368932
2,79.0,88.54368932038835,54.95145631067962,26.796116504854368
2,80.0,89.70873786407768,58.05825242718446,29.708737864077673
2,81.0,90.87378640776699,62.71844660194175,35.728155339805824
2,82.0,91.06796116504854,64.27184466019418,37.28155339805825
2,83.0,91.06796116504854,64.07766990291263,37.86407766990291
2,84.0,91.06796116504854,67.37864077669903,18.058252427184467
2,85.0,91.06796116504854,67.76699029126215,17.475728155339805
2,86.0,91.06796116504854,69.90291262135922,21.16504854368932
2,87.0,91.06796116504854,70.87378640776699,30.485436893203882
2,88.0,91.06796116504854,74.1747572815534,34.56310679611651
2,89.0,91.06796116504854,76.50485436893204,36.50485436893204
2,90.0,91.2621359223301,76.89320388349515,37.86407766990291
2,91.0,91.2621359223301,77.86407766990291,37.86407766990291
2,92.0,91.2621359223301,77.66990291262135,38.25242718446602
2,93.0,91.2621359223301,78.83495145631068,42.33009708737864
2,94.0,91.2621359223301,80.7766990291262,45.24271844660194
2,95.0,91.2621359223301,80.97087378640776,45.8252427184466
2,96.0,91.2621359223301,83.68932038834951,49.12621359223301
2,97.0,91.2621359223301,83.49514563106796,49.70873786407767
2,98.0,91.2621359223301,75.92233009708738,49.320388349514566
2,99.0,91.2621359223301,75.33980582524272,50.09708737864078
2,100.0,91.2621359223301,75.53398058252428,50.48543689320388
2,101.0,91.2621359223301,75.33980582524272,50.29126213592233
2,102.0,93.98058252427185,76.31067961165049,50.09708737864078
2,103.0,94.95145631067962,75.14563106796116,49.70873786407767
2,104.0,94.95145631067962,49.90291262135923,49.90291262135923
2,105.0,96.31067961165049,49.90291262135923,49.90291262135923
2,106.0,96.50485436893203,50.09708737864078,50.09708737864078
2,107.0,96.50485436893203,49.320388349514566,49.320388349514566
2,108.0,96.50485436893203,48.932038834951456,48.932038834951456
2,109.0,96.50485436893203,49.70873786407767,49.70873786407767
2,110.0,96.50485436893203,50.873786407766985,50.873786407766985
2,111.0,96.50485436893203,49.12621359223301,49.12621359223301
2,112.0,96.50485436893203,50.29126213592233,50.29126213592233
2,113.0,96.50485436893203,49.320388349514566,49.320388349514566
2,114.0,96.89320388349515,49.90291262135923,49.90291262135923
2,115.0,96.89320388349515,58.05825242718446,58.05825242718446
2,116.0,96.89320388349515,64.66019417475728,64.66019417475728
2,117.0,96.89320388349515,64.66019417475728,64.66019417475728
2,118.0,96.89320388349515,64.66019417475728,64.66019417475728
2,119.0,96.89320388349515,64.66019417475728,64.66019417475728
2,120.0,96.89320388349515,64.66019417475728,64.66019417475728
2,121.0,96.89320388349515,64.66019417475728,64.66019417475728
2,122.0,96.89320388349515,64.66019417475728,64.66019417475728
2,123.0,96.89320388349515,64.66019417475728,64.66019417475728
2,124.0,96.89320388349515,64.66019417475728,64.66019417475728
2,125.0,96.89320388349515,64.66019417475728,64.66019417475728
2,126.0,96.89320388349515,64.66019417475728,64.66019417475728
2,127.0,96.89320388349515,64.66019417475728,64.66019417475728
2,128.0,96.89320388349515,64.66019417475728,64.66019417475728
2,129.0,96.89320388349515,64.66019417475728,64.66019417475728
2,130.0,96.89320388349515,64.66019417475728,64.66019417475728
2,131.0,96.89320388349515,64.66019417475728,64.66019417475728
2,132.0,96.89320388349515,64.66019417475728,64.66019417475728
2,133.0,96.89320388349515,64.66019417475728,64.66019417475728
2,134.0,96.89320388349515,64.66019417475728,64.66019417475728
2,135.0,96.89320388349515,64.66019417475728,64.66019417475728
2,136.0,96.89320388349515,64.66019417475728,64.66019417475728
2,137.0,96.89320388349515,64.66019417475728,64.66019417475728
2,138.0,96.89320388349515,64.66019417475728,64.66019417475728
2,139.0,96.89320388349515,64.66019417475728,64.66019417475728
2,140.0,96.89320388349515,64.66019417475728,64.66019417475728
2,141.0,96.89320388349515,64.66019417475728,64.66019417475728
2,142.0,96.89320388349515,64.66019417475728,64.66019417475728
2,143.0,96.89320388349515,64.66019417475728,64.66019417475728
2,144.0,96.89320388349515,64.66019417475728,64.66019417475728
2,145.0,96.89320388349515,64.66019417475728,64.66019417475728
2,146.0,96.89320388349515,64.66019417475728,64.66019417475728
2,147.0,96.89320388349515,64.66019417475728,64.66019417475728
2,148.0,96.89320388349515,64.66019417475728,64.66019417475728
2,149.0,96.89320388349515,64.66019417475728,64.66019417475728
2,150.0,96.89320388349515,64.66019417475728,64.66019417475728
2,151.0,96.89320388349515,64.66019417475728,64.66019417475728
2,152.0,96.89320388349515,64.66019417475728,64.66019417475728
2,153.0,96.89320388349515,64.66019417475728,64.66019417475728
2,154.0,96.89320388349515,64.66019417475728,64.66019417475728
2,155.0,96.89320388349515,64.66019417475728,64.66019417475728
2,156.0,96.89320388349515,64.66019417475728,64.66019417475728
2,157.0,96.89320388349515,64.66019417475728,64.66019417475728
2,158.0,96.89320388349515,64.66019417475728,64.66019417475728
2,159.0,96.89320388349515,64.66019417475728,64.66019417475728
2,160.0,96.89320388349515,64.66019417475728,64.66019417475728
2,161.0,96.89320388349515,64.66019417475728,64.66019417475728
2,162.0,96.89320388349515,64.66019417475728,64.66019417475728
2,163.0,96.89320388349515,64.66019417475728,64.66019417475728
2,164.0,96.89320388349515,64.66019417475728,64.66019417475728
2,165.0,96.89320388349515,64.66019417475728,64.66019417475728
2,166.0,96.89320388349515,64.66019417475728,64.66019417475728
3,1.0,4.660194174757281,0.0,0.0
3,2.0,5.048543689320388,0.0,0.0
3,3.0,5.242718446601942,0.0,0.0
3,4.0,5.242718446601942,0.0,0.0
3,5.0,5.242718446601942,0.0,0.0
3,6.0,5.436893203883495,0.0,0.0
3,7.0,5.436893203883495,0.0,0.0
3,8.0,5.631067961165048,0.0,0.0
3,9.0,5.631067961165048,0.0,0.0
3,10.0,5.631067961165048,0.0,0.0
3,11.0,5.631067961165048,0.0,0.0
3,12.0,5.631067961165048,0.0,0.0
3,13.0,5.631067961165048,0.0,0.0
3,14.0,5.631067961165048,0.0,0.0
3,15.0,5.631067961165048,0.0,0.0
3,16.0,5.631067961165048,0.0,0.0
3,17.0,5.631067961165048,0.0,0.0
3,18.0,5.631067961165048,0.0,0.0
3,19.0,5.631067961165048,0.0,0.0
3,20.0,5.631067961165048,0.0,0.0
3,21.0,5.631067961165048,0.0,0.0
3,22.0,5.631067961165048,0.0,0.0
3,23.0,5.631067961165048,0.0,0.0
3,24.0,5.631067961165048,0.0,0.0
3,25.0,5.631067961165048,1.3592233009708738,1.3592233009708738
3,26.0,5.631067961165048,1.9417475728155338,1.9417475728155338
3,27.0,5.631067961165048,1.9417475728155338,1.9417475728155338
3,28.0,6.796116504854369,2.524271844660194,2.524271844660194
3,29.0,7.184466019417475,2.7184466019417477,2.7184466019417477
3,30.0,11.067961165048544,4.854368932038835,4.854368932038835
3,31.0,12.03883495145631,4.854368932038835,4.854368932038835
3,32.0,12.03883495145631,4.854368932038835,4.854368932038835
3,33.0,12.427184466019417,4.854368932038835,4.854368932038835
3,34.0,12.62135922330097,4.854368932038835,4.854368932038835
3,35.0,12.62135922330097,4.854368932038835,4.854368932038835
3,36.0,23.883495145631066,4.660194174757281,4.660194174757281
3,37.0,26.407766990291265,4.854368932038835,4.854368932038835
3,38.0,27.766990291262132,4.660194174757281,4.660194174757281
3,39.0,37.0873786407767,4.854368932038835,4.854368932038835
3,40.0,38.83495145631068,4.660194174757281,4.660194174757281
3,41.0,39.41747572815534,4.660194174757281,4.660194174757281
3,42.0,39.6116504854369,4.854368932038835,4.854368932038835
3,43.0,39.80582524271845,4.660194174757281,4.660194174757281
3,44.0,40.19417475728155,4.854368932038835,4.854368932038835
3,45.0,40.3883495145631,5.436893203883495,5.436893203883495
3,46.0,40.3883495145631,7.961165048543689,7.961165048543689
3,47.0,40.3883495145631,9.12621359223301,9.12621359223301
3,48.0,40.3883495145631,9.12621359223301,9.12621359223301
3,49.0,53.786407766990294,9.70873786407767,9.70873786407767
3,50.0,58.83495145631068,9.70873786407767,9.70873786407767
3,51.0,60.19417475728155,9.70873786407767,9.70873786407767
3,52.0,60.58252427184466,9.70873786407767,9.70873786407767
3,53.0,71.06796116504854,9.70873786407767,9.70873786407767
3,54.0,74.5631067961165,12.233009708737864,12.233009708737864
3,55.0,75.53398058252428,12.62135922330097,12.62135922330097
3,56.0,78.25242718446603,13.78640776699029,13.78640776699029
3,57.0,78.83495145631068,13.78640776699029,13.78640776699029
3,58.0,79.02912621359224,16.116504854368934,16.116504854368934
3,59.0,79.02912621359224,16.116504854368934,16.116504854368934
3,60.0,79.02912621359224,22.718446601941746,15.339805825242719
3,61.0,83.88349514563107,23.883495145631066,15.922330097087379
3,62.0,84.07766990291262,24.466019417475728,16.50485436893204
3,63.0,86.60194174757282,24.466019417475728,16.116504854368934
3,64.0,86.79611650485437,26.21359223300971,17.864077669902912
3,65.0,86.79611650485437,26.21359223300971,18.058252427184467
3,66.0,86.99029126213593,30.87378640776699,20.776699029126213
3,67.0,87.18446601941747,31.844660194174757,21.16504854368932
3,68.0,87.18446601941747,30.485436893203882,20.388349514563107
3,69.0,87.18446601941747,31.456310679611647,20.58252427184466
3,70.0,88.15533980582524,31.06796116504854,20.388349514563107
3,71.0,88.3495145631068,39.029126213592235,27.378640776699033
3,72.0,88.7378640776699,41.359223300970875,28.349514563106798
3,73.0,88.93203883495146,45.04854368932038,30.87378640776699
3,74.0,88.93203883495146,56.116504854368934,40.19417475728155
3,75.0,88.93203883495146,61.94174757281553,44.85436893203884
3,76.0,88.93203883495146,65.4368932038835,49.12621359223301
3,77.0,88.93203883495146,64.85436893203882,48.349514563106794
3,78.0,88.93203883495146,69.70873786407768,33.398058252427184
3,79.0,88.93203883495146,73.98058252427184,38.83495145631068
3,80.0,92.03883495145631,77.28155339805825,49.12621359223301
3,81.0,92.81553398058252,78.83495145631068,52.62135922330097
3,82.0,92.81553398058252,80.58252427184466,54.5631067961165
3,83.0,92.81553398058252,80.58252427184466,55.72815533980583
3,84.0,92.81553398058252,81.35922330097087,21.16504854368932
3,85.0,92.81553398058252,81.94174757281554,21.16504854368932
3,86.0,92.81553398058252,82.71844660194175,22.330097087378643
3,87.0,92.81553398058252,75.53398058252428,22.52427184466019
3,88.0,92.81553398058252,76.31067961165049,23.689320388349515
3,89.0,92.81553398058252,76.50485436893204,24.466019417475728
3,90.0,92.81553398058252,78.05825242718447,25.24271844660194
3,91.0,92.81553398058252,77.08737864077669,24.854368932038835
3,92.0,92.81553398058252,77.28155339805825,25.04854368932039
3,93.0,92.81553398058252,81.35922330097087,36.310679611650485
3,94.0,92.81553398058252,82.33009708737865,42.52427184466019
3,95.0,92.81553398058252,83.30097087378641,43.10679611650485
3,96.0,92.81553398058252,84.85436893203884,44.271844660194176
3,97.0,92.81553398058252,84.27184466019418,44.66019417475729
3,98.0,92.81553398058252,73.7864077669903,47.57281553398058
3,99.0,92.81553398058252,75.72815533980582,48.737864077669904
3,100.0,92.81553398058252,75.92233009708738,48.349514563106794
3,101.0,92.81553398058252,76.31067961165049,48.54368932038835
3,102.0,94.5631067961165,75.72815533980582,49.320388349514566
3,103.0,94.95145631067962,74.75728155339806,49.320388349514566
3,104.0,94.95145631067962,49.90291262135923,49.90291262135923
3,105.0,96.89320388349515,50.29126213592233,50.29126213592233
3,106.0,97.0873786407767,48.932038834951456,48.932038834951456
3,107.0,97.0873786407767,49.51456310679612,49.51456310679612
3,108.0,97.0873786407767,48.54368932038835,48.54368932038835
3,109.0,97.0873786407767,49.12621359223301,49.12621359223301
3,110.0,97.0873786407767,48.349514563106794,48.349514563106794
3,111.0,97.0873786407767,50.29126213592233,50.29126213592233
3,112.0,97.0873786407767,48.932038834951456,48.932038834951456
3,113.0,97.0873786407767,49.90291262135923,49.90291262135923
3,114.0,97.0873786407767,49.12621359223301,49.12621359223301
3,115.0,97.0873786407767,60.970873786407765,60.970873786407765
3,116.0,97.0873786407767,66.99029126213593,66.99029126213593
3,117.0,97.0873786407767,66.99029126213593,66.99029126213593
3,118.0,97.0873786407767,66.99029126213593,66.99029126213593
3,119.0,97.0873786407767,66.99029126213593,66.99029126213593
3,120.0,97.0873786407767,66.99029126213593,66.99029126213593
3,121.0,97.0873786407767,66.99029126213593,66.99029126213593
3,122.0,97.0873786407767,66.99029126213593,66.99029126213593
3,123.0,97.0873786407767,66.99029126213593,66.99029126213593
3,124.0,97.0873786407767,66.99029126213593,66.99029126213593
3,125.0,97.0873786407767,66.99029126213593,66.99029126213593
3,126.0,97.0873786407767,66.99029126213593,66.99029126213593
3,127.0,97.0873786407767,66.99029126213593,66.99029126213593
3,128.0,97.0873786407767,66.99029126213593,66.99029126213593
3,129.0,97.0873786407767,66.99029126213593,66.99029126213593
3,130.0,97.0873786407767,66.99029126213593,66.99029126213593
3,131.0,97.0873786407767,66.99029126213593,66.99029126213593
3,132.0,97.0873786407767,66.99029126213593,66.99029126213593
3,133.0,97.0873786407767,66.99029126213593,66.99029126213593
3,134.0,97.0873786407767,66.99029126213593,66.99029126213593
3,135.0,97.0873786407767,66.99029126213593,66.99029126213593
3,136.0,97.0873786407767,66.99029126213593,66.99029126213593
3,137.0,97.0873786407767,66.99029126213593,66.99029126213593
3,138.0,97.0873786407767,66.99029126213593,66.99029126213593
3,139.0,97.0873786407767,66.99029126213593,66.99029126213593
3,140.0,97.0873786407767,66.99029126213593,66.99029126213593
3,141.0,97.0873786407767,66.99029126213593,66.99029126213593
3,142.0,97.0873786407767,66.99029126213593,66.99029126213593
3,143.0,97.0873786407767,66.99029126213593,66.99029126213593
3,144.0,97.0873786407767,66.99029126213593,66.99029126213593
3,145.0,97.0873786407767,66.99029126213593,66.99029126213593
3,146.0,97.0873786407767,66.99029126213593,66.99029126213593
3,147.0,97.0873786407767,66.99029126213593,66.99029126213593
3,148.0,97.0873786407767,66.99029126213593,66.99029126213593
3,149.0,97.0873786407767,66.99029126213593,66.99029126213593
3,150.0,97.0873786407767,66.99029126213593,66.99029126213593
3,151.0,97.0873786407767,66.99029126213593,66.99029126213593
3,152.0,97.0873786407767,66.99029126213593,66.99029126213593
3,153.0,97.0873786407767,66.99029126213593,66.99029126213593
3,154.0,97.0873786407767,66.99029126213593,66.99029126213593
3,155.0,97.0873786407767,66.99029126213593,66.99029126213593
3,156.0,97.0873786407767,66.99029126213593,66.99029126213593
3,157.0,97.0873786407767,66.99029126213593,66.99029126213593
3,158.0,97.0873786407767,66.99029126213593,66.99029126213593
3,159.0,97.0873786407767,66.99029126213593,66.99029126213593
3,160.0,97.0873786407767,66.99029126213593,66.99029126213593
3,161.0,97.0873786407767,66.99029126213593,66.99029126213593
3,162.0,97.0873786407767,66.99029126213593,66.99029126213593
3,163.0,97.0873786407767,66.99029126213593,66.99029126213593
3,164.0,97.0873786407767,66.99029126213593,66.99029126213593
3,165.0,97.0873786407767,66.99029126213593,66.99029126213593
3,166.0,97.0873786407767,66.99029126213593,66.99029126213593
4,1.0,3.4951456310679614,0.0,0.0
4,2.0,3.8834951456310676,0.0,0.0
4,3.0,4.271844660194175,0.0,0.0
4,4.0,4.271844660194175,0.0,0.0
4,5.0,4.466019417475728,0.0,0.0
4,6.0,4.466019417475728,0.0,0.0
4,7.0,4.466019417475728,0.0,0.0
4,8.0,4.466019417475728,0.0,0.0
4,9.0,4.466019417475728,0.0,0.0
4,10.0,4.466019417475728,0.0,0.0
4,11.0,4.466019417475728,0.0,0.0
4,12.0,4.466019417475728,0.0,0.0
4,13.0,4.466019417475728,0.0,0.0
4,14.0,4.466019417475728,0.0,0.0
4,15.0,4.466019417475728,0.0,0.0
4,16.0,4.466019417475728,0.0,0.0
4,17.0,4.466019417475728,0.0,0.0
4,18.0,4.466019417475728,0.0,0.0
4,19.0,4.466019417475728,0.0,0.0
4,20.0,4.466019417475728,0.0,0.0
4,21.0,4.466019417475728,0.0,0.0
4,22.0,4.466019417475728,0.0,0.0
4,23.0,4.466019417475728,0.0,0.0
4,24.0,4.466019417475728,0.0,0.0
4,25.0,4.466019417475728,0.7766990291262136,0.7766990291262136
4,26.0,4.466019417475728,2.3300970873786406,2.3300970873786406
4,27.0,4.466019417475728,2.524271844660194,2.524271844660194
4,28.0,6.796116504854369,3.300970873786408,3.300970873786408
4,29.0,6.796116504854369,3.300970873786408,3.300970873786408
4,30.0,12.233009708737864,3.6893203883495143,3.6893203883495143
4,31.0,13.203883495145632,3.6893203883495143,3.6893203883495143
4,32.0,14.563106796116504,3.6893203883495143,3.6893203883495143
4,33.0,14.951456310679612,3.6893203883495143,3.6893203883495143
4,34.0,14.951456310679612,3.6893203883495143,3.6893203883495143
4,35.0,15.145631067961165,3.6893203883495143,3.6893203883495143
4,36.0,24.466019417475728,3.6893203883495143,3.6893203883495143
4,37.0,26.990291262135923,3.6893203883495143,3.6893203883495143
4,38.0,28.7378640776699,3.6893203883495143,3.6893203883495143
4,39.0,35.33980582524272,3.6893203883495143,3.6893203883495143
4,40.0,36.116504854368934,3.6893203883495143,3.6893203883495143
4,41.0,36.50485436893204,3.6893203883495143,3.6893203883495143
4,42.0,36.89320388349515,3.6893203883495143,3.6893203883495143
4,43.0,36.89320388349515,3.6893203883495143,3.6893203883495143
4,44.0,36.89320388349515,3.6893203883495143,3.6893203883495143
4,45.0,36.89320388349515,4.466019417475728,4.466019417475728
4,46.0,37.0873786407767,7.3786407766990285,7.3786407766990285
4,47.0,37.0873786407767,10.29126213592233,10.29126213592233
4,48.0,37.0873786407767,10.29126213592233,10.29126213592233
4,49.0,48.15533980582524,11.067961165048544,11.067961165048544
4,50.0,53.398058252427184,11.067961165048544,11.067961165048544
4,51.0,54.36893203883495,11.45631067961165,11.45631067961165
4,52.0,54.95145631067962,11.262135922330096,11.262135922330096
4,53.0,64.27184466019418,11.067961165048544,11.067961165048544
4,54.0,68.54368932038835,13.203883495145632,13.203883495145632
4,55.0,69.70873786407768,13.203883495145632,13.203883495145632
4,56.0,72.81553398058253,18.058252427184467,18.058252427184467
4,57.0,73.20388349514563,18.25242718446602,18.25242718446602
4,58.0,73.39805825242719,20.0,20.0
4,59.0,73.39805825242719,20.0,20.0
4,60.0,73.39805825242719,23.495145631067963,15.339805825242719
4,61.0,80.3883495145631,23.495145631067963,15.339805825242719
4,62.0,80.7766990291262,26.21359223300971,18.25242718446602
4,63.0,83.10679611650485,26.019417475728158,18.25242718446602
4,64.0,83.68932038834951,27.57281553398058,19.611650485436893
4,65.0,83.88349514563107,27.184466019417474,18.25242718446602
4,66.0,83.88349514563107,28.155339805825243,20.0
4,67.0,83.88349514563107,27.96116504854369,19.41747572815534
4,68.0,83.88349514563107,29.320388349514566,20.388349514563107
4,69.0,83.88349514563107,28.7378640776699,20.388349514563107
4,70.0,91.2621359223301,29.126213592233007,20.388349514563107
4,71.0,91.6504854368932,34.1747572815534,24.07766990291262
4,72.0,93.39805825242719,35.53398058252427,25.436893203883493
4,73.0,93.59223300970874,44.07766990291262,33.00970873786408
4,74.0,93.7864077669903,51.067961165048544,39.41747572815534
4,75.0,93.98058252427185,58.252427184466015,46.019417475728154
4,76.0,93.98058252427185,62.5242718446602,51.067961165048544
4,77.0,93.98058252427185,64.66019417475728,52.23300970873787
4,78.0,93.98058252427185,65.8252427184466,35.92233009708738
4,79.0,93.98058252427185,67.96116504854369,39.41747572815534
4,80.0,94.95145631067962,74.1747572815534,49.70873786407767
4,81.0,95.53398058252426,77.66990291262135,54.5631067961165
4,82.0,95.53398058252426,78.64077669902912,57.66990291262136
4,83.0,95.53398058252426,78.64077669902912,57.0873786407767
4,84.0,95.53398058252426,82.71844660194175,25.8252427184466
4,85.0,95.53398058252426,83.49514563106796,25.436893203883493
4,86.0,95.53398058252426,86.2135922330097,37.4757281553398
4,87.0,95.53398058252426,86.40776699029125,44.07766990291262
4,88.0,95.53398058252426,89.51456310679612,49.12621359223301
4,89.0,95.53398058252426,88.54368932038835,50.48543689320388
4,90.0,95.53398058252426,89.70873786407768,52.038834951456316
4,91.0,95.53398058252426,89.70873786407768,51.45631067961165
4,92.0,95.53398058252426,90.48543689320388,52.038834951456316
4,93.0,95.53398058252426,91.06796116504854,55.33980582524271
4,94.0,95.53398058252426,90.87378640776699,60.19417475728155
4,95.0,95.53398058252426,91.45631067961165,59.80582524271845
4,96.0,95.53398058252426,92.03883495145631,60.77669902912621
4,97.0,95.53398058252426,91.84466019417475,61.55339805825243
4,98.0,95.53398058252426,85.63106796116506,62.71844660194175
4,99.0,95.53398058252426,86.40776699029125,61.94174757281553
4,100.0,95.53398058252426,85.63106796116506,62.71844660194175
4,101.0,95.53398058252426,87.18446601941747,61.94174757281553
4,102.0,97.28155339805825,86.79611650485437,62.912621359223294
4,103.0,97.47572815533981,86.99029126213593,62.71844660194175
4,104.0,97.47572815533981,62.912621359223294,62.912621359223294
4,105.0,98.25242718446601,63.49514563106796,63.49514563106796
4,106.0,98.44660194174757,63.689320388349515,63.689320388349515
4,107.0,98.44660194174757,63.10679611650486,63.10679611650486
4,108.0,98.44660194174757,62.13592233009708,62.13592233009708
4,109.0,98.44660194174757,64.07766990291263,64.07766990291263
4,110.0,98.44660194174757,61.94174757281553,61.94174757281553
4,111.0,98.44660194174757,62.71844660194175,62.71844660194175
4,112.0,98.44660194174757,62.5242718446602,62.5242718446602
4,113.0,98.44660194174757,62.5242718446602,62.5242718446602
4,114.0,98.44660194174757,62.5242718446602,62.5242718446602
4,115.0,98.44660194174757,70.87378640776699,70.87378640776699
4,116.0,98.44660194174757,79.02912621359224,79.02912621359224
4,117.0,98.44660194174757,79.02912621359224,79.02912621359224
4,118.0,98.44660194174757,79.02912621359224,79.02912621359224
4,119.0,98.44660194174757,79.02912621359224,79.02912621359224
4,120.0,98.44660194174757,79.02912621359224,79.02912621359224
4,121.0,98.44660194174757,79.02912621359224,79.02912621359224
4,122.0,98.44660194174757,79.02912621359224,79.02912621359224
4,123.0,98.44660194174757,79.02912621359224,79.02912621359224
4,124.0,98.44660194174757,79.02912621359224,79.02912621359224
4,125.0,98.44660194174757,79.02912621359224,79.02912621359224
4,126.0,98.44660194174757,79.02912621359224,79.02912621359224
4,127.0,98.44660194174757,79.02912621359224,79.02912621359224
4,128.0,98.44660194174757,79.02912621359224,79.02912621359224
4,129.0,98.44660194174757,79.02912621359224,79.02912621359224
4,130.0,98.44660194174757,79.02912621359224,79.02912621359224
4,131.0,98.44660194174757,79.02912621359224,79.02912621359224
4,132.0,98.44660194174757,79.02912621359224,79.02912621359224
4,133.0,98.44660194174757,79.02912621359224,79.02912621359224
4,134.0,98.44660194174757,79.02912621359224,79.02912621359224
4,135.0,98.44660194174757,79.02912621359224,79.02912621359224
4,136.0,98.44660194174757,79.02912621359224,79.02912621359224
4,137.0,98.44660194174757,79.02912621359224,79.02912621359224
4,138.0,98.44660194174757,79.02912621359224,79.02912621359224
4,139.0,98.44660194174757,79.02912621359224,79.02912621359224
4,140.0,98.44660194174757,79.02912621359224,79.02912621359224
4,141.0,98.44660194174757,79.02912621359224,79.02912621359224
4,142.0,98.44660194174757,79.02912621359224,79.02912621359224
4,143.0,98.44660194174757,79.02912621359224,79.02912621359224
4,144.0,98.44660194174757,79.02912621359224,79.02912621359224
4,145.0,98.44660194174757,79.02912621359224,79.02912621359224
4,146.0,98.44660194174757,79.02912621359224,79.02912621359224
4,147.0,98.44660194174757,79.02912621359224,79.02912621359224
4,148.0,98.44660194174757,79.02912621359224,79.02912621359224
4,149.0,98.44660194174757,79.02912621359224,79.02912621359224
4,150.0,98.44660194174757,79.02912621359224,79.02912621359224
4,151.0,98.44660194174757,79.02912621359224,79.02912621359224
4,152.0,98.44660194174757,79.02912621359224,79.02912621359224
4,153.0,98.44660194174757,79.02912621359224,79.02912621359224
4,154.0,98.44660194174757,79.02912621359224,79.02912621359224
4,155.0,98.44660194174757,79.02912621359224,79.02912621359224
4,156.0,98.44660194174757,79.02912621359224,79.02912621359224
4,157.0,98.44660194174757,79.02912621359224,79.02912621359224
4,158.0,98.44660194174757,79.02912621359224,79.02912621359224
4,159.0,98.44660194174757,79.02912621359224,79.02912621359224
4,160.0,98.44660194174757,79.02912621359224,79.02912621359224
4,161.0,98.44660194174757,79.02912621359224,79.02912621359224
4,162.0,98.44660194174757,79.02912621359224,79.02912621359224
4,163.0,98.44660194174757,79.02912621359224,79.02912621359224
4,164.0,98.44660194174757,79.02912621359224,79.02912621359224
4,165.0,98.44660194174757,79.02912621359224,79.02912621359224
4,166.0,98.44660194174757,79.02912621359224,79.02912621359224
5,1.0,3.300970873786408,0.0,0.0
5,2.0,3.6893203883495143,0.0,0.0
5,3.0,4.660194174757281,0.0,0.0
5,4.0,4.854368932038835,0.0,0.0
5,5.0,5.048543689320388,0.0,0.0
5,6.0,5.048543689320388,0.0,0.0
5,7.0,5.048543689320388,0.0,0.0
5,8.0,5.048543689320388,0.0,0.0
5,9.0,5.048543689320388,0.0,0.0
5,10.0,5.048543689320388,0.0,0.0
5,11.0,5.048543689320388,0.0,0.0
5,12.0,5.048543689320388,0.0,0.0
5,13.0,5.048543689320388,0.0,0.0
5,14.0,5.048543689320388,0.0,0.0
5,15.0,5.048543689320388,0.0,0.0
5,16.0,5.048543689320388,0.0,0.0
5,17.0,5.048543689320388,0.0,0.0
5,18.0,5.048543689320388,0.0,0.0
5,19.0,5.048543689320388,0.0,0.0
5,20.0,5.048543689320388,0.0,0.0
5,21.0,5.048543689320388,0.0,0.0
5,22.0,5.048543689320388,0.0,0.0
5,23.0,5.048543689320388,0.0,0.0
5,24.0,5.048543689320388,0.0,0.0
5,25.0,5.048543689320388,1.3592233009708738,1.3592233009708738
5,26.0,5.048543689320388,2.3300970873786406,2.3300970873786406
5,27.0,5.048543689320388,2.3300970873786406,2.3300970873786406
5,28.0,6.990291262135923,3.1067961165048543,3.1067961165048543
5,29.0,7.572815533980583,3.300970873786408,3.300970873786408
5,30.0,12.427184466019417,3.4951456310679614,3.4951456310679614
5,31.0,13.592233009708737,3.4951456310679614,3.4951456310679614
5,32.0,13.980582524271846,3.4951456310679614,3.4951456310679614
5,33.0,14.563106796116504,3.4951456310679614,3.4951456310679614
5,34.0,14.757281553398057,3.4951456310679614,3.4951456310679614
5,35.0,14.757281553398057,3.4951456310679614,3.4951456310679614
5,36.0,21.553398058252426,3.4951456310679614,3.4951456310679614
5,37.0,23.495145631067963,3.4951456310679614,3.4951456310679614
5,38.0,24.07766990291262,3.4951456310679614,3.4951456310679614
5,39.0,30.097087378640776,3.4951456310679614,3.4951456310679614
5,40.0,31.456310679611647,3.4951456310679614,3.4951456310679614
5,41.0,31.844660194174757,3.4951456310679614,3.4951456310679614
5,42.0,32.62135922330097,3.4951456310679614,3.4951456310679614
5,43.0,32.62135922330097,3.4951456310679614,3.4951456310679614
5,44.0,32.62135922330097,3.4951456310679614,3.4951456310679614
5,45.0,32.62135922330097,4.466019417475728,4.466019417475728
5,46.0,32.62135922330097,7.961165048543689,7.961165048543689
5,47.0,32.62135922330097,9.902912621359224,9.902912621359224
5,48.0,32.62135922330097,9.320388349514563,9.320388349514563
5,49.0,45.8252427184466,10.29126213592233,10.29126213592233
5,50.0,51.067961165048544,10.29126213592233,10.29126213592233
5,51.0,52.42718446601942,10.097087378640776,10.097087378640776
5,52.0,53.20388349514563,10.485436893203884,10.485436893203884
5,53.0,62.912621359223294,10.29126213592233,10.29126213592233
5,54.0,66.60194174757281,13.592233009708737,13.592233009708737
5,55.0,67.18446601941747,13.78640776699029,13.78640776699029
5,56.0,70.67961165048544,15.339805825242719,15.339805825242719
5,57.0,71.26213592233009,15.339805825242719,15.339805825242719
5,58.0,71.26213592233009,17.864077669902912,17.864077669902912
5,59.0,71.45631067961165,17.0873786407767,17.0873786407767
5,60.0,71.45631067961165,20.97087378640777,14.951456310679612
5,61.0,79.41747572815534,20.58252427184466,14.563106796116504
5,62.0,80.0,22.330097087378643,16.116504854368934
5,63.0,84.85436893203884,22.135922330097088,15.922330097087379
5,64.0,85.04854368932038,24.466019417475728,18.058252427184467
5,65.0,85.43689320388349,24.660194174757283,18.25242718446602
5,66.0,85.43689320388349,24.271844660194176,17.281553398058254
5,67.0,85.43689320388349,24.466019417475728,17.475728155339805
5,68.0,85.43689320388349,25.436893203883493,18.058252427184467
5,69.0,85.43689320388349,25.24271844660194,18.058252427184467
5,70.0,86.01941747572816,24.854368932038835,17.66990291262136
5,71.0,86.01941747572816,33.980582524271846,24.07766990291262
5,72.0,86.79611650485437,36.699029126213595,26.21359223300971
5,73.0,86.79611650485437,41.359223300970875,29.320388349514566
5,74.0,86.99029126213593,52.42718446601942,40.0
5,75.0,86.99029126213593,55.533980582524265,43.10679611650485
5,76.0,86.99029126213593,60.19417475728155,46.990291262135926
5,77.0,86.99029126213593,60.77669902912621,49.320388349514566
5,78.0,86.99029126213593,63.30097087378641,31.650485436893206
5,79.0,86.99029126213593,68.54368932038835,40.77669902912621
5,80.0,90.09708737864077,75.14563106796116,50.29126213592233
5,81.0,90.67961165048544,78.25242718446603,55.33980582524271
5,82.0,90.67961165048544,80.7766990291262,56.310679611650485
5,83.0,90.87378640776699,80.0,56.50485436893204
5,84.0,90.87378640776699,80.19417475728156,20.58252427184466
5,85.0,90.87378640776699,80.0,20.776699029126213
5,86.0,90.87378640776699,79.6116504854369,21.16504854368932
5,87.0,90.87378640776699,74.75728155339806,22.9126213592233
5,88.0,90.87378640776699,76.69902912621359,24.271844660194176
5,89.0,90.87378640776699,76.50485436893204,24.07766990291262
5,90.0,90.87378640776699,77.08737864077669,24.660194174757283
5,91.0,90.87378640776699,76.50485436893204,25.04854368932039
5,92.0,90.87378640776699,76.31067961165049,25.04854368932039
5,93.0,90.87378640776699,80.19417475728156,33.20388349514563
5,94.0,90.87378640776699,81.35922330097087,43.49514563106796
5,95.0,90.87378640776699,81.55339805825243,43.30097087378641
5,96.0,90.87378640776699,84.66019417475728,47.18446601941748
5,97.0,90.87378640776699,83.68932038834951,46.601941747572816
5,98.0,90.87378640776699,76.50485436893204,47.76699029126213
5,99.0,90.87378640776699,75.33980582524272,47.96116504854369
5,100.0,90.87378640776699,75.14563106796116,48.15533980582524
5,101.0,90.87378640776699,75.53398058252428,47.57281553398058
5,102.0,93.39805825242719,76.50485436893204,47.76699029126213
5,103.0,94.5631067961165,75.53398058252428,47.57281553398058
5,104.0,94.95145631067962,47.18446601941748,47.18446601941748
5,105.0,96.50485436893203,47.57281553398058,47.57281553398058
5,106.0,96.89320388349515,48.15533980582524,48.15533980582524
5,107.0,96.89320388349515,47.76699029126213,47.76699029126213
5,108.0,96.89320388349515,46.990291262135926,46.990291262135926
5,109.0,96.89320388349515,48.15533980582524,48.15533980582524
5,110.0,96.89320388349515,48.932038834951456,48.932038834951456
5,111.0,96.89320388349515,47.57281553398058,47.57281553398058
5,112.0,96.89320388349515,47.76699029126213,47.76699029126213
5,113.0,96.89320388349515,47.37864077669903,47.37864077669903
5,114.0,96.89320388349515,48.349514563106794,48.349514563106794
5,115.0,96.89320388349515,58.44660194174758,58.44660194174758
5,116.0,96.89320388349515,69.12621359223301,69.12621359223301
5,117.0,96.89320388349515,69.12621359223301,69.12621359223301
5,118.0,96.89320388349515,69.12621359223301,69.12621359223301
5,119.0,96.89320388349515,69.12621359223301,69.12621359223301
5,120.0,96.89320388349515,69.12621359223301,69.12621359223301
5,121.0,96.89320388349515,69.12621359223301,69.12621359223301
5,122.0,96.89320388349515,69.12621359223301,69.12621359223301
5,123.0,96.89320388349515,69.12621359223301,69.12621359223301
5,124.0,96.89320388349515,69.12621359223301,69.12621359223301
5,125.0,96.89320388349515,69.12621359223301,69.12621359223301
5,126.0,96.89320388349515,69.12621359223301,69.12621359223301
5,127.0,96.89320388349515,69.12621359223301,69.12621359223301
5,128.0,96.89320388349515,69.12621359223301,69.12621359223301
5,129.0,96.89320388349515,69.12621359223301,69.12621359223301
5,130.0,96.89320388349515,69.12621359223301,69.12621359223301
5,131.0,96.89320388349515,69.12621359223301,69.12621359223301
5,132.0,96.89320388349515,69.12621359223301,69.12621359223301
5,133.0,96.89320388349515,69.12621359223301,69.12621359223301
5,134.0,96.89320388349515,69.12621359223301,69.12621359223301
5,135.0,96.89320388349515,69.12621359223301,69.12621359223301
5,136.0,96.89320388349515,69.12621359223301,69.12621359223301
5,137.0,96.89320388349515,69.12621359223301,69.12621359223301
5,138.0,96.89320388349515,69.12621359223301,69.12621359223301
5,139.0,96.89320388349515,69.12621359223301,69.12621359223301
5,140.0,96.89320388349515,69.12621359223301,69.12621359223301
5,141.0,96.89320388349515,69.12621359223301,69.12621359223301
5,142.0,96.89320388349515,69.12621359223301,69.12621359223301
5,143.0,96.89320388349515,69.12621359223301,69.12621359223301
5,144.0,96.89320388349515,69.12621359223301,69.12621359223301
5,145.0,96.89320388349515,69.12621359223301,69.12621359223301
5,146.0,96.89320388349515,69.12621359223301,69.12621359223301
5,147.0,96.89320388349515,69.12621359223301,69.12621359223301
5,148.0,96.89320388349515,69.12621359223301,69.12621359223301
5,149.0,96.89320388349515,69.12621359223301,69.12621359223301
5,150.0,96.89320388349515,69.12621359223301,69.12621359223301
5,151.0,96.89320388349515,69.12621359223301,69.12621359223301
5,152.0,96.89320388349515,69.12621359223301,69.12621359223301
5,153.0,96.89320388349515,69.12621359223301,69.12621359223301
5,154.0,96.89320388349515,69.12621359223301,69.12621359223301
5,155.0,96.89320388349515,69.12621359223301,69.12621359223301
5,156.0,96.89320388349515,69.12621359223301,69.12621359223301
5,157.0,96.89320388349515,69.12621359223301,69.12621359223301
5,158.0,96.89320388349515,69.12621359223301,69.12621359223301
5,159.0,96.89320388349515,69.12621359223301,69.12621359223301
5,160.0,96.89320388349515,69.12621359223301,69.12621359223301
5,161.0,96.89320388349515,69.12621359223301,69.12621359223301
5,162.0,96.89320388349515,69.12621359223301,69.12621359223301
5,163.0,96.89320388349515,69.12621359223301,69.12621359223301
5,164.0,96.89320388349515,69.12621359223301,69.12621359223301
5,165.0,96.89320388349515,69.12621359223301,69.12621359223301
5,166.0,96.89320388349515,69.12621359223301,69.12621359223301
6,1.0,3.6893203883495143,0.0,0.0
6,2.0,4.854368932038835,0.0,0.0
6,3.0,4.854368932038835,0.0,0.0
6,4.0,5.242718446601942,0.0,0.0
6,5.0,5.242718446601942,0.0,0.0
6,6.0,5.436893203883495,0.0,0.0
6,7.0,5.436893203883495,0.0,0.0
6,8.0,5.436893203883495,0.0,0.0
6,9.0,5.436893203883495,0.0,0.0
6,10.0,5.436893203883495,0.0,0.0
6,11.0,5.436893203883495,0.0,0.0
6,12.0,5.436893203883495,0.0,0.0
6,13.0,5.436893203883495,0.0,0.0
6,14.0,5.436893203883495,0.0,0.0
6,15.0,5.436893203883495,0.0,0.0
6,16.0,5.436893203883495,0.0,0.0
6,17.0,5.436893203883495,0.0,0.0
6,18.0,5.436893203883495,0.0,0.0
6,19.0,5.436893203883495,0.0,0.0
6,20.0,5.436893203883495,0.0,0.0
6,21.0,5.436893203883495,0.0,0.0
6,22.0,5.436893203883495,0.0,0.0
6,23.0,5.436893203883495,0.0,0.0
6,24.0,5.436893203883495,0.0,0.0
6,25.0,5.436893203883495,0.5825242718446602,0.5825242718446602
6,26.0,5.436893203883495,1.1650485436893203,1.1650485436893203
6,27.0,5.436893203883495,1.1650485436893203,1.1650485436893203
6,28.0,6.407766990291262,3.1067961165048543,3.1067961165048543
6,29.0,6.407766990291262,3.300970873786408,3.300970873786408
6,30.0,10.679611650485436,3.8834951456310676,3.8834951456310676
6,31.0,11.45631067961165,3.8834951456310676,3.8834951456310676
6,32.0,11.650485436893204,3.8834951456310676,3.8834951456310676
6,33.0,12.233009708737864,3.8834951456310676,3.8834951456310676
6,34.0,12.427184466019417,3.8834951456310676,3.8834951456310676
6,35.0,12.62135922330097,3.8834951456310676,3.8834951456310676
6,36.0,22.330097087378643,3.8834951456310676,3.8834951456310676
6,37.0,23.495145631067963,3.8834951456310676,3.8834951456310676
6,38.0,24.466019417475728,3.8834951456310676,3.8834951456310676
6,39.0,32.81553398058252,3.8834951456310676,3.8834951456310676
6,40.0,34.75728155339806,3.8834951456310676,3.8834951456310676
6,41.0,35.53398058252427,3.8834951456310676,3.8834951456310676
6,42.0,35.728155339805824,3.8834951456310676,3.8834951456310676
6,43.0,36.310679611650485,3.8834951456310676,3.8834951456310676
6,44.0,36.50485436893204,3.8834951456310676,3.8834951456310676
6,45.0,36.50485436893204,4.466019417475728,4.466019417475728
6,46.0,36.50485436893204,6.213592233009709,6.213592233009709
6,47.0,36.699029126213595,7.184466019417475,7.184466019417475
6,48.0,36.89320388349515,6.990291262135923,6.990291262135923
6,49.0,45.43689320388349,8.932038834951456,8.932038834951456
6,50.0,50.09708737864078,8.932038834951456,8.932038834951456
6,51.0,51.067961165048544,9.12621359223301,9.12621359223301
6,52.0,51.6504854368932,9.320388349514563,9.320388349514563
6,53.0,62.33009708737865,8.932038834951456,8.932038834951456
6,54.0,65.8252427184466,10.679611650485436,10.679611650485436
6,55.0,66.79611650485437,10.679611650485436,10.679611650485436
6,56.0,70.48543689320388,12.03883495145631,12.03883495145631
6,57.0,71.26213592233009,12.427184466019417,12.427184466019417
6,58.0,72.42718446601941,18.058252427184467,18.058252427184467
6,59.0,72.42718446601941,17.864077669902912,17.864077669902912
6,60.0,72.42718446601941,21.35922330097087,13.398058252427184
6,61.0,80.0,20.97087378640777,13.203883495145632
6,62.0,81.35922330097087,21.74757281553398,13.980582524271846
6,63.0,83.88349514563107,21.35922330097087,13.980582524271846
6,64.0,84.27184466019418,26.601941747572816,17.0873786407767
6,65.0,84.46601941747572,26.21359223300971,16.893203883495143
6,66.0,84.46601941747572,27.57281553398058,17.864077669902912
6,67.0,84.66019417475728,28.155339805825243,18.058252427184467
6,68.0,84.66019417475728,27.766990291262132,18.25242718446602
6,69.0,84.66019417475728,27.184466019417474,17.475728155339805
6,70.0,93.98058252427185,27.184466019417474,18.058252427184467
6,71.0,94.36893203883496,30.097087378640776,20.58252427184466
6,72.0,96.69902912621359,31.844660194174757,22.52427184466019
6,73.0,96.89320388349515,35.728155339805824,26.407766990291265
6,74.0,96.89320388349515,45.04854368932038,33.398058252427184
6,75.0,96.89320388349515,51.067961165048544,37.86407766990291
6,76.0,96.89320388349515,53.592233009708735,40.19417475728155
6,77.0,96.89320388349515,58.252427184466015,44.46601941747573
6,78.0,96.89320388349515,60.19417475728155,27.184466019417474
6,79.0,96.89320388349515,65.0485436893204,30.87378640776699
6,80.0,97.66990291262137,66.79611650485437,35.33980582524272
6,81.0,98.25242718446601,75.53398058252428,45.04854368932038
6,82.0,98.25242718446601,76.69902912621359,46.79611650485437
6,83.0,98.25242718446601,77.08737864077669,46.601941747572816
6,84.0,98.25242718446601,81.16504854368932,19.223300970873787
6,85.0,98.25242718446601,79.41747572815534,19.41747572815534
6,86.0,98.25242718446601,82.33009708737865,22.52427184466019
6,87.0,98.25242718446601,87.57281553398059,35.33980582524272
6,88.0,98.25242718446601,89.51456310679612,39.029126213592235
6,89.0,98.25242718446601,90.87378640776699,44.85436893203884
6,90.0,98.25242718446601,92.03883495145631,45.8252427184466
6,91.0,98.25242718446601,92.62135922330097,45.63106796116505
6,92.0,98.25242718446601,92.42718446601941,45.8252427184466
6,93.0,98.25242718446601,92.42718446601941,48.932038834951456
6,94.0,98.25242718446601,94.36893203883496,52.81553398058253
6,95.0,98.25242718446601,94.5631067961165,52.42718446601942
6,96.0,98.25242718446601,94.75728155339806,57.0873786407767
6,97.0,98.25242718446601,94.1747572815534,57.86407766990291
6,98.0,98.25242718446601,86.79611650485437,59.6116504854369
6,99.0,98.25242718446601,88.15533980582524,59.6116504854369
6,100.0,98.25242718446601,86.40776699029125,60.58252427184466
6,101.0,98.25242718446601,87.57281553398059,60.38834951456311
6,102.0,99.41747572815534,87.96116504854369,61.165048543689316
6,103.0,99.6116504854369,85.8252427184466,60.38834951456311
6,104.0,99.6116504854369,59.80582524271845,59.80582524271845
6,105.0,99.6116504854369,60.77669902912621,60.77669902912621
6,106.0,99.6116504854369,59.80582524271845,59.80582524271845
6,107.0,99.6116504854369,60.19417475728155,60.19417475728155
6,108.0,99.6116504854369,60.38834951456311,60.38834951456311
6,109.0,99.6116504854369,61.74757281553398,61.74757281553398
6,110.0,99.6116504854369,61.165048543689316,61.165048543689316
6,111.0,99.6116504854369,60.38834951456311,60.38834951456311
6,112.0,99.6116504854369,60.19417475728155,60.19417475728155
6,113.0,99.6116504854369,60.19417475728155,60.19417475728155
6,114.0,99.6116504854369,60.0,60.0
6,115.0,99.6116504854369,64.07766990291263,64.07766990291263
6,116.0,99.6116504854369,70.09708737864078,70.09708737864078
6,117.0,99.6116504854369,70.09708737864078,70.09708737864078
6,118.0,99.6116504854369,70.09708737864078,70.09708737864078
6,119.0,99.6116504854369,70.09708737864078,70.09708737864078
6,120.0,99.6116504854369,70.09708737864078,70.09708737864078
6,121.0,99.6116504854369,70.09708737864078,70.09708737864078
6,122.0,99.6116504854369,70.09708737864078,70.09708737864078
6,123.0,99.6116504854369,70.09708737864078,70.09708737864078
6,124.0,99.6116504854369,70.09708737864078,70.09708737864078
6,125.0,99.6116504854369,70.09708737864078,70.09708737864078
6,126.0,99.6116504854369,70.09708737864078,70.09708737864078
6,127.0,99.6116504854369,70.09708737864078,70.09708737864078
6,128.0,99.6116504854369,70.09708737864078,70.09708737864078
6,129.0,99.6116504854369,70.09708737864078,70.09708737864078
6,130.0,99.6116504854369,70.09708737864078,70.09708737864078
6,131.0,99.6116504854369,70.09708737864078,70.09708737864078
6,132.0,99.6116504854369,70.09708737864078,70.09708737864078
6,133.0,99.6116504854369,70.09708737864078,70.09708737864078
6,134.0,99.6116504854369,70.09708737864078,70.09708737864078
6,135.0,99.6116504854369,70.09708737864078,70.09708737864078
6,136.0,99.6116504854369,70.09708737864078,70.09708737864078
6,137.0,99.6116504854369,70.09708737864078,70.09708737864078
6,138.0,99.6116504854369,70.09708737864078,70.09708737864078
6,139.0,99.6116504854369,70.09708737864078,70.09708737864078
6,140.0,99.6116504854369,70.09708737864078,70.09708737864078
6,141.0,99.6116504854369,70.09708737864078,70.09708737864078
6,142.0,99.6116504854369,70.09708737864078,70.09708737864078
6,143.0,99.6116504854369,70.09708737864078,70.09708737864078
6,144.0,99.6116504854369,70.09708737864078,70.09708737864078
6,145.0,99.6116504854369,70.09708737864078,70.09708737864078
6,146.0,99.6116504854369,70.09708737864078,70.09708737864078
6,147.0,99.6116504854369,70.09708737864078,70.09708737864078
6,148.0,99.6116504854369,70.09708737864078,70.09708737864078
6,149.0,99.6116504854369,70.09708737864078,70.09708737864078
6,150.0,99.6116504854369,70.09708737864078,70.09708737864078
6,151.0,99.6116504854369,70.09708737864078,70.09708737864078
6,152.0,99.6116504854369,70.09708737864078,70.09708737864078
6,153.0,99.6116504854369,70.09708737864078,70.09708737864078
6,154.0,99.6116504854369,70.09708737864078,70.09708737864078
6,155.0,99.6116504854369,70.09708737864078,70.09708737864078
6,156.0,99.6116504854369,70.09708737864078,70.09708737864078
6,157.0,99.6116504854369,70.09708737864078,70.09708737864078
6,158.0,99.6116504854369,70.09708737864078,70.09708737864078
6,159.0,99.6116504854369,70.09708737864078,70.09708737864078
6,160.0,99.6116504854369,70.09708737864078,70.09708737864078
6,161.0,99.6116504854369,70.09708737864078,70.09708737864078
6,162.0,99.6116504854369,70.09708737864078,70.09708737864078
6,163.0,99.6116504854369,70.09708737864078,70.09708737864078
6,164.0,99.6116504854369,70.09708737864078,70.09708737864078
6,165.0,99.6116504854369,70.09708737864078,70.09708737864078
6,166.0,99.6116504854369,70.09708737864078,70.09708737864078
7,1.0,3.1067961165048543,0.0,0.0
7,2.0,4.854368932038835,0.0,0.0
7,3.0,5.048543689320388,0.0,0.0
7,4.0,5.436893203883495,0.0,0.0
7,5.0,5.631067961165048,0.0,0.0
7,6.0,5.631067961165048,0.0,0.0
7,7.0,5.631067961165048,0.0,0.0
7,8.0,5.631067961165048,0.0,0.0
7,9.0,5.631067961165048,0.0,0.0
7,10.0,5.631067961165048,0.0,0.0
7,11.0,5.631067961165048,0.0,0.0
7,12.0,5.631067961165048,0.0,0.0
7,13.0,5.631067961165048,0.0,0.0
7,14.0,5.631067961165048,0.0,0.0
7,15.0,5.631067961165048,0.0,0.0
7,16.0,5.631067961165048,0.0,0.0
7,17.0,5.631067961165048,0.0,0.0
7,18.0,5.631067961165048,0.0,0.0
7,19.0,5.631067961165048,0.0,0.0
7,20.0,5.631067961165048,0.0,0.0
7,21.0,5.631067961165048,0.0,0.0
7,22.0,5.631067961165048,0.0,0.0
7,23.0,5.631067961165048,0.0,0.0
7,24.0,5.631067961165048,0.0,0.0
7,25.0,5.631067961165048,0.3883495145631068,0.3883495145631068
7,26.0,5.631067961165048,1.1650485436893203,1.1650485436893203
7,27.0,5.631067961165048,1.1650485436893203,1.1650485436893203
7,28.0,6.601941747572816,2.1359223300970873,2.1359223300970873
7,29.0,6.796116504854369,2.1359223300970873,2.1359223300970873
7,30.0,9.902912621359224,3.1067961165048543,3.1067961165048543
7,31.0,11.067961165048544,3.300970873786408,3.300970873786408
7,32.0,11.262135922330096,3.300970873786408,3.300970873786408
7,33.0,11.262135922330096,3.300970873786408,3.300970873786408
7,34.0,11.262135922330096,3.300970873786408,3.300970873786408
7,35.0,11.262135922330096,3.300970873786408,3.300970873786408
7,36.0,18.83495145631068,3.300970873786408,3.300970873786408
7,37.0,21.16504854368932,3.300970873786408,3.300970873786408
7,38.0,21.74757281553398,3.300970873786408,3.300970873786408
7,39.0,29.126213592233007,3.300970873786408,3.300970873786408
7,40.0,30.097087378640776,3.300970873786408,3.300970873786408
7,41.0,30.87378640776699,3.300970873786408,3.300970873786408
7,42.0,31.06796116504854,3.300970873786408,3.300970873786408
7,43.0,31.06796116504854,3.300970873786408,3.300970873786408
7,44.0,31.06796116504854,3.300970873786408,3.300970873786408
7,45.0,31.06796116504854,3.6893203883495143,3.6893203883495143
7,46.0,31.06796116504854,5.048543689320388,5.048543689320388
7,47.0,31.06796116504854,6.407766990291262,6.407766990291262
7,48.0,31.06796116504854,6.407766990291262,6.407766990291262
7,49.0,40.0,7.3786407766990285,7.3786407766990285
7,50.0,44.271844660194176,7.3786407766990285,7.3786407766990285
7,51.0,45.8252427184466,7.3786407766990285,7.3786407766990285
7,52.0,46.213592233009706,7.3786407766990285,7.3786407766990285
7,53.0,54.757281553398066,7.3786407766990285,7.3786407766990285
7,54.0,57.66990291262136,8.54368932038835,8.54368932038835
7,55.0,57.86407766990291,8.54368932038835,8.54368932038835
7,56.0,60.58252427184466,10.485436893203884,10.485436893203884
7,57.0,60.77669902912621,10.485436893203884,10.485436893203884
7,58.0,61.165048543689316,12.62135922330097,12.62135922330097
7,59.0,61.165048543689316,12.62135922330097,12.62135922330097
7,60.0,61.165048543689316,16.893203883495143,12.03883495145631
7,61.0,68.15533980582525,16.50485436893204,12.03883495145631
7,62.0,68.93203883495146,18.058252427184467,13.592233009708737
7,63.0,73.59223300970874,18.446601941747574,13.398058252427184
7,64.0,73.98058252427184,20.58252427184466,14.36893203883495
7,65.0,74.5631067961165,20.97087378640777,15.145631067961165
7,66.0,74.5631067961165,23.883495145631066,16.50485436893204
7,67.0,74.5631067961165,23.300970873786408,16.50485436893204
7,68.0,74.75728155339806,24.07766990291262,16.893203883495143
7,69.0,74.75728155339806,24.271844660194176,16.699029126213592
7,70.0,86.79611650485437,24.271844660194176,16.699029126213592
7,71.0,87.37864077669903,26.601941747572816,18.058252427184467
7,72.0,91.84466019417475,27.766990291262132,19.41747572815534
7,73.0,92.03883495145631,33.398058252427184,23.495145631067963
7,74.0,92.03883495145631,37.66990291262136,28.155339805825243
7,75.0,92.03883495145631,45.04854368932038,34.368932038834956
7,76.0,92.03883495145631,47.96116504854369,36.89320388349515
7,77.0,92.03883495145631,50.09708737864078,38.25242718446602
7,78.0,92.03883495145631,52.62135922330097,21.74757281553398
7,79.0,92.03883495145631,56.699029126213595,26.21359223300971
7,80.0,93.20388349514563,61.94174757281553,32.62135922330097
7,81.0,93.98058252427185,63.883495145631066,37.86407766990291
7,82.0,93.98058252427185,68.15533980582525,41.55339805825243
7,83.0,93.98058252427185,69.12621359223301,43.30097087378641
7,84.0,93.98058252427185,71.6504854368932,21.16504854368932
7,85.0,93.98058252427185,71.84466019417476,21.74757281553398
7,86.0,93.98058252427185,75.53398058252428,27.766990291262132
7,87.0,93.98058252427185,76.50485436893204,33.398058252427184
7,88.0,93.98058252427185,83.49514563106796,42.52427184466019
7,89.0,93.98058252427185,84.27184466019418,47.37864077669903
7,90.0,93.98058252427185,86.99029126213593,50.679611650485434
7,91.0,93.98058252427185,88.54368932038835,50.873786407766985
7,92.0,93.98058252427185,86.40776699029125,48.737864077669904
7,93.0,93.98058252427185,86.99029126213593,49.70873786407767
7,94.0,93.98058252427185,88.7378640776699,54.5631067961165
7,95.0,93.98058252427185,90.09708737864077,54.1747572815534
7,96.0,93.98058252427185,89.90291262135922,57.0873786407767
7,97.0,93.98058252427185,90.09708737864077,56.50485436893204
7,98.0,93.98058252427185,82.33009708737865,58.83495145631068
7,99.0,93.98058252427185,81.55339805825243,58.83495145631068
7,100.0,93.98058252427185,83.10679611650485,60.970873786407765
7,101.0,93.98058252427185,82.52427184466019,60.0
7,102.0,96.11650485436894,82.33009708737865,58.64077669902913
7,103.0,97.0873786407767,80.97087378640776,58.05825242718446
7,104.0,97.0873786407767,59.22330097087378,59.22330097087378
7,105.0,98.44660194174757,59.417475728155345,59.417475728155345
7,106.0,98.44660194174757,60.58252427184466,60.58252427184466
7,107.0,98.44660194174757,59.80582524271845,59.80582524271845
7,108.0,98.44660194174757,58.44660194174758,58.44660194174758
7,109.0,98.44660194174757,58.83495145631068,58.83495145631068
7,110.0,98.44660194174757,60.0,60.0
7,111.0,98.44660194174757,58.64077669902913,58.64077669902913
7,112.0,98.44660194174757,60.58252427184466,60.58252427184466
7,113.0,98.44660194174757,58.44660194174758,58.44660194174758
7,114.0,98.83495145631068,59.80582524271845,59.80582524271845
7,115.0,98.83495145631068,63.689320388349515,63.689320388349515
7,116.0,98.83495145631068,69.90291262135922,69.90291262135922
7,117.0,98.83495145631068,69.90291262135922,69.90291262135922
7,118.0,98.83495145631068,69.90291262135922,69.90291262135922
7,119.0,98.83495145631068,69.90291262135922,69.90291262135922
7,120.0,98.83495145631068,69.90291262135922,69.90291262135922
7,121.0,98.83495145631068,69.90291262135922,69.90291262135922
7,122.0,98.83495145631068,69.90291262135922,69.90291262135922
7,123.0,98.83495145631068,69.90291262135922,69.90291262135922
7,124.0,98.83495145631068,69.90291262135922,69.90291262135922
7,125.0,98.83495145631068,69.90291262135922,69.90291262135922
7,126.0,98.83495145631068,69.90291262135922,69.90291262135922
7,127.0,98.83495145631068,69.90291262135922,69.90291262135922
7,128.0,98.83495145631068,69.90291262135922,69.90291262135922
7,129.0,98.83495145631068,69.90291262135922,69.90291262135922
7,130.0,98.83495145631068,69.90291262135922,69.90291262135922
7,131.0,98.83495145631068,69.90291262135922,69.90291262135922
7,132.0,98.83495145631068,69.90291262135922,69.90291262135922
7,133.0,98.83495145631068,69.90291262135922,69.90291262135922
7,134.0,98.83495145631068,69.90291262135922,69.90291262135922
7,135.0,98.83495145631068,69.90291262135922,69.90291262135922
7,136.0,98.83495145631068,69.90291262135922,69.90291262135922
7,137.0,98.83495145631068,69.90291262135922,69.90291262135922
7,138.0,98.83495145631068,69.90291262135922,69.90291262135922
7,139.0,98.83495145631068,69.90291262135922,69.90291262135922
7,140.0,98.83495145631068,69.90291262135922,69.90291262135922
7,141.0,98.83495145631068,69.90291262135922,69.90291262135922
7,142.0,98.83495145631068,69.90291262135922,69.90291262135922
7,143.0,98.83495145631068,69.90291262135922,69.90291262135922
7,144.0,98.83495145631068,69.90291262135922,69.90291262135922
7,145.0,98.83495145631068,69.90291262135922,69.90291262135922
7,146.0,98.83495145631068,69.90291262135922,69.90291262135922
7,147.0,98.83495145631068,69.90291262135922,69.90291262135922
7,148.0,98.83495145631068,69.90291262135922,69.90291262135922
7,149.0,98.83495145631068,69.90291262135922,69.90291262135922
7,150.0,98.83495145631068,69.90291262135922,69.90291262135922
7,151.0,98.83495145631068,69.90291262135922,69.90291262135922
7,152.0,98.83495145631068,69.90291262135922,69.90291262135922
7,153.0,98.83495145631068,69.90291262135922,69.90291262135922
7,154.0,98.83495145631068,69.90291262135922,69.90291262135922
7,155.0,98.83495145631068,69.90291262135922,69.90291262135922
7,156.0,98.83495145631068,69.90291262135922,69.90291262135922
7,157.0,98.83495145631068,69.90291262135922,69.90291262135922
7,158.0,98.83495145631068,69.90291262135922,69.90291262135922
7,159.0,98.83495145631068,69.90291262135922,69.90291262135922
7,160.0,98.83495145631068,69.90291262135922,69.90291262135922
7,161.0,98.83495145631068,69.90291262135922,69.90291262135922
7,162.0,98.83495145631068,69.90291262135922,69.90291262135922
7,163.0,98.83495145631068,69.90291262135922,69.90291262135922
7,164.0,98.83495145631068,69.90291262135922,69.90291262135922
7,165.0,98.83495145631068,69.90291262135922,69.90291262135922
7,166.0,98.83495145631068,69.90291262135922,69.90291262135922
8,1.0,3.300970873786408,0.0,0.0
8,2.0,3.8834951456310676,0.0,0.0
8,3.0,3.8834951456310676,0.0,0.0
8,4.0,4.466019417475728,0.0,0.0
8,5.0,4.466019417475728,0.0,0.0
8,6.0,4.466019417475728,0.0,0.0
8,7.0,4.660194174757281,0.0,0.0
8,8.0,4.660194174757281,0.0,0.0
8,9.0,4.660194174757281,0.0,0.0
8,10.0,4.660194174757281,0.0,0.0
8,11.0,4.660194174757281,0.0,0.0
8,12.0,4.660194174757281,0.0,0.0
8,13.0,4.660194174757281,0.0,0.0
8,14.0,4.660194174757281,0.0,0.0
8,15.0,4.660194174757281,0.0,0.0
8,16.0,4.660194174757281,0.0,0.0
8,17.0,4.660194174757281,0.0,0.0
8,18.0,4.660194174757281,0.0,0.0
8,19.0,4.660194174757281,0.0,0.0
8,20.0,4.660194174757281,0.0,0.0
8,21.0,4.660194174757281,0.0,0.0
8,22.0,4.660194174757281,0.0,0.0
8,23.0,4.660194174757281,0.0,0.0
8,24.0,4.660194174757281,0.0,0.0
8,25.0,4.660194174757281,1.1650485436893203,1.1650485436893203
8,26.0,4.660194174757281,1.9417475728155338,1.9417475728155338
8,27.0,4.660194174757281,1.9417475728155338,1.9417475728155338
8,28.0,6.601941747572816,2.912621359223301,2.912621359223301
8,29.0,6.796116504854369,2.912621359223301,2.912621359223301
8,30.0,11.844660194174757,3.300970873786408,3.300970873786408
8,31.0,12.815533980582524,3.4951456310679614,3.4951456310679614
8,32.0,13.009708737864079,3.4951456310679614,3.4951456310679614
8,33.0,13.203883495145632,3.4951456310679614,3.4951456310679614
8,34.0,13.203883495145632,3.4951456310679614,3.4951456310679614
8,35.0,13.203883495145632,3.4951456310679614,3.4951456310679614
8,36.0,21.35922330097087,3.4951456310679614,3.4951456310679614
8,37.0,22.9126213592233,3.4951456310679614,3.4951456310679614
8,38.0,23.495145631067963,3.4951456310679614,3.4951456310679614
8,39.0,31.844660194174757,3.4951456310679614,3.4951456310679614
8,40.0,33.20388349514563,3.4951456310679614,3.4951456310679614
8,41.0,33.78640776699029,3.4951456310679614,3.4951456310679614
8,42.0,34.1747572815534,3.4951456310679614,3.4951456310679614
8,43.0,34.1747572815534,3.4951456310679614,3.4951456310679614
8,44.0,34.56310679611651,3.4951456310679614,3.4951456310679614
8,45.0,34.56310679611651,4.660194174757281,4.660194174757281
8,46.0,34.56310679611651,7.766990291262135,7.766990291262135
8,47.0,34.56310679611651,9.12621359223301,9.12621359223301
8,48.0,34.56310679611651,8.932038834951456,8.932038834951456
8,49.0,45.43689320388349,9.902912621359224,9.902912621359224
8,50.0,51.84466019417475,9.902912621359224,9.902912621359224
8,51.0,53.00970873786408,10.097087378640776,10.097087378640776
8,52.0,53.398058252427184,10.097087378640776,10.097087378640776
8,53.0,63.689320388349515,10.097087378640776,10.097087378640776
8,54.0,66.79611650485437,12.62135922330097,12.62135922330097
8,55.0,67.76699029126215,12.62135922330097,12.62135922330097
8,56.0,70.87378640776699,14.757281553398057,14.757281553398057
8,57.0,71.6504854368932,14.563106796116504,14.563106796116504
8,58.0,72.03883495145631,17.475728155339805,17.475728155339805
8,59.0,72.23300970873787,17.475728155339805,17.475728155339805
8,60.0,72.23300970873787,21.553398058252426,15.53398058252427
8,61.0,79.02912621359224,22.330097087378643,15.53398058252427
8,62.0,79.6116504854369,23.300970873786408,16.893203883495143
8,63.0,82.71844660194175,23.495145631067963,17.0873786407767
8,64.0,82.91262135922331,25.436893203883493,18.25242718446602
8,65.0,83.10679611650485,25.436893203883493,18.25242718446602
8,66.0,83.10679611650485,27.184466019417474,19.02912621359223
8,67.0,83.10679611650485,26.601941747572816,19.80582524271845
8,68.0,83.10679611650485,26.601941747572816,19.41747572815534
8,69.0,83.10679611650485,26.601941747572816,19.41747572815534
8,70.0,90.67961165048544,26.796116504854368,19.41747572815534
8,71.0,91.06796116504854,33.398058252427184,23.106796116504853
8,72.0,94.1747572815534,37.0873786407767,25.8252427184466
8,73.0,94.36893203883496,42.13592233009709,28.7378640776699
8,74.0,94.36893203883496,49.320388349514566,35.33980582524272
8,75.0,94.36893203883496,54.5631067961165,39.80582524271845
8,76.0,94.36893203883496,59.417475728155345,43.30097087378641
8,77.0,94.36893203883496,60.77669902912621,45.43689320388349
8,78.0,94.36893203883496,62.5242718446602,27.184466019417474
8,79.0,94.36893203883496,65.8252427184466,33.592233009708735
8,80.0,95.33980582524272,70.87378640776699,42.71844660194174
8,81.0,95.72815533980582,75.33980582524272,48.54368932038835
8,82.0,96.11650485436894,77.66990291262135,51.262135922330096
8,83.0,96.11650485436894,77.66990291262135,51.262135922330096
8,84.0,96.11650485436894,80.97087378640776,28.155339805825243
8,85.0,96.11650485436894,82.52427184466019,28.155339805825243
8,86.0,96.11650485436894,84.66019417475728,32.42718446601941
8,87.0,96.11650485436894,85.04854368932038,42.9126213592233
8,88.0,96.11650485436894,86.40776699029125,47.76699029126213
8,89.0,96.11650485436894,89.51456310679612,49.90291262135923
8,90.0,96.11650485436894,89.70873786407768,51.067961165048544
8,91.0,96.11650485436894,90.09708737864077,51.262135922330096
8,92.0,96.11650485436894,90.09708737864077,51.84466019417475
8,93.0,96.11650485436894,90.87378640776699,57.28155339805825
8,94.0,96.11650485436894,89.51456310679612,60.58252427184466
8,95.0,96.11650485436894,89.90291262135922,59.80582524271845
8,96.0,96.11650485436894,91.45631067961165,63.883495145631066
8,97.0,96.11650485436894,92.81553398058252,65.24271844660194
8,98.0,96.11650485436894,86.2135922330097,64.46601941747574
8,99.0,96.11650485436894,86.99029126213593,65.0485436893204
8,100.0,96.11650485436894,87.37864077669903,65.63106796116504
8,101.0,96.11650485436894,85.63106796116506,64.46601941747574
8,102.0,98.44660194174757,87.18446601941747,66.2135922330097
8,103.0,98.64077669902913,87.57281553398059,65.8252427184466
8,104.0,98.64077669902913,64.85436893203882,64.85436893203882
8,105.0,99.02912621359224,65.63106796116504,65.63106796116504
8,106.0,99.02912621359224,66.40776699029126,66.40776699029126
8,107.0,99.02912621359224,66.01941747572816,66.01941747572816
8,108.0,99.02912621359224,65.4368932038835,65.4368932038835
8,109.0,99.02912621359224,64.27184466019418,64.27184466019418
8,110.0,99.02912621359224,65.0485436893204,65.0485436893204
8,111.0,99.02912621359224,64.66019417475728,64.66019417475728
8,112.0,99.02912621359224,65.8252427184466,65.8252427184466
8,113.0,99.02912621359224,65.63106796116504,65.63106796116504
8,114.0,99.41747572815534,64.46601941747574,64.46601941747574
8,115.0,99.41747572815534,74.5631067961165,74.5631067961165
8,116.0,99.41747572815534,78.05825242718447,78.05825242718447
8,117.0,99.41747572815534,78.05825242718447,78.05825242718447
8,118.0,99.41747572815534,78.05825242718447,78.05825242718447
8,119.0,99.41747572815534,78.05825242718447,78.05825242718447
8,120.0,99.41747572815534,78.05825242718447,78.05825242718447
8,121.0,99.41747572815534,78.05825242718447,78.05825242718447
8,122.0,99.41747572815534,78.05825242718447,78.05825242718447
8,123.0,99.41747572815534,78.05825242718447,78.05825242718447
8,124.0,99.41747572815534,78.05825242718447,78.05825242718447
8,125.0,99.41747572815534,78.05825242718447,78.05825242718447
8,126.0,99.41747572815534,78.05825242718447,78.05825242718447
8,127.0,99.41747572815534,78.05825242718447,78.05825242718447
8,128.0,99.41747572815534,78.05825242718447,78.05825242718447
8,129.0,99.41747572815534,78.05825242718447,78.05825242718447
8,130.0,99.41747572815534,78.05825242718447,78.05825242718447
8,131.0,99.41747572815534,78.05825242718447,78.05825242718447
8,132.0,99.41747572815534,78.05825242718447,78.05825242718447
8,133.0,99.41747572815534,78.05825242718447,78.05825242718447
8,134.0,99.41747572815534,78.05825242718447,78.05825242718447
8,135.0,99.41747572815534,78.05825242718447,78.05825242718447
8,136.0,99.41747572815534,78.05825242718447,78.05825242718447
8,137.0,99.41747572815534,78.05825242718447,78.05825242718447
8,138.0,99.41747572815534,78.05825242718447,78.05825242718447
8,139.0,99.41747572815534,78.05825242718447,78.05825242718447
8,140.0,99.41747572815534,78.05825242718447,78.05825242718447
8,141.0,99.41747572815534,78.05825242718447,78.05825242718447
8,142.0,99.41747572815534,78.05825242718447,78.05825242718447
8,143.0,99.41747572815534,78.05825242718447,78.05825242718447
8,144.0,99.41747572815534,78.05825242718447,78.05825242718447
8,145.0,99.41747572815534,78.05825242718447,78.05825242718447
8,146.0,99.41747572815534,78.05825242718447,78.05825242718447
8,147.0,99.41747572815534,78.05825242718447,78.05825242718447
8,148.0,99.41747572815534,78.05825242718447,78.05825242718447
8,149.0,99.41747572815534,78.05825242718447,78.05825242718447
8,150.0,99.41747572815534,78.05825242718447,78.05825242718447
8,151.0,99.41747572815534,78.05825242718447,78.05825242718447
8,152.0,99.41747572815534,78.05825242718447,78.05825242718447
8,153.0,99.41747572815534,78.05825242718447,78.05825242718447
8,154.0,99.41747572815534,78.05825242718447,78.05825242718447
8,155.0,99.41747572815534,78.05825242718447,78.05825242718447
8,156.0,99.41747572815534,78.05825242718447,78.05825242718447
8,157.0,99.41747572815534,78.05825242718447,78.05825242718447
8,158.0,99.41747572815534,78.05825242718447,78.05825242718447
8,159.0,99.41747572815534,78.05825242718447,78.05825242718447
8,160.0,99.41747572815534,78.05825242718447,78.05825242718447
8,161.0,99.41747572815534,78.05825242718447,78.05825242718447
8,162.0,99.41747572815534,78.05825242718447,78.05825242718447
8,163.0,99.41747572815534,78.05825242718447,78.05825242718447
8,164.0,99.41747572815534,78.05825242718447,78.05825242718447
8,165.0,99.41747572815534,78.05825242718447,78.05825242718447
8,166.0,99.41747572815534,78.05825242718447,78.05825242718447
9,1.0,2.7184466019417477,0.0,0.0
9,2.0,2.912621359223301,0.0,0.0
9,3.0,3.1067961165048543,0.0,0.0
9,4.0,3.1067961165048543,0.0,0.0
9,5.0,3.1067961165048543,0.0,0.0
9,6.0,3.1067961165048543,0.0,0.0
9,7.0,3.1067961165048543,0.0,0.0
9,8.0,3.1067961165048543,0.0,0.0
9,9.0,3.1067961165048543,0.0,0.0
9,10.0,3.1067961165048543,0.0,0.0
9,11.0,3.1067961165048543,0.0,0.0
9,12.0,3.1067961165048543,0.0,0.0
9,13.0,3.1067961165048543,0.0,0.0
9,14.0,3.1067961165048543,0.0,0.0
9,15.0,3.1067961165048543,0.0,0.0
9,16.0,3.1067961165048543,0.0,0.0
9,17.0,3.1067961165048543,0.0,0.0
9,18.0,3.1067961165048543,0.0,0.0
9,19.0,3.1067961165048543,0.0,0.0
9,20.0,3.1067961165048543,0.0,0.0
9,21.0,3.1067961165048543,0.0,0.0
9,22.0,3.1067961165048543,0.0,0.0
9,23.0,3.1067961165048543,0.0,0.0
9,24.0,3.1067961165048543,0.0,0.0
9,25.0,3.1067961165048543,0.0,0.0
9,26.0,3.1067961165048543,1.1650485436893203,1.1650485436893203
9,27.0,3.1067961165048543,1.3592233009708738,1.3592233009708738
9,28.0,4.271844660194175,1.7475728155339807,1.7475728155339807
9,29.0,4.660194174757281,1.7475728155339807,1.7475728155339807
9,30.0,7.572815533980583,2.912621359223301,2.912621359223301
9,31.0,8.54368932038835,2.912621359223301,2.912621359223301
9,32.0,8.737864077669903,2.912621359223301,2.912621359223301
9,33.0,9.12621359223301,2.912621359223301,2.912621359223301
9,34.0,9.12621359223301,2.912621359223301,2.912621359223301
9,35.0,9.12621359223301,2.912621359223301,2.912621359223301
9,36.0,15.922330097087379,2.912621359223301,2.912621359223301
9,37.0,16.893203883495143,2.912621359223301,2.912621359223301
9,38.0,17.475728155339805,2.912621359223301,2.912621359223301
9,39.0,23.495145631067963,2.912621359223301,2.912621359223301
9,40.0,24.466019417475728,2.912621359223301,2.912621359223301
9,41.0,24.854368932038835,2.912621359223301,2.912621359223301
9,42.0,24.854368932038835,2.912621359223301,2.912621359223301
9,43.0,24.854368932038835,2.912621359223301,2.912621359223301
9,44.0,24.854368932038835,2.912621359223301,2.912621359223301
9,45.0,24.854368932038835,2.912621359223301,2.912621359223301
9,46.0,24.854368932038835,4.077669902912621,4.077669902912621
9,47.0,25.04854368932039,6.601941747572816,6.601941747572816
9,48.0,25.04854368932039,6.601941747572816,6.601941747572816
9,49.0,33.00970873786408,6.990291262135923,6.990291262135923
9,50.0,37.0873786407767,6.990291262135923,6.990291262135923
9,51.0,39.6116504854369,6.990291262135923,6.990291262135923
9,52.0,40.19417475728155,6.990291262135923,6.990291262135923
9,53.0,48.737864077669904,6.990291262135923,6.990291262135923
9,54.0,52.23300970873787,6.990291262135923,6.990291262135923
9,55.0,52.81553398058253,6.990291262135923,6.990291262135923
9,56.0,53.980582524271846,10.29126213592233,10.29126213592233
9,57.0,54.757281553398066,10.29126213592233,10.29126213592233
9,58.0,54.757281553398066,11.262135922330096,11.262135922330096
9,59.0,54.757281553398066,11.45631067961165,11.45631067961165
9,60.0,54.95145631067962,14.36893203883495,9.902912621359224
9,61.0,61.55339805825243,13.980582524271846,9.320388349514563
9,62.0,61.94174757281553,16.893203883495143,12.233009708737864
9,63.0,65.4368932038835,16.699029126213592,12.233009708737864
9,64.0,66.01941747572816,17.864077669902912,13.009708737864079
9,65.0,66.01941747572816,18.058252427184467,12.815533980582524
9,66.0,66.01941747572816,20.0,14.563106796116504
9,67.0,66.01941747572816,20.58252427184466,15.145631067961165
9,68.0,66.01941747572816,20.388349514563107,14.757281553398057
9,69.0,66.01941747572816,20.776699029126213,14.951456310679612
9,70.0,75.92233009708738,20.388349514563107,14.951456310679612
9,71.0,76.50485436893204,20.19417475728155,14.563106796116504
9,72.0,81.35922330097087,20.19417475728155,14.563106796116504
9,73.0,81.35922330097087,29.902912621359224,21.941747572815533
9,74.0,81.74757281553397,30.679611650485437,22.135922330097088
9,75.0,81.94174757281554,38.83495145631068,30.679611650485437
9,76.0,82.13592233009709,41.55339805825243,32.038834951456316
9,77.0,82.52427184466019,43.30097087378641,34.368932038834956
9,78.0,82.52427184466019,46.019417475728154,21.553398058252426
9,79.0,82.52427184466019,47.57281553398058,21.941747572815533
9,80.0,93.20388349514563,54.95145631067962,29.126213592233007
9,81.0,95.14563106796116,57.86407766990291,34.95145631067961
9,82.0,95.14563106796116,59.22330097087378,36.50485436893204
9,83.0,95.14563106796116,59.417475728155345,37.66990291262136
9,84.0,95.14563106796116,59.80582524271845,13.009708737864079
9,85.0,95.33980582524272,58.64077669902913,12.815533980582524
9,86.0,95.33980582524272,66.79611650485437,23.300970873786408
9,87.0,95.33980582524272,65.24271844660194,26.019417475728158
9,88.0,95.33980582524272,73.00970873786407,38.25242718446602
9,89.0,95.33980582524272,74.5631067961165,38.640776699029125
9,90.0,95.33980582524272,76.31067961165049,41.74757281553398
9,91.0,95.33980582524272,76.69902912621359,43.30097087378641
9,92.0,95.33980582524272,75.72815533980582,43.30097087378641
9,93.0,95.33980582524272,76.50485436893204,41.94174757281554
9,94.0,95.33980582524272,88.54368932038835,74.75728155339806
9,95.0,95.33980582524272,87.76699029126213,72.62135922330097
9,96.0,95.33980582524272,90.87378640776699,79.41747572815534
9,97.0,95.33980582524272,91.06796116504854,80.19417475728156
9,98.0,95.33980582524272,90.67961165048544,85.04854368932038
9,99.0,95.33980582524272,90.67961165048544,84.46601941747572
9,100.0,95.33980582524272,90.48543689320388,84.27184466019418
9,101.0,95.33980582524272,90.48543689320388,85.63106796116506
9,102.0,97.0873786407767,91.45631067961165,85.43689320388349
9,103.0,97.66990291262137,90.67961165048544,84.66019417475728
9,104.0,97.66990291262137,85.24271844660194,85.24271844660194
9,105.0,98.64077669902913,85.43689320388349,85.43689320388349
9,106.0,98.64077669902913,85.04854368932038,85.04854368932038
9,107.0,98.64077669902913,84.66019417475728,84.66019417475728
9,108.0,98.64077669902913,85.24271844660194,85.24271844660194
9,109.0,98.64077669902913,84.07766990291262,84.07766990291262
9,110.0,98.64077669902913,85.43689320388349,85.43689320388349
9,111.0,98.64077669902913,85.24271844660194,85.24271844660194
9,112.0,98.64077669902913,84.85436893203884,84.85436893203884
9,113.0,98.64077669902913,85.24271844660194,85.24271844660194
9,114.0,98.83495145631068,85.04854368932038,85.04854368932038
9,115.0,99.02912621359224,84.27184466019418,84.27184466019418
9,116.0,99.02912621359224,91.06796116504854,91.06796116504854
9,117.0,99.02912621359224,91.06796116504854,91.06796116504854
9,118.0,99.02912621359224,91.06796116504854,91.06796116504854
9,119.0,99.02912621359224,91.06796116504854,91.06796116504854
9,120.0,99.02912621359224,91.06796116504854,91.06796116504854
9,121.0,99.02912621359224,91.06796116504854,91.06796116504854
9,122.0,99.02912621359224,91.06796116504854,91.06796116504854
9,123.0,99.02912621359224,91.06796116504854,91.06796116504854
9,124.0,99.02912621359224,91.06796116504854,91.06796116504854
9,125.0,99.02912621359224,91.06796116504854,91.06796116504854
9,126.0,99.02912621359224,91.06796116504854,91.06796116504854
9,127.0,99.02912621359224,91.06796116504854,91.06796116504854
9,128.0,99.02912621359224,91.06796116504854,91.06796116504854
9,129.0,99.02912621359224,91.06796116504854,91.06796116504854
9,130.0,99.02912621359224,91.06796116504854,91.06796116504854
9,131.0,99.02912621359224,91.06796116504854,91.06796116504854
9,132.0,99.02912621359224,91.06796116504854,91.06796116504854
9,133.0,99.02912621359224,91.06796116504854,91.06796116504854
9,134.0,99.02912621359224,91.06796116504854,91.06796116504854
9,135.0,99.02912621359224,91.06796116504854,91.06796116504854
9,136.0,99.02912621359224,91.06796116504854,91.06796116504854
9,137.0,99.02912621359224,91.06796116504854,91.06796116504854
9,138.0,99.02912621359224,91.06796116504854,91.06796116504854
9,139.0,99.02912621359224,91.06796116504854,91.06796116504854
9,140.0,99.02912621359224,91.06796116504854,91.06796116504854
9,141.0,99.02912621359224,91.06796116504854,91.06796116504854
9,142.0,99.02912621359224,91.06796116504854,91.06796116504854
9,143.0,99.02912621359224,91.06796116504854,91.06796116504854
9,144.0,99.02912621359224,91.06796116504854,91.06796116504854
9,145.0,99.02912621359224,91.06796116504854,91.06796116504854
9,146.0,99.02912621359224,91.06796116504854,91.06796116504854
9,147.0,99.02912621359224,91.06796116504854,91.06796116504854
9,148.0,99.02912621359224,91.06796116504854,91.06796116504854
9,149.0,99.02912621359224,91.06796116504854,91.06796116504854
9,150.0,99.02912621359224,91.06796116504854,91.06796116504854
9,151.0,99.02912621359224,91.06796116504854,91.06796116504854
9,152.0,99.02912621359224,91.06796116504854,91.06796116504854
9,153.0,99.02912621359224,91.06796116504854,91.06796116504854
9,154.0,99.02912621359224,91.06796116504854,91.06796116504854
9,155.0,99.02912621359224,91.06796116504854,91.06796116504854
9,156.0,99.02912621359224,91.06796116504854,91.06796116504854
9,157.0,99.02912621359224,91.06796116504854,91.06796116504854
9,158.0,99.02912621359224,91.06796116504854,91.06796116504854
9,159.0,99.02912621359224,91.06796116504854,91.06796116504854
9,160.0,99.02912621359224,91.06796116504854,91.06796116504854
9,161.0,99.02912621359224,91.06796116504854,91.06796116504854
9,162.0,99.02912621359224,91.06796116504854,91.06796116504854
9,163.0,99.02912621359224,91.06796116504854,91.06796116504854
9,164.0,99.02912621359224,91.06796116504854,91.06796116504854
9,165.0,99.02912621359224,91.06796116504854,91.06796116504854
9,166.0,99.02912621359224,91.06796116504854,91.06796116504854
10,1.0,4.854368932038835,0.0,0.0
10,2.0,5.631067961165048,0.0,0.0
10,3.0,5.631067961165048,0.0,0.0
10,4.0,6.019417475728155,0.0,0.0
10,5.0,6.213592233009709,0.0,0.0
10,6.0,6.213592233009709,0.0,0.0
10,7.0,6.213592233009709,0.0,0.0
10,8.0,6.213592233009709,0.0,0.0
10,9.0,6.213592233009709,0.0,0.0
10,10.0,6.213592233009709,0.0,0.0
10,11.0,6.213592233009709,0.0,0.0
10,12.0,6.213592233009709,0.0,0.0
10,13.0,6.213592233009709,0.0,0.0
10,14.0,6.213592233009709,0.0,0.0
10,15.0,6.213592233009709,0.0,0.0
10,16.0,6.213592233009709,0.0,0.0
10,17.0,6.213592233009709,0.0,0.0
10,18.0,6.213592233009709,0.0,0.0
10,19.0,6.213592233009709,0.0,0.0
10,20.0,6.213592233009709,0.0,0.0
10,21.0,6.213592233009709,0.0,0.0
10,22.0,6.213592233009709,0.0,0.0
10,23.0,6.213592233009709,0.0,0.0
10,24.0,6.213592233009709,0.0,0.0
10,25.0,6.213592233009709,1.7475728155339807,1.7475728155339807
10,26.0,6.213592233009709,2.1359223300970873,2.1359223300970873
10,27.0,6.213592233009709,2.1359223300970873,2.1359223300970873
10,28.0,8.349514563106796,3.4951456310679614,3.4951456310679614
10,29.0,8.737864077669903,3.4951456310679614,3.4951456310679614
10,30.0,14.36893203883495,5.048543689320388,5.048543689320388
10,31.0,15.53398058252427,5.048543689320388,5.048543689320388
10,32.0,15.728155339805824,5.048543689320388,5.048543689320388
10,33.0,15.922330097087379,5.048543689320388,5.048543689320388
10,34.0,15.922330097087379,5.048543689320388,5.048543689320388
10,35.0,15.922330097087379,5.048543689320388,5.048543689320388
10,36.0,27.184466019417474,5.048543689320388,5.048543689320388
10,37.0,28.7378640776699,5.048543689320388,5.048543689320388
10,38.0,30.29126213592233,5.048543689320388,5.048543689320388
10,39.0,38.44660194174757,5.048543689320388,5.048543689320388
10,40.0,40.0,5.048543689320388,5.048543689320388
10,41.0,41.16504854368932,5.048543689320388,5.048543689320388
10,42.0,41.74757281553398,5.048543689320388,5.048543689320388
10,43.0,41.74757281553398,5.048543689320388,5.048543689320388
10,44.0,41.94174757281554,5.048543689320388,5.048543689320388
10,45.0,41.94174757281554,6.990291262135923,6.990291262135923
10,46.0,42.13592233009709,10.679611650485436,10.679611650485436
10,47.0,42.13592233009709,11.262135922330096,11.262135922330096
10,48.0,42.13592233009709,11.45631067961165,11.45631067961165
10,49.0,54.757281553398066,12.62135922330097,12.62135922330097
10,50.0,60.19417475728155,12.815533980582524,12.815533980582524
10,51.0,60.58252427184466,12.815533980582524,12.815533980582524
10,52.0,60.970873786407765,12.62135922330097,12.62135922330097
10,53.0,71.84466019417476,12.62135922330097,12.62135922330097
10,54.0,74.9514563106796,17.475728155339805,17.475728155339805
10,55.0,74.9514563106796,17.475728155339805,17.475728155339805
10,56.0,77.47572815533981,18.446601941747574,18.446601941747574
10,57.0,77.47572815533981,18.640776699029125,18.640776699029125
10,58.0,77.47572815533981,21.35922330097087,21.35922330097087
10,59.0,77.47572815533981,21.74757281553398,21.74757281553398
10,60.0,77.47572815533981,27.766990291262132,18.446601941747574
10,61.0,84.46601941747572,27.96116504854369,18.25242718446602
10,62.0,84.66019417475728,28.7378640776699,19.41747572815534
10,63.0,87.57281553398059,28.7378640776699,19.02912621359223
10,64.0,87.57281553398059,30.29126213592233,20.388349514563107
10,65.0,87.57281553398059,30.097087378640776,20.388349514563107
10,66.0,87.57281553398059,33.398058252427184,23.300970873786408
10,67.0,87.57281553398059,32.42718446601941,22.718446601941746
10,68.0,87.57281553398059,33.20388349514563,23.300970873786408
10,69.0,87.57281553398059,33.20388349514563,23.106796116504853
10,70.0,89.90291262135922,33.00970873786408,23.106796116504853
10,71.0,89.90291262135922,42.9126213592233,29.514563106796114
10,72.0,90.87378640776699,45.43689320388349,32.42718446601941
10,73.0,90.87378640776699,46.990291262135926,34.368932038834956
10,74.0,90.87378640776699,59.417475728155345,45.8252427184466
10,75.0,90.87378640776699,61.55339805825243,47.96116504854369
10,76.0,90.87378640776699,64.46601941747574,51.6504854368932
10,77.0,90.87378640776699,67.57281553398057,55.72815533980583
10,78.0,90.87378640776699,70.09708737864078,37.4757281553398
10,79.0,90.87378640776699,75.33980582524272,44.07766990291262
10,80.0,93.98058252427185,79.02912621359224,53.592233009708735
10,81.0,95.14563106796116,82.71844660194175,58.83495145631068
10,82.0,95.14563106796116,83.68932038834951,58.64077669902913
10,83.0,95.14563106796116,83.10679611650485,60.970873786407765
10,84.0,95.33980582524272,85.8252427184466,25.631067961165048
10,85.0,95.33980582524272,84.46601941747572,25.24271844660194
10,86.0,95.33980582524272,85.24271844660194,25.631067961165048
10,87.0,95.33980582524272,82.71844660194175,26.990291262135923
10,88.0,95.33980582524272,84.46601941747572,28.349514563106798
10,89.0,95.33980582524272,85.43689320388349,28.7378640776699
10,90.0,95.33980582524272,85.8252427184466,29.126213592233007
10,91.0,95.33980582524272,84.66019417475728,29.320388349514566
10,92.0,95.33980582524272,84.85436893203884,29.514563106796114
10,93.0,95.33980582524272,87.76699029126213,41.94174757281554
10,94.0,95.33980582524272,88.54368932038835,46.40776699029126
10,95.0,95.33980582524272,87.96116504854369,47.96116504854369
10,96.0,95.33980582524272,90.09708737864077,50.873786407766985
10,97.0,95.33980582524272,90.87378640776699,51.45631067961165
10,98.0,95.33980582524272,80.7766990291262,56.699029126213595
10,99.0,95.33980582524272,80.7766990291262,57.0873786407767
10,100.0,95.33980582524272,82.33009708737865,57.86407766990291
10,101.0,95.33980582524272,80.3883495145631,56.89320388349515
10,102.0,97.28155339805825,81.74757281553397,57.0873786407767
10,103.0,97.66990291262137,81.74757281553397,57.0873786407767
10,104.0,97.86407766990291,57.0873786407767,57.0873786407767
10,105.0,98.25242718446601,57.4757281553398,57.4757281553398
10,106.0,98.64077669902913,56.89320388349515,56.89320388349515
10,107.0,98.64077669902913,56.699029126213595,56.699029126213595
10,108.0,98.64077669902913,55.33980582524271,55.33980582524271
10,109.0,98.64077669902913,56.699029126213595,56.699029126213595
10,110.0,98.64077669902913,57.4757281553398,57.4757281553398
10,111.0,98.64077669902913,57.0873786407767,57.0873786407767
10,112.0,98.64077669902913,56.699029126213595,56.699029126213595
10,113.0,98.64077669902913,56.50485436893204,56.50485436893204
10,114.0,98.83495145631068,57.0873786407767,57.0873786407767
10,115.0,98.83495145631068,68.93203883495146,68.93203883495146
10,116.0,98.83495145631068,72.81553398058253,72.81553398058253
10,117.0,98.83495145631068,72.81553398058253,72.81553398058253
10,118.0,98.83495145631068,72.81553398058253,72.81553398058253
10,119.0,98.83495145631068,72.81553398058253,72.81553398058253
10,120.0,98.83495145631068,72.81553398058253,72.81553398058253
10,121.0,98.83495145631068,72.81553398058253,72.81553398058253
10,122.0,98.83495145631068,72.81553398058253,72.81553398058253
10,123.0,98.83495145631068,72.81553398058253,72.81553398058253
10,124.0,98.83495145631068,72.81553398058253,72.81553398058253
10,125.0,98.83495145631068,72.81553398058253,72.81553398058253
10,126.0,98.83495145631068,72.81553398058253,72.81553398058253
10,127.0,98.83495145631068,72.81553398058253,72.81553398058253
10,128.0,98.83495145631068,72.81553398058253,72.81553398058253
10,129.0,98.83495145631068,72.81553398058253,72.81553398058253
10,130.0,98.83495145631068,72.81553398058253,72.81553398058253
10,131.0,98.83495145631068,72.81553398058253,72.81553398058253
10,132.0,98.83495145631068,72.81553398058253,72.81553398058253
10,133.0,98.83495145631068,72.81553398058253,72.81553398058253
10,134.0,98.83495145631068,72.81553398058253,72.81553398058253
10,135.0,98.83495145631068,72.81553398058253,72.81553398058253
10,136.0,98.83495145631068,72.81553398058253,72.81553398058253
10,137.0,98.83495145631068,72.81553398058253,72.81553398058253
10,138.0,98.83495145631068,72.81553398058253,72.81553398058253
10,139.0,98.83495145631068,72.81553398058253,72.81553398058253
10,140.0,98.83495145631068,72.81553398058253,72.81553398058253
10,141.0,98.83495145631068,72.81553398058253,72.81553398058253
10,142.0,98.83495145631068,72.81553398058253,72.81553398058253
10,143.0,98.83495145631068,72.81553398058253,72.81553398058253
10,144.0,98.83495145631068,72.81553398058253,72.81553398058253
10,145.0,98.83495145631068,72.81553398058253,72.81553398058253
10,146.0,98.83495145631068,72.81553398058253,72.81553398058253
10,147.0,98.83495145631068,72.81553398058253,72.81553398058253
10,148.0,98.83495145631068,72.81553398058253,72.81553398058253
10,149.0,98.83495145631068,72.81553398058253,72.81553398058253
10,150.0,98.83495145631068,72.81553398058253,72.81553398058253
10,151.0,98.83495145631068,72.81553398058253,72.81553398058253
10,152.0,98.83495145631068,72.81553398058253,72.81553398058253
10,153.0,98.83495145631068,72.81553398058253,72.81553398058253
10,154.0,98.83495145631068,72.81553398058253,72.81553398058253
10,155.0,98.83495145631068,72.81553398058253,72.81553398058253
10,156.0,98.83495145631068,72.81553398058253,72.81553398058253
10,157.0,98.83495145631068,72.81553398058253,72.81553398058253
10,158.0,98.83495145631068,72.81553398058253,72.81553398058253
10,159.0,98.83495145631068,72.81553398058253,72.81553398058253
10,160.0,98.83495145631068,72.81553398058253,72.81553398058253
10,161.0,98.83495145631068,72.81553398058253,72.81553398058253
10,162.0,98.83495145631068,72.81553398058253,72.81553398058253
10,163.0,98.83495145631068,72.81553398058253,72.81553398058253
10,164.0,98.83495145631068,72.81553398058253,72.81553398058253
10,165.0,98.83495145631068,72.81553398058253,72.81553398058253
10,166.0,98.83495145631068,72.81553398058253,72.81553398058253
