"run","tick","BefallGR","BefallGRsicht","BefallGRertrag"
1,1.0,4.077669902912621,0.0,0.0
1,2.0,4.854368932038835,0.0,0.0
1,3.0,4.854368932038835,0.0,0.0
1,4.0,4.854368932038835,0.0,0.0
1,5.0,4.854368932038835,0.0,0.0
1,6.0,5.048543689320388,0.0,0.0
1,7.0,5.048543689320388,0.0,0.0
1,8.0,5.048543689320388,0.0,0.0
1,9.0,5.048543689320388,0.0,0.0
1,10.0,5.048543689320388,0.0,0.0
1,11.0,5.048543689320388,0.0,0.0
1,12.0,5.242718446601942,0.0,0.0
1,13.0,5.242718446601942,0.0,0.0
1,14.0,5.242718446601942,0.0,0.0
1,15.0,5.242718446601942,0.0,0.0
1,16.0,5.242718446601942,0.0,0.0
1,17.0,5.242718446601942,0.0,0.0
1,18.0,5.242718446601942,0.0,0.0
1,19.0,5.242718446601942,0.0,0.0
1,20.0,5.242718446601942,0.0,0.0
1,21.0,5.242718446601942,0.0,0.0
1,22.0,5.242718446601942,0.0,0.0
1,23.0,5.242718446601942,0.0,0.0
1,24.0,5.242718446601942,0.0,0.0
1,25.0,5.242718446601942,0.5825242718446602,0.5825242718446602
1,26.0,5.242718446601942,1.5533980582524272,1.5533980582524272
1,27.0,5.242718446601942,1.5533980582524272,1.5533980582524272
1,28.0,6.796116504854369,2.7184466019417477,2.7184466019417477
1,29.0,7.766990291262135,2.912621359223301,2.912621359223301
1,30.0,12.03883495145631,4.271844660194175,4.271844660194175
1,31.0,12.62135922330097,4.271844660194175,4.271844660194175
1,32.0,13.009708737864079,4.271844660194175,4.271844660194175
1,33.0,13.398058252427184,4.271844660194175,4.271844660194175
1,34.0,13.398058252427184,4.271844660194175,4.271844660194175
1,35.0,13.78640776699029,4.271844660194175,4.271844660194175
1,36.0,23.495145631067963,4.271844660194175,4.271844660194175
1,37.0,25.24271844660194,4.271844660194175,4.271844660194175
1,38.0,26.21359223300971,4.271844660194175,4.271844660194175
1,39.0,34.56310679611651,4.271844660194175,4.271844660194175
1,40.0,36.310679611650485,4.271844660194175,4.271844660194175
1,41.0,36.89320388349515,4.271844660194175,4.271844660194175
1,42.0,37.0873786407767,4.271844660194175,4.271844660194175
1,43.0,37.28155339805825,4.271844660194175,4.271844660194175
1,44.0,37.4757281553398,4.271844660194175,4.271844660194175
1,45.0,37.4757281553398,4.854368932038835,4.854368932038835
1,46.0,37.4757281553398,6.990291262135923,6.990291262135923
1,47.0,37.4757281553398,8.737864077669903,8.737864077669903
1,48.0,37.4757281553398,8.932038834951456,8.932038834951456
1,49.0,46.213592233009706,10.097087378640776,10.097087378640776
1,50.0,49.90291262135923,9.902912621359224,9.902912621359224
1,51.0,50.679611650485434,9.902912621359224,9.902912621359224
1,52.0,51.067961165048544,10.097087378640776,10.097087378640776
1,53.0,60.0,9.902912621359224,9.902912621359224
1,54.0,62.5242718446602,11.650485436893204,11.650485436893204
1,55.0,63.10679611650486,11.45631067961165,11.45631067961165
1,56.0,65.0485436893204,14.174757281553399,14.174757281553399
1,57.0,65.4368932038835,13.592233009708737,13.592233009708737
1,58.0,65.63106796116504,17.475728155339805,17.475728155339805
1,59.0,65.63106796116504,17.66990291262136,17.66990291262136
1,60.0,65.8252427184466,21.553398058252426,14.174757281553399
1,61.0,71.45631067961165,21.941747572815533,14.563106796116504
1,62.0,71.84466019417476,23.883495145631066,15.922330097087379
1,63.0,74.75728155339806,24.271844660194176,15.922330097087379
1,64.0,75.14563106796116,27.378640776699033,19.223300970873787
1,65.0,75.14563106796116,26.601941747572816,18.25242718446602
1,66.0,75.14563106796116,29.126213592233007,20.776699029126213
1,67.0,75.33980582524272,29.126213592233007,20.776699029126213
1,68.0,75.33980582524272,28.932038834951456,20.776699029126213
1,69.0,75.33980582524272,28.155339805825243,20.19417475728155
1,70.0,82.91262135922331,28.932038834951456,20.388349514563107
1,71.0,83.49514563106796,33.592233009708735,24.854368932038835
1,72.0,86.60194174757282,34.368932038834956,26.21359223300971
1,73.0,86.60194174757282,39.22330097087379,28.7378640776699
1,74.0,86.60194174757282,44.271844660194176,35.92233009708738
1,75.0,86.79611650485437,50.09708737864078,40.97087378640777
1,76.0,86.79611650485437,52.038834951456316,42.71844660194174
1,77.0,86.79611650485437,54.36893203883495,44.07766990291262
1,78.0,86.79611650485437,57.66990291262136,29.902912621359224
1,79.0,86.79611650485437,59.22330097087378,33.78640776699029
1,80.0,88.7378640776699,63.883495145631066,40.0
1,81.0,89.126213592233,69.12621359223301,46.40776699029126
1,82.0,89.126213592233,69.90291262135922,49.320388349514566
1,83.0,89.126213592233,70.29126213592232,51.262135922330096
1,84.0,89.126213592233,72.03883495145631,23.106796116504853
1,85.0,89.126213592233,71.26213592233009,22.9126213592233
1,86.0,89.126213592233,75.92233009708738,30.097087378640776
1,87.0,89.126213592233,76.89320388349515,38.83495145631068
1,88.0,89.126213592233,81.35922330097087,48.349514563106794
1,89.0,89.126213592233,82.71844660194175,50.09708737864078
1,90.0,89.126213592233,83.30097087378641,52.81553398058253
1,91.0,89.126213592233,83.68932038834951,53.00970873786408
1,92.0,89.126213592233,83.49514563106796,53.20388349514563
1,93.0,89.126213592233,84.27184466019418,54.1747572815534
1,94.0,89.126213592233,85.43689320388349,58.44660194174758
1,95.0,89.126213592233,84.85436893203884,59.22330097087378
1,96.0,89.126213592233,86.01941747572816,62.5242718446602
1,97.0,89.126213592233,85.63106796116506,61.74757281553398
1,98.0,89.126213592233,81.16504854368932,63.49514563106796
1,99.0,89.126213592233,81.35922330097087,64.46601941747574
1,100.0,89.126213592233,80.58252427184466,64.46601941747574
1,101.0,89.126213592233,80.97087378640776,64.85436893203882
1,102.0,90.09708737864077,81.74757281553397,64.85436893203882
1,103.0,90.67961165048544,81.94174757281554,63.689320388349515
1,104.0,90.87378640776699,64.27184466019418,64.27184466019418
1,105.0,92.42718446601941,64.27184466019418,64.27184466019418
1,106.0,92.81553398058252,64.07766990291263,64.07766990291263
1,107.0,93.20388349514563,63.30097087378641,63.30097087378641
1,108.0,93.20388349514563,63.689320388349515,63.689320388349515
1,109.0,93.20388349514563,64.07766990291263,64.07766990291263
1,110.0,93.20388349514563,64.07766990291263,64.07766990291263
1,111.0,93.20388349514563,64.27184466019418,64.27184466019418
1,112.0,93.20388349514563,63.30097087378641,63.30097087378641
1,113.0,93.20388349514563,63.689320388349515,63.689320388349515
1,114.0,93.39805825242719,64.66019417475728,64.66019417475728
1,115.0,93.39805825242719,66.40776699029126,66.40776699029126
1,116.0,93.39805825242719,73.39805825242719,73.39805825242719
1,117.0,93.39805825242719,73.39805825242719,73.39805825242719
1,118.0,93.39805825242719,73.39805825242719,73.39805825242719
1,119.0,93.39805825242719,73.39805825242719,73.39805825242719
1,120.0,93.39805825242719,73.39805825242719,73.39805825242719
1,121.0,93.39805825242719,73.39805825242719,73.39805825242719
1,122.0,93.39805825242719,73.39805825242719,73.39805825242719
1,123.0,93.39805825242719,73.39805825242719,73.39805825242719
1,124.0,93.39805825242719,73.39805825242719,73.39805825242719
1,125.0,93.39805825242719,73.39805825242719,73.39805825242719
1,126.0,93.39805825242719,73.39805825242719,73.39805825242719
1,127.0,93.39805825242719,73.39805825242719,73.39805825242719
1,128.0,93.39805825242719,73.39805825242719,73.39805825242719
1,129.0,93.39805825242719,73.39805825242719,73.39805825242719
1,130.0,93.39805825242719,73.39805825242719,73.39805825242719
1,131.0,93.39805825242719,73.39805825242719,73.39805825242719
1,132.0,93.39805825242719,73.39805825242719,73.39805825242719
1,133.0,93.39805825242719,73.39805825242719,73.39805825242719
1,134.0,93.39805825242719,73.39805825242719,73.39805825242719
1,135.0,93.39805825242719,73.39805825242719,73.39805825242719
1,136.0,93.39805825242719,73.39805825242719,73.39805825242719
1,137.0,93.39805825242719,73.39805825242719,73.39805825242719
1,138.0,93.39805825242719,73.39805825242719,73.39805825242719
1,139.0,93.39805825242719,73.39805825242719,73.39805825242719
1,140.0,93.39805825242719,73.39805825242719,73.39805825242719
1,141.0,93.39805825242719,73.39805825242719,73.39805825242719
1,142.0,93.39805825242719,73.39805825242719,73.39805825242719
1,143.0,93.39805825242719,73.39805825242719,73.39805825242719
1,144.0,93.39805825242719,73.39805825242719,73.39805825242719
1,145.0,93.39805825242719,73.39805825242719,73.39805825242719
1,146.0,93.39805825242719,73.39805825242719,73.39805825242719
1,147.0,93.39805825242719,73.39805825242719,73.39805825242719
1,148.0,93.39805825242719,73.39805825242719,73.39805825242719
1,149.0,93.39805825242719,73.39805825242719,73.39805825242719
1,150.0,93.39805825242719,73.39805825242719,73.39805825242719
1,151.0,93.39805825242719,73.39805825242719,73.39805825242719
1,152.0,93.39805825242719,73.39805825242719,73.39805825242719
1,153.0,93.39805825242719,73.39805825242719,73.39805825242719
1,154.0,93.39805825242719,73.39805825242719,73.39805825242719
1,155.0,93.39805825242719,73.39805825242719,73.39805825242719
1,156.0,93.39805825242719,73.39805825242719,73.39805825242719
1,157.0,93.39805825242719,73.39805825242719,73.39805825242719
1,158.0,93.39805825242719,73.39805825242719,73.39805825242719
1,159.0,93.39805825242719,73.39805825242719,73.39805825242719
1,160.0,93.39805825242719,73.39805825242719,73.39805825242719
1,161.0,93.39805825242719,73.39805825242719,73.39805825242719
1,162.0,93.39805825242719,73.39805825242719,73.39805825242719
1,163.0,93.39805825242719,73.39805825242719,73.39805825242719
1,164.0,93.39805825242719,73.39805825242719,73.39805825242719
1,165.0,93.39805825242719,73.39805825242719,73.39805825242719
1,166.0,93.39805825242719,73.39805825242719,73.39805825242719
3,1.0,4.077669902912621,0.0,0.0
3,2.0,4.854368932038835,0.0,0.0
3,3.0,4.854368932038835,0.0,0.0
3,4.0,5.048543689320388,0.0,0.0
3,5.0,5.048543689320388,0.0,0.0
3,6.0,5.048543689320388,0.0,0.0
3,7.0,5.048543689320388,0.0,0.0
3,8.0,5.048543689320388,0.0,0.0
3,9.0,5.048543689320388,0.0,0.0
3,10.0,5.242718446601942,0.0,0.0
3,11.0,5.242718446601942,0.0,0.0
3,12.0,5.242718446601942,0.0,0.0
3,13.0,5.242718446601942,0.0,0.0
3,14.0,5.242718446601942,0.0,0.0
3,15.0,5.242718446601942,0.0,0.0
3,16.0,5.242718446601942,0.0,0.0
3,17.0,5.242718446601942,0.0,0.0
3,18.0,5.242718446601942,0.0,0.0
3,19.0,5.242718446601942,0.0,0.0
3,20.0,5.242718446601942,0.0,0.0
3,21.0,5.242718446601942,0.0,0.0
3,22.0,5.242718446601942,0.0,0.0
3,23.0,5.242718446601942,0.0,0.0
3,24.0,5.242718446601942,0.0,0.0
3,25.0,5.242718446601942,1.3592233009708738,1.3592233009708738
3,26.0,5.242718446601942,1.9417475728155338,1.9417475728155338
3,27.0,5.242718446601942,1.9417475728155338,1.9417475728155338
3,28.0,7.184466019417475,2.1359223300970873,2.1359223300970873
3,29.0,7.572815533980583,2.3300970873786406,2.3300970873786406
3,30.0,11.067961165048544,4.271844660194175,4.271844660194175
3,31.0,11.650485436893204,4.271844660194175,4.271844660194175
3,32.0,12.03883495145631,4.271844660194175,4.271844660194175
3,33.0,12.03883495145631,4.271844660194175,4.271844660194175
3,34.0,12.03883495145631,4.271844660194175,4.271844660194175
3,35.0,12.03883495145631,4.271844660194175,4.271844660194175
3,36.0,21.74757281553398,4.271844660194175,4.271844660194175
3,37.0,23.689320388349515,4.271844660194175,4.271844660194175
3,38.0,23.883495145631066,4.271844660194175,4.271844660194175
3,39.0,30.29126213592233,4.271844660194175,4.271844660194175
3,40.0,31.456310679611647,4.271844660194175,4.271844660194175
3,41.0,32.23300970873787,4.271844660194175,4.271844660194175
3,42.0,32.42718446601941,4.271844660194175,4.271844660194175
3,43.0,32.42718446601941,4.271844660194175,4.271844660194175
3,44.0,32.42718446601941,4.271844660194175,4.271844660194175
3,45.0,32.62135922330097,5.631067961165048,5.631067961165048
3,46.0,32.62135922330097,8.349514563106796,8.349514563106796
3,47.0,32.62135922330097,9.514563106796116,9.514563106796116
3,48.0,32.62135922330097,9.320388349514563,9.320388349514563
3,49.0,41.359223300970875,9.514563106796116,9.514563106796116
3,50.0,44.66019417475729,9.320388349514563,9.320388349514563
3,51.0,45.04854368932038,9.320388349514563,9.320388349514563
3,52.0,45.8252427184466,9.320388349514563,9.320388349514563
3,53.0,53.398058252427184,9.514563106796116,9.514563106796116
3,54.0,54.5631067961165,13.009708737864079,13.009708737864079
3,55.0,54.95145631067962,12.815533980582524,12.815533980582524
3,56.0,57.66990291262136,13.980582524271846,13.980582524271846
3,57.0,57.86407766990291,14.36893203883495,14.36893203883495
3,58.0,57.86407766990291,15.145631067961165,15.145631067961165
3,59.0,57.86407766990291,15.145631067961165,15.145631067961165
3,60.0,58.05825242718446,23.106796116504853,15.922330097087379
3,61.0,62.13592233009708,22.330097087378643,15.53398058252427
3,62.0,62.71844660194175,23.495145631067963,16.116504854368934
3,63.0,67.37864077669903,23.689320388349515,16.116504854368934
3,64.0,67.37864077669903,24.854368932038835,17.281553398058254
3,65.0,67.37864077669903,24.271844660194176,16.893203883495143
3,66.0,67.37864077669903,27.184466019417474,19.41747572815534
3,67.0,67.57281553398057,26.796116504854368,19.223300970873787
3,68.0,67.57281553398057,26.601941747572816,18.83495145631068
3,69.0,67.57281553398057,26.407766990291265,19.02912621359223
3,70.0,77.47572815533981,26.796116504854368,19.02912621359223
3,71.0,78.64077669902912,32.038834951456316,24.660194174757283
3,72.0,82.71844660194175,34.1747572815534,26.21359223300971
3,73.0,83.10679611650485,36.310679611650485,29.126213592233007
3,74.0,83.30097087378641,43.689320388349515,36.116504854368934
3,75.0,83.30097087378641,46.990291262135926,38.640776699029125
3,76.0,83.30097087378641,49.90291262135923,41.55339805825243
3,77.0,83.49514563106796,49.90291262135923,40.97087378640777
3,78.0,83.49514563106796,52.42718446601942,30.29126213592233
3,79.0,83.49514563106796,55.33980582524271,36.116504854368934
3,80.0,90.29126213592234,59.417475728155345,41.359223300970875
3,81.0,91.6504854368932,60.38834951456311,43.10679611650485
3,82.0,91.6504854368932,62.13592233009708,44.271844660194176
3,83.0,91.6504854368932,64.07766990291263,46.79611650485437
3,84.0,91.6504854368932,68.73786407766991,26.019417475728158
3,85.0,91.6504854368932,68.73786407766991,26.019417475728158
3,86.0,91.6504854368932,69.90291262135922,29.320388349514566
3,87.0,91.6504854368932,70.48543689320388,36.50485436893204
3,88.0,91.6504854368932,77.47572815533981,43.49514563106796
3,89.0,91.6504854368932,76.89320388349515,44.66019417475729
3,90.0,91.6504854368932,80.3883495145631,48.932038834951456
3,91.0,91.6504854368932,80.7766990291262,49.320388349514566
3,92.0,91.6504854368932,80.7766990291262,49.320388349514566
3,93.0,91.6504854368932,87.57281553398059,72.62135922330097
3,94.0,91.6504854368932,88.3495145631068,77.86407766990291
3,95.0,91.6504854368932,88.93203883495146,78.05825242718447
3,96.0,91.6504854368932,89.32038834951457,79.41747572815534
3,97.0,91.6504854368932,89.32038834951457,80.19417475728156
3,98.0,91.6504854368932,88.7378640776699,83.49514563106796
3,99.0,91.6504854368932,89.32038834951457,84.66019417475728
3,100.0,91.6504854368932,90.09708737864077,84.85436893203884
3,101.0,91.6504854368932,90.09708737864077,85.43689320388349
3,102.0,95.14563106796116,89.51456310679612,84.85436893203884
3,103.0,95.53398058252426,90.09708737864077,85.63106796116506
3,104.0,95.53398058252426,85.04854368932038,85.04854368932038
3,105.0,96.31067961165049,84.66019417475728,84.66019417475728
3,106.0,96.69902912621359,84.66019417475728,84.66019417475728
3,107.0,96.89320388349515,85.24271844660194,85.24271844660194
3,108.0,96.89320388349515,85.43689320388349,85.43689320388349
3,109.0,96.89320388349515,85.04854368932038,85.04854368932038
3,110.0,96.89320388349515,84.85436893203884,84.85436893203884
3,111.0,96.89320388349515,86.01941747572816,86.01941747572816
3,112.0,96.89320388349515,84.46601941747572,84.46601941747572
3,113.0,96.89320388349515,84.46601941747572,84.46601941747572
3,114.0,97.0873786407767,85.04854368932038,85.04854368932038
3,115.0,97.0873786407767,90.87378640776699,90.87378640776699
3,116.0,97.0873786407767,91.2621359223301,91.2621359223301
3,117.0,97.0873786407767,91.2621359223301,91.2621359223301
3,118.0,97.0873786407767,91.2621359223301,91.2621359223301
3,119.0,97.0873786407767,91.2621359223301,91.2621359223301
3,120.0,97.0873786407767,91.2621359223301,91.2621359223301
3,121.0,97.0873786407767,91.2621359223301,91.2621359223301
3,122.0,97.0873786407767,91.2621359223301,91.2621359223301
3,123.0,97.0873786407767,91.2621359223301,91.2621359223301
3,124.0,97.0873786407767,91.2621359223301,91.2621359223301
3,125.0,97.0873786407767,91.2621359223301,91.2621359223301
3,126.0,97.0873786407767,91.2621359223301,91.2621359223301
3,127.0,97.0873786407767,91.2621359223301,91.2621359223301
3,128.0,97.0873786407767,91.2621359223301,91.2621359223301
3,129.0,97.0873786407767,91.2621359223301,91.2621359223301
3,130.0,97.0873786407767,91.2621359223301,91.2621359223301
3,131.0,97.0873786407767,91.2621359223301,91.2621359223301
3,132.0,97.0873786407767,91.2621359223301,91.2621359223301
3,133.0,97.0873786407767,91.2621359223301,91.2621359223301
3,134.0,97.0873786407767,91.2621359223301,91.2621359223301
3,135.0,97.0873786407767,91.2621359223301,91.2621359223301
3,136.0,97.0873786407767,91.2621359223301,91.2621359223301
3,137.0,97.0873786407767,91.2621359223301,91.2621359223301
3,138.0,97.0873786407767,91.2621359223301,91.2621359223301
3,139.0,97.0873786407767,91.2621359223301,91.2621359223301
3,140.0,97.0873786407767,91.2621359223301,91.2621359223301
3,141.0,97.0873786407767,91.2621359223301,91.2621359223301
3,142.0,97.0873786407767,91.2621359223301,91.2621359223301
3,143.0,97.0873786407767,91.2621359223301,91.2621359223301
3,144.0,97.0873786407767,91.2621359223301,91.2621359223301
3,145.0,97.0873786407767,91.2621359223301,91.2621359223301
3,146.0,97.0873786407767,91.2621359223301,91.2621359223301
3,147.0,97.0873786407767,91.2621359223301,91.2621359223301
3,148.0,97.0873786407767,91.2621359223301,91.2621359223301
3,149.0,97.0873786407767,91.2621359223301,91.2621359223301
3,150.0,97.0873786407767,91.2621359223301,91.2621359223301
3,151.0,97.0873786407767,91.2621359223301,91.2621359223301
3,152.0,97.0873786407767,91.2621359223301,91.2621359223301
3,153.0,97.0873786407767,91.2621359223301,91.2621359223301
3,154.0,97.0873786407767,91.2621359223301,91.2621359223301
3,155.0,97.0873786407767,91.2621359223301,91.2621359223301
3,156.0,97.0873786407767,91.2621359223301,91.2621359223301
3,157.0,97.0873786407767,91.2621359223301,91.2621359223301
3,158.0,97.0873786407767,91.2621359223301,91.2621359223301
3,159.0,97.0873786407767,91.2621359223301,91.2621359223301
3,160.0,97.08171206225681,91.24513618677042,91.24513618677042
3,161.0,97.08171206225681,91.24513618677042,91.24513618677042
3,162.0,97.08171206225681,91.24513618677042,91.24513618677042
3,163.0,97.08171206225681,91.24513618677042,91.24513618677042
3,164.0,97.08171206225681,91.24513618677042,91.24513618677042
3,165.0,97.08171206225681,91.24513618677042,91.24513618677042
3,166.0,97.0703125,91.2109375,91.2109375
5,1.0,4.271844660194175,0.0,0.0
5,2.0,5.048543689320388,0.0,0.0
5,3.0,5.242718446601942,0.0,0.0
5,4.0,5.436893203883495,0.0,0.0
5,5.0,5.436893203883495,0.0,0.0
5,6.0,5.436893203883495,0.0,0.0
5,7.0,5.436893203883495,0.0,0.0
5,8.0,5.436893203883495,0.0,0.0
5,9.0,5.436893203883495,0.0,0.0
5,10.0,5.436893203883495,0.0,0.0
5,11.0,5.436893203883495,0.0,0.0
5,12.0,5.436893203883495,0.0,0.0
5,13.0,5.436893203883495,0.0,0.0
5,14.0,5.436893203883495,0.0,0.0
5,15.0,5.436893203883495,0.0,0.0
5,16.0,5.436893203883495,0.0,0.0
5,17.0,5.436893203883495,0.0,0.0
5,18.0,5.436893203883495,0.0,0.0
5,19.0,5.436893203883495,0.0,0.0
5,20.0,5.436893203883495,0.0,0.0
5,21.0,5.436893203883495,0.0,0.0
5,22.0,5.436893203883495,0.0,0.0
5,23.0,5.436893203883495,0.0,0.0
5,24.0,5.436893203883495,0.0,0.0
5,25.0,5.436893203883495,0.3883495145631068,0.3883495145631068
5,26.0,5.436893203883495,2.3300970873786406,2.3300970873786406
5,27.0,5.436893203883495,2.3300970873786406,2.3300970873786406
5,28.0,7.572815533980583,3.6893203883495143,3.6893203883495143
5,29.0,7.961165048543689,3.6893203883495143,3.6893203883495143
5,30.0,12.233009708737864,4.466019417475728,4.466019417475728
5,31.0,12.62135922330097,4.466019417475728,4.466019417475728
5,32.0,12.815533980582524,4.466019417475728,4.466019417475728
5,33.0,13.009708737864079,4.466019417475728,4.466019417475728
5,34.0,13.009708737864079,4.466019417475728,4.466019417475728
5,35.0,13.203883495145632,4.466019417475728,4.466019417475728
5,36.0,23.495145631067963,4.466019417475728,4.466019417475728
5,37.0,25.631067961165048,4.466019417475728,4.466019417475728
5,38.0,26.21359223300971,4.466019417475728,4.466019417475728
5,39.0,34.75728155339806,4.466019417475728,4.466019417475728
5,40.0,35.53398058252427,4.466019417475728,4.466019417475728
5,41.0,36.699029126213595,4.466019417475728,4.466019417475728
5,42.0,36.89320388349515,4.466019417475728,4.466019417475728
5,43.0,37.0873786407767,4.466019417475728,4.466019417475728
5,44.0,37.4757281553398,4.466019417475728,4.466019417475728
5,45.0,37.86407766990291,5.048543689320388,5.048543689320388
5,46.0,38.05825242718446,7.572815533980583,7.572815533980583
5,47.0,38.05825242718446,10.097087378640776,10.097087378640776
5,48.0,38.05825242718446,10.097087378640776,10.097087378640776
5,49.0,46.990291262135926,11.262135922330096,11.262135922330096
5,50.0,51.6504854368932,10.87378640776699,10.87378640776699
5,51.0,52.23300970873787,11.262135922330096,11.262135922330096
5,52.0,53.20388349514563,10.87378640776699,10.87378640776699
5,53.0,63.883495145631066,11.262135922330096,11.262135922330096
5,54.0,66.2135922330097,12.427184466019417,12.427184466019417
5,55.0,66.99029126213593,12.03883495145631,12.03883495145631
5,56.0,69.12621359223301,16.699029126213592,16.699029126213592
5,57.0,69.12621359223301,16.893203883495143,16.893203883495143
5,58.0,69.32038834951456,20.388349514563107,20.388349514563107
5,59.0,69.32038834951456,20.19417475728155,20.19417475728155
5,60.0,69.32038834951456,22.718446601941746,14.174757281553399
5,61.0,75.92233009708738,22.718446601941746,14.563106796116504
5,62.0,76.50485436893204,25.631067961165048,17.475728155339805
5,63.0,78.83495145631068,26.407766990291265,17.475728155339805
5,64.0,79.41747572815534,28.7378640776699,20.0
5,65.0,79.80582524271844,29.126213592233007,20.388349514563107
5,66.0,79.80582524271844,29.708737864077673,20.97087378640777
5,67.0,79.80582524271844,30.29126213592233,20.776699029126213
5,68.0,79.80582524271844,30.485436893203882,21.553398058252426
5,69.0,79.80582524271844,29.514563106796114,21.16504854368932
5,70.0,87.57281553398059,30.679611650485437,21.16504854368932
5,71.0,88.54368932038835,33.592233009708735,24.271844660194176
5,72.0,92.42718446601941,33.78640776699029,24.854368932038835
5,73.0,92.62135922330097,41.359223300970875,31.456310679611647
5,74.0,93.00970873786409,47.57281553398058,35.728155339805824
5,75.0,93.00970873786409,54.757281553398066,43.10679611650485
5,76.0,93.20388349514563,57.0873786407767,45.04854368932038
5,77.0,93.20388349514563,59.6116504854369,47.57281553398058
5,78.0,93.20388349514563,62.13592233009708,31.456310679611647
5,79.0,93.20388349514563,65.0485436893204,35.53398058252427
5,80.0,94.5631067961165,68.73786407766991,45.63106796116505
5,81.0,95.33980582524272,73.20388349514563,51.6504854368932
5,82.0,95.33980582524272,73.7864077669903,54.1747572815534
5,83.0,95.33980582524272,75.33980582524272,55.33980582524271
5,84.0,95.33980582524272,75.33980582524272,25.04854368932039
5,85.0,95.33980582524272,75.14563106796116,25.8252427184466
5,86.0,95.33980582524272,79.6116504854369,36.310679611650485
5,87.0,95.33980582524272,83.30097087378641,43.30097087378641
5,88.0,95.33980582524272,86.99029126213593,51.84466019417475
5,89.0,95.33980582524272,88.54368932038835,54.5631067961165
5,90.0,95.33980582524272,89.32038834951457,54.1747572815534
5,91.0,95.33980582524272,89.32038834951457,53.786407766990294
5,92.0,95.33980582524272,89.70873786407768,53.980582524271846
5,93.0,95.33980582524272,89.126213592233,56.116504854368934
5,94.0,95.33980582524272,91.2621359223301,60.58252427184466
5,95.0,95.33980582524272,91.6504854368932,60.970873786407765
5,96.0,95.33980582524272,92.23300970873787,65.24271844660194
5,97.0,95.33980582524272,92.42718446601941,64.07766990291263
5,98.0,95.33980582524272,86.2135922330097,66.01941747572816
5,99.0,95.33980582524272,86.79611650485437,66.40776699029126
5,100.0,95.33980582524272,86.2135922330097,65.63106796116504
5,101.0,95.33980582524272,86.60194174757282,65.24271844660194
5,102.0,96.31067961165049,86.99029126213593,65.4368932038835
5,103.0,96.89320388349515,87.57281553398059,65.63106796116504
5,104.0,96.89320388349515,65.4368932038835,65.4368932038835
5,105.0,97.47572815533981,65.8252427184466,65.8252427184466
5,106.0,97.47572815533981,66.60194174757281,66.60194174757281
5,107.0,97.47572815533981,66.01941747572816,66.01941747572816
5,108.0,97.47572815533981,66.2135922330097,66.2135922330097
5,109.0,97.47572815533981,65.24271844660194,65.24271844660194
5,110.0,97.47572815533981,65.8252427184466,65.8252427184466
5,111.0,97.47572815533981,66.2135922330097,66.2135922330097
5,112.0,97.47572815533981,66.79611650485437,66.79611650485437
5,113.0,97.47572815533981,65.4368932038835,65.4368932038835
5,114.0,97.66990291262137,65.8252427184466,65.8252427184466
5,115.0,97.66990291262137,70.09708737864078,70.09708737864078
5,116.0,97.66990291262137,78.64077669902912,78.64077669902912
5,117.0,97.66990291262137,78.64077669902912,78.64077669902912
5,118.0,97.66990291262137,78.64077669902912,78.64077669902912
5,119.0,97.66990291262137,78.64077669902912,78.64077669902912
5,120.0,97.66990291262137,78.64077669902912,78.64077669902912
5,121.0,97.66990291262137,78.64077669902912,78.64077669902912
5,122.0,97.66990291262137,78.64077669902912,78.64077669902912
5,123.0,97.66990291262137,78.64077669902912,78.64077669902912
5,124.0,97.66990291262137,78.64077669902912,78.64077669902912
5,125.0,97.66990291262137,78.64077669902912,78.64077669902912
5,126.0,97.66990291262137,78.64077669902912,78.64077669902912
5,127.0,97.66990291262137,78.64077669902912,78.64077669902912
5,128.0,97.66990291262137,78.64077669902912,78.64077669902912
5,129.0,97.66990291262137,78.64077669902912,78.64077669902912
5,130.0,97.66990291262137,78.64077669902912,78.64077669902912
5,131.0,97.66990291262137,78.64077669902912,78.64077669902912
5,132.0,97.66990291262137,78.64077669902912,78.64077669902912
5,133.0,97.66990291262137,78.64077669902912,78.64077669902912
5,134.0,97.66990291262137,78.64077669902912,78.64077669902912
5,135.0,97.66990291262137,78.64077669902912,78.64077669902912
5,136.0,97.66990291262137,78.64077669902912,78.64077669902912
5,137.0,97.66990291262137,78.64077669902912,78.64077669902912
5,138.0,97.66990291262137,78.64077669902912,78.64077669902912
5,139.0,97.66990291262137,78.64077669902912,78.64077669902912
5,140.0,97.66990291262137,78.64077669902912,78.64077669902912
5,141.0,97.66990291262137,78.64077669902912,78.64077669902912
5,142.0,97.66990291262137,78.64077669902912,78.64077669902912
5,143.0,97.66990291262137,78.64077669902912,78.64077669902912
5,144.0,97.66990291262137,78.64077669902912,78.64077669902912
5,145.0,97.66990291262137,78.64077669902912,78.64077669902912
5,146.0,97.66990291262137,78.64077669902912,78.64077669902912
5,147.0,97.66990291262137,78.64077669902912,78.64077669902912
5,148.0,97.66990291262137,78.64077669902912,78.64077669902912
5,149.0,97.66990291262137,78.64077669902912,78.64077669902912
5,150.0,97.66990291262137,78.64077669902912,78.64077669902912
5,151.0,97.66990291262137,78.64077669902912,78.64077669902912
5,152.0,97.66990291262137,78.64077669902912,78.64077669902912
5,153.0,97.66990291262137,78.64077669902912,78.64077669902912
5,154.0,97.66990291262137,78.64077669902912,78.64077669902912
5,155.0,97.66990291262137,78.64077669902912,78.64077669902912
5,156.0,97.66990291262137,78.64077669902912,78.64077669902912
5,157.0,97.66990291262137,78.64077669902912,78.64077669902912
5,158.0,97.66990291262137,78.64077669902912,78.64077669902912
5,159.0,97.66990291262137,78.64077669902912,78.64077669902912
5,160.0,97.66990291262137,78.64077669902912,78.64077669902912
5,161.0,97.66990291262137,78.64077669902912,78.64077669902912
5,162.0,97.66990291262137,78.64077669902912,78.64077669902912
5,163.0,97.66990291262137,78.64077669902912,78.64077669902912
5,164.0,97.66990291262137,78.64077669902912,78.64077669902912
5,165.0,97.66990291262137,78.64077669902912,78.64077669902912
5,166.0,97.66990291262137,78.64077669902912,78.64077669902912
7,1.0,2.912621359223301,0.0,0.0
7,2.0,3.300970873786408,0.0,0.0
7,3.0,4.077669902912621,0.0,0.0
7,4.0,4.077669902912621,0.0,0.0
7,5.0,4.077669902912621,0.0,0.0
7,6.0,4.271844660194175,0.0,0.0
7,7.0,4.271844660194175,0.0,0.0
7,8.0,4.271844660194175,0.0,0.0
7,9.0,4.271844660194175,0.0,0.0
7,10.0,4.271844660194175,0.0,0.0
7,11.0,4.271844660194175,0.0,0.0
7,12.0,4.271844660194175,0.0,0.0
7,13.0,4.271844660194175,0.0,0.0
7,14.0,4.271844660194175,0.0,0.0
7,15.0,4.271844660194175,0.0,0.0
7,16.0,4.271844660194175,0.0,0.0
7,17.0,4.271844660194175,0.0,0.0
7,18.0,4.271844660194175,0.0,0.0
7,19.0,4.271844660194175,0.0,0.0
7,20.0,4.271844660194175,0.0,0.0
7,21.0,4.271844660194175,0.0,0.0
7,22.0,4.271844660194175,0.0,0.0
7,23.0,4.271844660194175,0.0,0.0
7,24.0,4.271844660194175,0.0,0.0
7,25.0,4.271844660194175,1.1650485436893203,1.1650485436893203
7,26.0,4.271844660194175,1.9417475728155338,1.9417475728155338
7,27.0,4.271844660194175,1.9417475728155338,1.9417475728155338
7,28.0,6.213592233009709,2.3300970873786406,2.3300970873786406
7,29.0,6.213592233009709,2.524271844660194,2.524271844660194
7,30.0,10.097087378640776,3.1067961165048543,3.1067961165048543
7,31.0,11.067961165048544,3.1067961165048543,3.1067961165048543
7,32.0,12.03883495145631,3.1067961165048543,3.1067961165048543
7,33.0,12.233009708737864,3.1067961165048543,3.1067961165048543
7,34.0,12.233009708737864,3.1067961165048543,3.1067961165048543
7,35.0,12.233009708737864,3.1067961165048543,3.1067961165048543
7,36.0,19.223300970873787,3.1067961165048543,3.1067961165048543
7,37.0,20.0,3.1067961165048543,3.1067961165048543
7,38.0,20.97087378640777,3.1067961165048543,3.1067961165048543
7,39.0,27.184466019417474,3.1067961165048543,3.1067961165048543
7,40.0,28.155339805825243,3.1067961165048543,3.1067961165048543
7,41.0,28.349514563106798,3.1067961165048543,3.1067961165048543
7,42.0,28.7378640776699,3.1067961165048543,3.1067961165048543
7,43.0,28.7378640776699,3.1067961165048543,3.1067961165048543
7,44.0,28.7378640776699,3.1067961165048543,3.1067961165048543
7,45.0,28.7378640776699,4.271844660194175,4.271844660194175
7,46.0,29.126213592233007,6.990291262135923,6.990291262135923
7,47.0,29.126213592233007,8.349514563106796,8.349514563106796
7,48.0,29.126213592233007,8.737864077669903,8.737864077669903
7,49.0,38.05825242718446,9.12621359223301,9.12621359223301
7,50.0,41.94174757281554,9.12621359223301,9.12621359223301
7,51.0,42.71844660194174,8.737864077669903,8.737864077669903
7,52.0,43.10679611650485,8.54368932038835,8.54368932038835
7,53.0,51.262135922330096,8.932038834951456,8.932038834951456
7,54.0,54.1747572815534,11.650485436893204,11.650485436893204
7,55.0,54.757281553398066,11.650485436893204,11.650485436893204
7,56.0,57.0873786407767,13.592233009708737,13.592233009708737
7,57.0,57.66990291262136,13.398058252427184,13.398058252427184
7,58.0,58.05825242718446,15.145631067961165,15.145631067961165
7,59.0,58.05825242718446,15.339805825242719,15.339805825242719
7,60.0,58.05825242718446,18.640776699029125,12.427184466019417
7,61.0,64.07766990291263,18.25242718446602,12.427184466019417
7,62.0,64.46601941747574,20.19417475728155,13.203883495145632
7,63.0,66.99029126213593,20.19417475728155,13.78640776699029
7,64.0,67.37864077669903,21.16504854368932,13.592233009708737
7,65.0,67.76699029126215,21.553398058252426,13.980582524271846
7,66.0,67.76699029126215,22.9126213592233,14.951456310679612
7,67.0,67.76699029126215,23.106796116504853,15.339805825242719
7,68.0,67.76699029126215,22.718446601941746,15.145631067961165
7,69.0,67.96116504854369,22.9126213592233,15.145631067961165
7,70.0,78.44660194174757,22.52427184466019,14.951456310679612
7,71.0,79.2233009708738,28.155339805825243,19.611650485436893
7,72.0,82.33009708737865,29.902912621359224,21.553398058252426
7,73.0,83.30097087378641,34.95145631067961,25.24271844660194
7,74.0,83.68932038834951,42.71844660194174,31.06796116504854
7,75.0,83.88349514563107,46.79611650485437,35.728155339805824
7,76.0,83.88349514563107,50.679611650485434,39.41747572815534
7,77.0,83.88349514563107,52.038834951456316,40.58252427184466
7,78.0,83.88349514563107,53.00970873786408,26.796116504854368
7,79.0,83.88349514563107,55.92233009708738,30.87378640776699
7,80.0,93.39805825242719,61.165048543689316,37.4757281553398
7,81.0,95.14563106796116,61.55339805825243,40.3883495145631
7,82.0,95.14563106796116,63.10679611650486,41.94174757281554
7,83.0,95.33980582524272,62.71844660194175,41.74757281553398
7,84.0,95.33980582524272,68.54368932038835,20.388349514563107
7,85.0,95.33980582524272,68.15533980582525,21.35922330097087
7,86.0,95.33980582524272,71.84466019417476,27.184466019417474
7,87.0,95.33980582524272,70.67961165048544,34.1747572815534
7,88.0,95.33980582524272,76.11650485436893,40.0
7,89.0,95.53398058252426,76.11650485436893,39.80582524271845
7,90.0,95.53398058252426,76.69902912621359,41.16504854368932
7,91.0,95.53398058252426,76.11650485436893,41.55339805825243
7,92.0,95.53398058252426,75.53398058252428,42.13592233009709
7,93.0,95.53398058252426,86.99029126213593,68.3495145631068
7,94.0,95.53398058252426,92.62135922330097,82.91262135922331
7,95.0,95.53398058252426,92.23300970873787,82.13592233009709
7,96.0,95.53398058252426,92.81553398058252,84.85436893203884
7,97.0,95.53398058252426,93.20388349514563,84.66019417475728
7,98.0,95.53398058252426,93.00970873786409,84.85436893203884
7,99.0,95.53398058252426,92.03883495145631,85.24271844660194
7,100.0,95.53398058252426,92.42718446601941,84.85436893203884
7,101.0,95.53398058252426,92.62135922330097,86.40776699029125
7,102.0,98.05825242718447,93.20388349514563,86.01941747572816
7,103.0,98.64077669902913,92.23300970873787,85.8252427184466
7,104.0,98.64077669902913,86.01941747572816,86.01941747572816
7,105.0,99.22330097087378,85.8252427184466,85.8252427184466
7,106.0,99.22330097087378,86.01941747572816,86.01941747572816
7,107.0,99.22330097087378,85.63106796116506,85.63106796116506
7,108.0,99.22330097087378,85.43689320388349,85.43689320388349
7,109.0,99.22330097087378,85.43689320388349,85.43689320388349
7,110.0,99.22330097087378,86.2135922330097,86.2135922330097
7,111.0,99.22330097087378,85.63106796116506,85.63106796116506
7,112.0,99.22330097087378,85.24271844660194,85.24271844660194
7,113.0,99.22330097087378,85.43689320388349,85.43689320388349
7,114.0,99.41747572815534,85.43689320388349,85.43689320388349
7,115.0,99.41747572815534,91.6504854368932,91.6504854368932
7,116.0,99.41747572815534,95.14563106796116,95.14563106796116
7,117.0,99.41747572815534,95.14563106796116,95.14563106796116
7,118.0,99.41747572815534,95.14563106796116,95.14563106796116
7,119.0,99.41747572815534,95.14563106796116,95.14563106796116
7,120.0,99.41747572815534,95.14563106796116,95.14563106796116
7,121.0,99.41747572815534,95.14563106796116,95.14563106796116
7,122.0,99.41747572815534,95.14563106796116,95.14563106796116
7,123.0,99.41747572815534,95.14563106796116,95.14563106796116
7,124.0,99.41747572815534,95.14563106796116,95.14563106796116
7,125.0,99.41747572815534,95.14563106796116,95.14563106796116
7,126.0,99.41747572815534,95.14563106796116,95.14563106796116
7,127.0,99.41747572815534,95.14563106796116,95.14563106796116
7,128.0,99.41747572815534,95.14563106796116,95.14563106796116
7,129.0,99.41747572815534,95.14563106796116,95.14563106796116
7,130.0,99.41747572815534,95.14563106796116,95.14563106796116
7,131.0,99.41747572815534,95.14563106796116,95.14563106796116
7,132.0,99.41747572815534,95.14563106796116,95.14563106796116
7,133.0,99.41747572815534,95.14563106796116,95.14563106796116
7,134.0,99.41747572815534,95.14563106796116,95.14563106796116
7,135.0,99.41747572815534,95.14563106796116,95.14563106796116
7,136.0,99.41747572815534,95.14563106796116,95.14563106796116
7,137.0,99.41747572815534,95.14563106796116,95.14563106796116
7,138.0,99.41747572815534,95.14563106796116,95.14563106796116
7,139.0,99.41747572815534,95.14563106796116,95.14563106796116
7,140.0,99.41747572815534,95.14563106796116,95.14563106796116
7,141.0,99.41747572815534,95.14563106796116,95.14563106796116
7,142.0,99.41747572815534,95.14563106796116,95.14563106796116
7,143.0,99.41747572815534,95.14563106796116,95.14563106796116
7,144.0,99.41747572815534,95.14563106796116,95.14563106796116
7,145.0,99.41747572815534,95.14563106796116,95.14563106796116
7,146.0,99.41747572815534,95.14563106796116,95.14563106796116
7,147.0,99.41747572815534,95.14563106796116,95.14563106796116
7,148.0,99.41747572815534,95.14563106796116,95.14563106796116
7,149.0,99.41747572815534,95.14563106796116,95.14563106796116
7,150.0,99.41747572815534,95.14563106796116,95.14563106796116
7,151.0,99.41634241245137,95.13618677042801,95.13618677042801
7,152.0,99.41634241245137,95.13618677042801,95.13618677042801
7,153.0,99.41634241245137,95.13618677042801,95.13618677042801
7,154.0,99.41520467836257,95.12670565302143,95.12670565302143
7,155.0,99.41520467836257,95.12670565302143,95.12670565302143
7,156.0,99.41520467836257,95.12670565302143,95.12670565302143
7,157.0,99.41520467836257,95.12670565302143,95.12670565302143
7,158.0,99.41520467836257,95.12670565302143,95.12670565302143
7,159.0,99.41520467836257,95.12670565302143,95.12670565302143
7,160.0,99.41520467836257,95.12670565302143,95.12670565302143
7,161.0,99.41520467836257,95.12670565302143,95.12670565302143
7,162.0,99.4140625,95.1171875,95.1171875
7,163.0,99.41176470588235,95.09803921568627,95.09803921568627
7,164.0,99.41176470588235,95.09803921568627,95.09803921568627
7,165.0,99.41060903732809,95.08840864440079,95.08840864440079
7,166.0,99.41060903732809,95.08840864440079,95.08840864440079
9,1.0,4.271844660194175,0.0,0.0
9,2.0,4.466019417475728,0.0,0.0
9,3.0,5.048543689320388,0.0,0.0
9,4.0,5.048543689320388,0.0,0.0
9,5.0,5.436893203883495,0.0,0.0
9,6.0,5.436893203883495,0.0,0.0
9,7.0,5.436893203883495,0.0,0.0
9,8.0,5.436893203883495,0.0,0.0
9,9.0,5.436893203883495,0.0,0.0
9,10.0,5.436893203883495,0.0,0.0
9,11.0,5.436893203883495,0.0,0.0
9,12.0,5.436893203883495,0.0,0.0
9,13.0,5.436893203883495,0.0,0.0
9,14.0,5.436893203883495,0.0,0.0
9,15.0,5.436893203883495,0.0,0.0
9,16.0,5.436893203883495,0.0,0.0
9,17.0,5.436893203883495,0.0,0.0
9,18.0,5.436893203883495,0.0,0.0
9,19.0,5.436893203883495,0.0,0.0
9,20.0,5.436893203883495,0.0,0.0
9,21.0,5.436893203883495,0.0,0.0
9,22.0,5.436893203883495,0.0,0.0
9,23.0,5.436893203883495,0.0,0.0
9,24.0,5.436893203883495,0.0,0.0
9,25.0,5.436893203883495,0.3883495145631068,0.3883495145631068
9,26.0,5.436893203883495,1.9417475728155338,1.9417475728155338
9,27.0,5.436893203883495,1.9417475728155338,1.9417475728155338
9,28.0,7.3786407766990285,3.300970873786408,3.300970873786408
9,29.0,7.766990291262135,3.300970873786408,3.300970873786408
9,30.0,12.233009708737864,4.271844660194175,4.271844660194175
9,31.0,14.174757281553399,4.466019417475728,4.466019417475728
9,32.0,14.757281553398057,4.466019417475728,4.466019417475728
9,33.0,15.339805825242719,4.466019417475728,4.466019417475728
9,34.0,15.53398058252427,4.466019417475728,4.466019417475728
9,35.0,15.922330097087379,4.466019417475728,4.466019417475728
9,36.0,25.04854368932039,4.466019417475728,4.466019417475728
9,37.0,27.766990291262132,4.466019417475728,4.466019417475728
9,38.0,28.54368932038835,4.466019417475728,4.466019417475728
9,39.0,36.116504854368934,4.466019417475728,4.466019417475728
9,40.0,38.05825242718446,4.466019417475728,4.466019417475728
9,41.0,38.640776699029125,4.466019417475728,4.466019417475728
9,42.0,38.83495145631068,4.466019417475728,4.466019417475728
9,43.0,39.22330097087379,4.466019417475728,4.466019417475728
9,44.0,39.6116504854369,4.466019417475728,4.466019417475728
9,45.0,39.6116504854369,4.854368932038835,4.854368932038835
9,46.0,39.6116504854369,7.184466019417475,7.184466019417475
9,47.0,39.6116504854369,9.70873786407767,9.70873786407767
9,48.0,39.80582524271845,9.514563106796116,9.514563106796116
9,49.0,47.76699029126213,10.485436893203884,10.485436893203884
9,50.0,52.62135922330097,10.485436893203884,10.485436893203884
9,51.0,53.00970873786408,11.067961165048544,11.067961165048544
9,52.0,53.20388349514563,10.87378640776699,10.87378640776699
9,53.0,63.30097087378641,10.87378640776699,10.87378640776699
9,54.0,66.01941747572816,12.03883495145631,12.03883495145631
9,55.0,66.2135922330097,11.650485436893204,11.650485436893204
9,56.0,67.57281553398057,15.145631067961165,15.145631067961165
9,57.0,67.76699029126215,15.145631067961165,15.145631067961165
9,58.0,68.15533980582525,18.25242718446602,18.25242718446602
9,59.0,68.15533980582525,18.058252427184467,18.058252427184467
9,60.0,68.15533980582525,21.35922330097087,15.53398058252427
9,61.0,74.75728155339806,20.97087378640777,15.339805825242719
9,62.0,75.33980582524272,24.271844660194176,17.66990291262136
9,63.0,79.02912621359224,24.660194174757283,17.66990291262136
9,64.0,79.41747572815534,27.766990291262132,20.0
9,65.0,79.80582524271844,27.57281553398058,18.83495145631068
9,66.0,79.80582524271844,28.932038834951456,21.553398058252426
9,67.0,79.80582524271844,28.932038834951456,21.553398058252426
9,68.0,79.80582524271844,29.514563106796114,21.941747572815533
9,69.0,79.80582524271844,29.514563106796114,21.74757281553398
9,70.0,86.01941747572816,28.932038834951456,21.553398058252426
9,71.0,86.40776699029125,31.844660194174757,23.883495145631066
9,72.0,89.126213592233,32.81553398058252,24.660194174757283
9,73.0,89.51456310679612,41.359223300970875,30.679611650485437
9,74.0,89.51456310679612,45.24271844660194,34.56310679611651
9,75.0,89.51456310679612,52.62135922330097,42.9126213592233
9,76.0,89.51456310679612,56.116504854368934,44.66019417475729
9,77.0,89.51456310679612,58.44660194174758,47.96116504854369
9,78.0,89.51456310679612,59.80582524271845,30.679611650485437
9,79.0,89.51456310679612,63.49514563106796,33.398058252427184
9,80.0,90.09708737864077,67.96116504854369,42.71844660194174
9,81.0,90.29126213592234,73.59223300970874,52.038834951456316
9,82.0,90.29126213592234,74.5631067961165,53.398058252427184
9,83.0,90.29126213592234,74.36893203883496,54.36893203883495
9,84.0,90.29126213592234,74.5631067961165,23.495145631067963
9,85.0,90.29126213592234,76.31067961165049,23.106796116504853
9,86.0,90.29126213592234,79.41747572815534,33.78640776699029
9,87.0,90.29126213592234,80.3883495145631,41.16504854368932
9,88.0,90.29126213592234,83.49514563106796,48.932038834951456
9,89.0,90.29126213592234,84.85436893203884,51.6504854368932
9,90.0,90.29126213592234,86.01941747572816,53.398058252427184
9,91.0,90.29126213592234,85.24271844660194,53.980582524271846
9,92.0,90.29126213592234,86.2135922330097,54.36893203883495
9,93.0,90.29126213592234,85.63106796116506,55.533980582524265
9,94.0,90.29126213592234,86.99029126213593,58.44660194174758
9,95.0,90.29126213592234,86.60194174757282,58.05825242718446
9,96.0,90.29126213592234,86.40776699029125,60.19417475728155
9,97.0,90.29126213592234,85.63106796116506,59.417475728155345
9,98.0,90.29126213592234,82.13592233009709,61.359223300970875
9,99.0,90.29126213592234,82.71844660194175,61.165048543689316
9,100.0,90.29126213592234,83.10679611650485,60.970873786407765
9,101.0,90.29126213592234,83.10679611650485,62.13592233009708
9,102.0,92.23300970873787,82.33009708737865,61.74757281553398
9,103.0,92.81553398058252,83.10679611650485,62.33009708737865
9,104.0,92.81553398058252,63.10679611650486,63.10679611650486
9,105.0,93.7864077669903,61.74757281553398,61.74757281553398
9,106.0,93.7864077669903,61.55339805825243,61.55339805825243
9,107.0,93.98058252427185,61.74757281553398,61.74757281553398
9,108.0,93.98058252427185,63.30097087378641,63.30097087378641
9,109.0,93.98058252427185,61.55339805825243,61.55339805825243
9,110.0,93.98058252427185,62.912621359223294,62.912621359223294
9,111.0,93.98058252427185,62.5242718446602,62.5242718446602
9,112.0,93.98058252427185,61.359223300970875,61.359223300970875
9,113.0,93.98058252427185,62.13592233009708,62.13592233009708
9,114.0,94.75728155339806,62.912621359223294,62.912621359223294
9,115.0,94.75728155339806,64.85436893203882,64.85436893203882
9,116.0,94.75728155339806,73.7864077669903,73.7864077669903
9,117.0,94.75728155339806,73.7864077669903,73.7864077669903
9,118.0,94.75728155339806,73.7864077669903,73.7864077669903
9,119.0,94.75728155339806,73.7864077669903,73.7864077669903
9,120.0,94.75728155339806,73.7864077669903,73.7864077669903
9,121.0,94.75728155339806,73.7864077669903,73.7864077669903
9,122.0,94.75728155339806,73.7864077669903,73.7864077669903
9,123.0,94.75728155339806,73.7864077669903,73.7864077669903
9,124.0,94.75728155339806,73.7864077669903,73.7864077669903
9,125.0,94.75728155339806,73.7864077669903,73.7864077669903
9,126.0,94.75728155339806,73.7864077669903,73.7864077669903
9,127.0,94.75728155339806,73.7864077669903,73.7864077669903
9,128.0,94.75728155339806,73.7864077669903,73.7864077669903
9,129.0,94.75728155339806,73.7864077669903,73.7864077669903
9,130.0,94.75728155339806,73.7864077669903,73.7864077669903
9,131.0,94.75728155339806,73.7864077669903,73.7864077669903
9,132.0,94.75728155339806,73.7864077669903,73.7864077669903
9,133.0,94.75728155339806,73.7864077669903,73.7864077669903
9,134.0,94.75728155339806,73.7864077669903,73.7864077669903
9,135.0,94.75728155339806,73.7864077669903,73.7864077669903
9,136.0,94.75728155339806,73.7864077669903,73.7864077669903
9,137.0,94.75728155339806,73.7864077669903,73.7864077669903
9,138.0,94.75728155339806,73.7864077669903,73.7864077669903
9,139.0,94.75728155339806,73.7864077669903,73.7864077669903
9,140.0,94.75728155339806,73.7864077669903,73.7864077669903
9,141.0,94.75728155339806,73.7864077669903,73.7864077669903
9,142.0,94.75728155339806,73.7864077669903,73.7864077669903
9,143.0,94.75728155339806,73.7864077669903,73.7864077669903
9,144.0,94.75728155339806,73.7864077669903,73.7864077669903
9,145.0,94.94163424124513,73.92996108949417,73.92996108949417
9,146.0,94.94163424124513,73.92996108949417,73.92996108949417
9,147.0,94.94163424124513,73.92996108949417,73.92996108949417
9,148.0,94.94163424124513,73.92996108949417,73.92996108949417
9,149.0,94.94163424124513,73.92996108949417,73.92996108949417
9,150.0,94.94163424124513,73.92996108949417,73.92996108949417
9,151.0,94.94163424124513,73.92996108949417,73.92996108949417
9,152.0,94.94163424124513,73.92996108949417,73.92996108949417
9,153.0,94.94163424124513,73.92996108949417,73.92996108949417
9,154.0,94.9317738791423,73.87914230019493,73.87914230019493
9,155.0,94.9317738791423,73.87914230019493,73.87914230019493
9,156.0,95.10763209393346,73.97260273972603,73.97260273972603
9,157.0,95.10763209393346,73.97260273972603,73.97260273972603
9,158.0,95.09803921568627,73.92156862745098,73.92156862745098
9,159.0,95.09803921568627,73.92156862745098,73.92156862745098
9,160.0,95.09803921568627,73.92156862745098,73.92156862745098
9,161.0,95.08840864440079,73.87033398821218,73.87033398821218
9,162.0,95.06903353057199,73.76725838264299,73.76725838264299
9,163.0,95.02982107355865,73.95626242544732,73.95626242544732
9,164.0,95.0199203187251,74.10358565737052,74.10358565737052
9,165.0,95.00998003992017,74.05189620758483,74.05189620758483
9,166.0,95.00998003992017,74.05189620758483,74.05189620758483
2,1.0,4.271844660194175,0.0,0.0
2,2.0,4.466019417475728,0.0,0.0
2,3.0,4.854368932038835,0.0,0.0
2,4.0,5.048543689320388,0.0,0.0
2,5.0,5.048543689320388,0.0,0.0
2,6.0,5.048543689320388,0.0,0.0
2,7.0,5.048543689320388,0.0,0.0
2,8.0,5.048543689320388,0.0,0.0
2,9.0,5.048543689320388,0.0,0.0
2,10.0,5.048543689320388,0.0,0.0
2,11.0,5.048543689320388,0.0,0.0
2,12.0,5.048543689320388,0.0,0.0
2,13.0,5.048543689320388,0.0,0.0
2,14.0,5.048543689320388,0.0,0.0
2,15.0,5.048543689320388,0.0,0.0
2,16.0,5.048543689320388,0.0,0.0
2,17.0,5.048543689320388,0.0,0.0
2,18.0,5.048543689320388,0.0,0.0
2,19.0,5.048543689320388,0.0,0.0
2,20.0,5.048543689320388,0.0,0.0
2,21.0,5.048543689320388,0.0,0.0
2,22.0,5.048543689320388,0.0,0.0
2,23.0,5.048543689320388,0.0,0.0
2,24.0,5.048543689320388,0.0,0.0
2,25.0,5.048543689320388,1.1650485436893203,1.1650485436893203
2,26.0,5.048543689320388,1.9417475728155338,1.9417475728155338
2,27.0,5.048543689320388,1.9417475728155338,1.9417475728155338
2,28.0,6.990291262135923,3.8834951456310676,3.8834951456310676
2,29.0,6.990291262135923,4.077669902912621,4.077669902912621
2,30.0,12.03883495145631,4.466019417475728,4.466019417475728
2,31.0,13.009708737864079,4.466019417475728,4.466019417475728
2,32.0,13.78640776699029,4.466019417475728,4.466019417475728
2,33.0,14.36893203883495,4.466019417475728,4.466019417475728
2,34.0,14.563106796116504,4.466019417475728,4.466019417475728
2,35.0,14.563106796116504,4.466019417475728,4.466019417475728
2,36.0,23.689320388349515,4.466019417475728,4.466019417475728
2,37.0,25.436893203883493,4.466019417475728,4.466019417475728
2,38.0,25.631067961165048,4.466019417475728,4.466019417475728
2,39.0,33.78640776699029,4.466019417475728,4.466019417475728
2,40.0,35.14563106796116,4.466019417475728,4.466019417475728
2,41.0,36.116504854368934,4.466019417475728,4.466019417475728
2,42.0,36.89320388349515,4.466019417475728,4.466019417475728
2,43.0,36.89320388349515,4.466019417475728,4.466019417475728
2,44.0,37.0873786407767,4.466019417475728,4.466019417475728
2,45.0,37.0873786407767,5.631067961165048,5.631067961165048
2,46.0,37.0873786407767,8.349514563106796,8.349514563106796
2,47.0,37.0873786407767,9.902912621359224,9.902912621359224
2,48.0,37.0873786407767,9.902912621359224,9.902912621359224
2,49.0,48.737864077669904,11.650485436893204,11.650485436893204
2,50.0,52.81553398058253,11.650485436893204,11.650485436893204
2,51.0,53.398058252427184,11.262135922330096,11.262135922330096
2,52.0,53.786407766990294,11.650485436893204,11.650485436893204
2,53.0,62.71844660194175,11.45631067961165,11.45631067961165
2,54.0,65.8252427184466,14.563106796116504,14.563106796116504
2,55.0,66.60194174757281,14.36893203883495,14.36893203883495
2,56.0,68.15533980582525,15.728155339805824,15.728155339805824
2,57.0,68.73786407766991,15.922330097087379,15.922330097087379
2,58.0,68.93203883495146,20.19417475728155,20.19417475728155
2,59.0,68.93203883495146,20.0,20.0
2,60.0,68.93203883495146,23.495145631067963,15.339805825242719
2,61.0,77.08737864077669,22.330097087378643,15.145631067961165
2,62.0,77.28155339805825,25.631067961165048,16.699029126213592
2,63.0,80.3883495145631,24.271844660194176,15.922330097087379
2,64.0,80.97087378640776,28.349514563106798,19.02912621359223
2,65.0,81.35922330097087,28.349514563106798,18.640776699029125
2,66.0,81.35922330097087,29.514563106796114,19.02912621359223
2,67.0,81.35922330097087,29.126213592233007,19.02912621359223
2,68.0,81.35922330097087,29.708737864077673,19.41747572815534
2,69.0,81.35922330097087,29.514563106796114,19.41747572815534
2,70.0,90.87378640776699,28.932038834951456,19.02912621359223
2,71.0,91.2621359223301,37.0873786407767,25.8252427184466
2,72.0,92.81553398058252,38.05825242718446,26.796116504854368
2,73.0,92.81553398058252,41.55339805825243,30.679611650485437
2,74.0,92.81553398058252,50.48543689320388,39.41747572815534
2,75.0,92.81553398058252,53.00970873786408,40.0
2,76.0,92.81553398058252,55.92233009708738,43.689320388349515
2,77.0,92.81553398058252,60.19417475728155,46.40776699029126
2,78.0,92.81553398058252,62.912621359223294,30.29126213592233
2,79.0,92.81553398058252,66.01941747572816,38.05825242718446
2,80.0,93.59223300970874,68.73786407766991,43.10679611650485
2,81.0,94.1747572815534,73.7864077669903,50.679611650485434
2,82.0,94.5631067961165,75.72815533980582,52.42718446601942
2,83.0,94.5631067961165,76.69902912621359,53.20388349514563
2,84.0,94.5631067961165,80.3883495145631,30.097087378640776
2,85.0,94.5631067961165,80.58252427184466,30.097087378640776
2,86.0,94.5631067961165,83.10679611650485,34.95145631067961
2,87.0,94.5631067961165,85.24271844660194,47.96116504854369
2,88.0,94.5631067961165,87.37864077669903,50.873786407766985
2,89.0,94.5631067961165,88.15533980582524,55.14563106796116
2,90.0,94.5631067961165,89.126213592233,57.0873786407767
2,91.0,94.5631067961165,88.3495145631068,56.699029126213595
2,92.0,94.5631067961165,87.76699029126213,55.33980582524271
2,93.0,94.5631067961165,88.7378640776699,59.02912621359223
2,94.0,94.5631067961165,89.32038834951457,62.71844660194175
2,95.0,94.5631067961165,89.70873786407768,62.71844660194175
2,96.0,94.5631067961165,90.87378640776699,65.8252427184466
2,97.0,94.5631067961165,91.45631067961165,66.2135922330097
2,98.0,94.5631067961165,84.66019417475728,67.18446601941747
2,99.0,94.5631067961165,84.27184466019418,67.37864077669903
2,100.0,94.5631067961165,85.04854368932038,66.40776699029126
2,101.0,94.5631067961165,85.43689320388349,67.18446601941747
2,102.0,96.50485436893203,84.85436893203884,67.18446601941747
2,103.0,97.0873786407767,85.43689320388349,66.99029126213593
2,104.0,97.0873786407767,67.76699029126215,67.76699029126215
2,105.0,97.86407766990291,67.18446601941747,67.18446601941747
2,106.0,97.86407766990291,68.54368932038835,68.54368932038835
2,107.0,97.86407766990291,67.96116504854369,67.96116504854369
2,108.0,97.86407766990291,67.57281553398057,67.57281553398057
2,109.0,97.86407766990291,68.93203883495146,68.93203883495146
2,110.0,97.86407766990291,67.57281553398057,67.57281553398057
2,111.0,97.86407766990291,67.18446601941747,67.18446601941747
2,112.0,97.86407766990291,68.15533980582525,68.15533980582525
2,113.0,97.86407766990291,67.18446601941747,67.18446601941747
2,114.0,98.25242718446601,67.76699029126215,67.76699029126215
2,115.0,98.25242718446601,74.36893203883496,74.36893203883496
2,116.0,98.25242718446601,78.64077669902912,78.64077669902912
2,117.0,98.25242718446601,78.64077669902912,78.64077669902912
2,118.0,98.25242718446601,78.64077669902912,78.64077669902912
2,119.0,98.25242718446601,78.64077669902912,78.64077669902912
2,120.0,98.25242718446601,78.64077669902912,78.64077669902912
2,121.0,98.25242718446601,78.64077669902912,78.64077669902912
2,122.0,98.25242718446601,78.64077669902912,78.64077669902912
2,123.0,98.25242718446601,78.64077669902912,78.64077669902912
2,124.0,98.25242718446601,78.64077669902912,78.64077669902912
2,125.0,98.25242718446601,78.64077669902912,78.64077669902912
2,126.0,98.25242718446601,78.64077669902912,78.64077669902912
2,127.0,98.25242718446601,78.64077669902912,78.64077669902912
2,128.0,98.25242718446601,78.64077669902912,78.64077669902912
2,129.0,98.25242718446601,78.64077669902912,78.64077669902912
2,130.0,98.25242718446601,78.64077669902912,78.64077669902912
2,131.0,98.25242718446601,78.64077669902912,78.64077669902912
2,132.0,98.25242718446601,78.64077669902912,78.64077669902912
2,133.0,98.25242718446601,78.64077669902912,78.64077669902912
2,134.0,98.25242718446601,78.64077669902912,78.64077669902912
2,135.0,98.25242718446601,78.64077669902912,78.64077669902912
2,136.0,98.25242718446601,78.64077669902912,78.64077669902912
2,137.0,98.25242718446601,78.64077669902912,78.64077669902912
2,138.0,98.25242718446601,78.64077669902912,78.64077669902912
2,139.0,98.25242718446601,78.64077669902912,78.64077669902912
2,140.0,98.25242718446601,78.64077669902912,78.64077669902912
2,141.0,98.25242718446601,78.64077669902912,78.64077669902912
2,142.0,98.25242718446601,78.64077669902912,78.64077669902912
2,143.0,98.25242718446601,78.64077669902912,78.64077669902912
2,144.0,98.25242718446601,78.64077669902912,78.64077669902912
2,145.0,98.25242718446601,78.64077669902912,78.64077669902912
2,146.0,98.25242718446601,78.64077669902912,78.64077669902912
2,147.0,98.25242718446601,78.64077669902912,78.64077669902912
2,148.0,98.25242718446601,78.64077669902912,78.64077669902912
2,149.0,98.25242718446601,78.64077669902912,78.64077669902912
2,150.0,98.25242718446601,78.64077669902912,78.64077669902912
2,151.0,98.25242718446601,78.64077669902912,78.64077669902912
2,152.0,98.25242718446601,78.64077669902912,78.64077669902912
2,153.0,98.25242718446601,78.64077669902912,78.64077669902912
2,154.0,98.25242718446601,78.64077669902912,78.64077669902912
2,155.0,98.25242718446601,78.64077669902912,78.64077669902912
2,156.0,98.25242718446601,78.64077669902912,78.64077669902912
2,157.0,98.25242718446601,78.64077669902912,78.64077669902912
2,158.0,98.25242718446601,78.64077669902912,78.64077669902912
2,159.0,98.25242718446601,78.64077669902912,78.64077669902912
2,160.0,98.25242718446601,78.64077669902912,78.64077669902912
2,161.0,98.25242718446601,78.64077669902912,78.64077669902912
2,162.0,98.25242718446601,78.64077669902912,78.64077669902912
2,163.0,98.25242718446601,78.64077669902912,78.64077669902912
2,164.0,98.25242718446601,78.64077669902912,78.64077669902912
2,165.0,98.25242718446601,78.64077669902912,78.64077669902912
2,166.0,98.25242718446601,78.64077669902912,78.64077669902912
4,1.0,3.300970873786408,0.0,0.0
4,2.0,3.8834951456310676,0.0,0.0
4,3.0,4.077669902912621,0.0,0.0
4,4.0,4.466019417475728,0.0,0.0
4,5.0,4.466019417475728,0.0,0.0
4,6.0,4.660194174757281,0.0,0.0
4,7.0,4.660194174757281,0.0,0.0
4,8.0,4.660194174757281,0.0,0.0
4,9.0,4.660194174757281,0.0,0.0
4,10.0,4.660194174757281,0.0,0.0
4,11.0,4.660194174757281,0.0,0.0
4,12.0,4.660194174757281,0.0,0.0
4,13.0,4.660194174757281,0.0,0.0
4,14.0,4.660194174757281,0.0,0.0
4,15.0,4.660194174757281,0.0,0.0
4,16.0,4.660194174757281,0.0,0.0
4,17.0,4.660194174757281,0.0,0.0
4,18.0,4.660194174757281,0.0,0.0
4,19.0,4.660194174757281,0.0,0.0
4,20.0,4.660194174757281,0.0,0.0
4,21.0,4.660194174757281,0.0,0.0
4,22.0,4.660194174757281,0.0,0.0
4,23.0,4.660194174757281,0.0,0.0
4,24.0,4.660194174757281,0.0,0.0
4,25.0,4.660194174757281,0.9708737864077669,0.9708737864077669
4,26.0,4.660194174757281,1.3592233009708738,1.3592233009708738
4,27.0,4.660194174757281,1.3592233009708738,1.3592233009708738
4,28.0,6.019417475728155,2.3300970873786406,2.3300970873786406
4,29.0,6.407766990291262,2.3300970873786406,2.3300970873786406
4,30.0,9.514563106796116,3.300970873786408,3.300970873786408
4,31.0,10.097087378640776,3.4951456310679614,3.4951456310679614
4,32.0,11.262135922330096,3.4951456310679614,3.4951456310679614
4,33.0,11.262135922330096,3.4951456310679614,3.4951456310679614
4,34.0,11.45631067961165,3.4951456310679614,3.4951456310679614
4,35.0,11.45631067961165,3.4951456310679614,3.4951456310679614
4,36.0,19.02912621359223,3.4951456310679614,3.4951456310679614
4,37.0,20.58252427184466,3.4951456310679614,3.4951456310679614
4,38.0,21.35922330097087,3.4951456310679614,3.4951456310679614
4,39.0,28.932038834951456,3.4951456310679614,3.4951456310679614
4,40.0,30.87378640776699,3.4951456310679614,3.4951456310679614
4,41.0,31.456310679611647,3.4951456310679614,3.4951456310679614
4,42.0,31.650485436893206,3.4951456310679614,3.4951456310679614
4,43.0,32.23300970873787,3.4951456310679614,3.4951456310679614
4,44.0,32.62135922330097,3.4951456310679614,3.4951456310679614
4,45.0,32.62135922330097,4.466019417475728,4.466019417475728
4,46.0,32.62135922330097,6.796116504854369,6.796116504854369
4,47.0,32.62135922330097,7.184466019417475,7.184466019417475
4,48.0,32.62135922330097,7.3786407766990285,7.3786407766990285
4,49.0,41.74757281553398,7.961165048543689,7.961165048543689
4,50.0,46.79611650485437,8.349514563106796,8.349514563106796
4,51.0,47.37864077669903,8.349514563106796,8.349514563106796
4,52.0,47.96116504854369,8.155339805825243,8.155339805825243
4,53.0,53.592233009708735,8.349514563106796,8.349514563106796
4,54.0,55.533980582524265,10.679611650485436,10.679611650485436
4,55.0,55.72815533980583,10.679611650485436,10.679611650485436
4,56.0,57.86407766990291,11.650485436893204,11.650485436893204
4,57.0,58.05825242718446,11.45631067961165,11.45631067961165
4,58.0,58.05825242718446,13.592233009708737,13.592233009708737
4,59.0,58.05825242718446,14.174757281553399,14.174757281553399
4,60.0,58.252427184466015,18.640776699029125,13.203883495145632
4,61.0,63.10679611650486,18.058252427184467,12.815533980582524
4,62.0,63.30097087378641,19.223300970873787,13.592233009708737
4,63.0,64.85436893203882,19.223300970873787,13.009708737864079
4,64.0,65.24271844660194,21.941747572815533,15.145631067961165
4,65.0,65.24271844660194,21.74757281553398,15.53398058252427
4,66.0,65.24271844660194,23.883495145631066,16.50485436893204
4,67.0,65.4368932038835,24.07766990291262,16.699029126213592
4,68.0,65.63106796116504,24.854368932038835,16.50485436893204
4,69.0,65.63106796116504,23.883495145631066,15.922330097087379
4,70.0,74.5631067961165,24.660194174757283,17.0873786407767
4,71.0,75.53398058252428,29.902912621359224,21.35922330097087
4,72.0,79.02912621359224,33.00970873786408,23.495145631067963
4,73.0,79.41747572815534,34.1747572815534,24.07766990291262
4,74.0,79.41747572815534,41.94174757281554,32.42718446601941
4,75.0,80.0,44.66019417475729,35.33980582524272
4,76.0,80.0,47.37864077669903,37.86407766990291
4,77.0,80.0,47.76699029126213,39.029126213592235
4,78.0,80.0,50.29126213592233,24.466019417475728
4,79.0,80.0,53.20388349514563,32.038834951456316
4,80.0,90.29126213592234,56.116504854368934,35.14563106796116
4,81.0,91.6504854368932,58.64077669902913,39.6116504854369
4,82.0,92.23300970873787,59.417475728155345,42.52427184466019
4,83.0,92.81553398058252,60.38834951456311,42.13592233009709
4,84.0,92.81553398058252,63.49514563106796,22.135922330097088
4,85.0,92.81553398058252,63.689320388349515,23.106796116504853
4,86.0,92.81553398058252,65.24271844660194,25.436893203883493
4,87.0,92.81553398058252,66.99029126213593,33.398058252427184
4,88.0,92.81553398058252,72.42718446601941,38.25242718446602
4,89.0,92.81553398058252,73.59223300970874,41.359223300970875
4,90.0,92.81553398058252,74.9514563106796,43.49514563106796
4,91.0,92.81553398058252,75.33980582524272,44.46601941747573
4,92.0,92.81553398058252,75.53398058252428,44.46601941747573
4,93.0,92.81553398058252,80.3883495145631,61.359223300970875
4,94.0,92.81553398058252,85.04854368932038,71.45631067961165
4,95.0,92.81553398058252,84.85436893203884,70.48543689320388
4,96.0,92.81553398058252,86.99029126213593,77.86407766990291
4,97.0,92.81553398058252,86.79611650485437,78.25242718446603
4,98.0,92.81553398058252,88.3495145631068,83.49514563106796
4,99.0,92.81553398058252,89.32038834951457,84.27184466019418
4,100.0,92.81553398058252,88.54368932038835,83.30097087378641
4,101.0,92.81553398058252,88.93203883495146,84.27184466019418
4,102.0,95.72815533980582,89.51456310679612,84.46601941747572
4,103.0,96.50485436893203,89.70873786407768,83.68932038834951
4,104.0,96.50485436893203,84.27184466019418,84.27184466019418
4,105.0,97.66990291262137,83.68932038834951,83.68932038834951
4,106.0,97.86407766990291,84.07766990291262,84.07766990291262
4,107.0,97.86407766990291,84.07766990291262,84.07766990291262
4,108.0,97.86407766990291,84.07766990291262,84.07766990291262
4,109.0,97.86407766990291,83.88349514563107,83.88349514563107
4,110.0,97.86407766990291,84.07766990291262,84.07766990291262
4,111.0,97.86407766990291,84.27184466019418,84.27184466019418
4,112.0,97.86407766990291,84.07766990291262,84.07766990291262
4,113.0,97.86407766990291,83.88349514563107,83.88349514563107
4,114.0,98.44660194174757,83.49514563106796,83.49514563106796
4,115.0,98.44660194174757,87.57281553398059,87.57281553398059
4,116.0,98.64077669902913,90.09708737864077,90.09708737864077
4,117.0,98.64077669902913,90.09708737864077,90.09708737864077
4,118.0,98.64077669902913,90.09708737864077,90.09708737864077
4,119.0,98.64077669902913,90.09708737864077,90.09708737864077
4,120.0,98.64077669902913,90.09708737864077,90.09708737864077
4,121.0,98.64077669902913,90.09708737864077,90.09708737864077
4,122.0,98.64077669902913,90.09708737864077,90.09708737864077
4,123.0,98.64077669902913,90.09708737864077,90.09708737864077
4,124.0,98.64077669902913,90.09708737864077,90.09708737864077
4,125.0,98.64077669902913,90.09708737864077,90.09708737864077
4,126.0,98.64077669902913,90.09708737864077,90.09708737864077
4,127.0,98.64077669902913,90.09708737864077,90.09708737864077
4,128.0,98.64077669902913,90.09708737864077,90.09708737864077
4,129.0,98.64077669902913,90.09708737864077,90.09708737864077
4,130.0,98.64077669902913,90.09708737864077,90.09708737864077
4,131.0,98.64077669902913,90.09708737864077,90.09708737864077
4,132.0,98.64077669902913,90.09708737864077,90.09708737864077
4,133.0,98.64077669902913,90.09708737864077,90.09708737864077
4,134.0,98.64077669902913,90.09708737864077,90.09708737864077
4,135.0,98.64077669902913,90.09708737864077,90.09708737864077
4,136.0,98.64077669902913,90.09708737864077,90.09708737864077
4,137.0,98.64077669902913,90.09708737864077,90.09708737864077
4,138.0,98.64077669902913,90.09708737864077,90.09708737864077
4,139.0,98.64077669902913,90.09708737864077,90.09708737864077
4,140.0,98.64077669902913,90.09708737864077,90.09708737864077
4,141.0,98.64077669902913,90.09708737864077,90.09708737864077
4,142.0,98.64077669902913,90.09708737864077,90.09708737864077
4,143.0,98.64077669902913,90.09708737864077,90.09708737864077
4,144.0,98.64077669902913,90.09708737864077,90.09708737864077
4,145.0,98.64077669902913,90.09708737864077,90.09708737864077
4,146.0,98.64077669902913,90.09708737864077,90.09708737864077
4,147.0,98.64077669902913,90.09708737864077,90.09708737864077
4,148.0,98.64077669902913,90.09708737864077,90.09708737864077
4,149.0,98.64077669902913,90.09708737864077,90.09708737864077
4,150.0,98.64077669902913,90.09708737864077,90.09708737864077
4,151.0,98.64077669902913,90.09708737864077,90.09708737864077
4,152.0,98.64077669902913,90.09708737864077,90.09708737864077
4,153.0,98.64077669902913,90.09708737864077,90.09708737864077
4,154.0,98.64077669902913,90.09708737864077,90.09708737864077
4,155.0,98.64077669902913,90.09708737864077,90.09708737864077
4,156.0,98.64077669902913,90.09708737864077,90.09708737864077
4,157.0,98.64077669902913,90.09708737864077,90.09708737864077
4,158.0,98.64077669902913,90.09708737864077,90.09708737864077
4,159.0,98.64077669902913,90.09708737864077,90.09708737864077
4,160.0,98.64077669902913,90.09708737864077,90.09708737864077
4,161.0,98.64077669902913,90.09708737864077,90.09708737864077
4,162.0,98.64077669902913,90.09708737864077,90.09708737864077
4,163.0,98.64077669902913,90.09708737864077,90.09708737864077
4,164.0,98.64077669902913,90.09708737864077,90.09708737864077
4,165.0,98.64077669902913,90.09708737864077,90.09708737864077
4,166.0,98.64077669902913,90.09708737864077,90.09708737864077
6,1.0,3.8834951456310676,0.0,0.0
6,2.0,4.271844660194175,0.0,0.0
6,3.0,4.466019417475728,0.0,0.0
6,4.0,4.660194174757281,0.0,0.0
6,5.0,4.854368932038835,0.0,0.0
6,6.0,4.854368932038835,0.0,0.0
6,7.0,4.854368932038835,0.0,0.0
6,8.0,4.854368932038835,0.0,0.0
6,9.0,4.854368932038835,0.0,0.0
6,10.0,4.854368932038835,0.0,0.0
6,11.0,4.854368932038835,0.0,0.0
6,12.0,4.854368932038835,0.0,0.0
6,13.0,4.854368932038835,0.0,0.0
6,14.0,4.854368932038835,0.0,0.0
6,15.0,4.854368932038835,0.0,0.0
6,16.0,4.854368932038835,0.0,0.0
6,17.0,4.854368932038835,0.0,0.0
6,18.0,4.854368932038835,0.0,0.0
6,19.0,4.854368932038835,0.0,0.0
6,20.0,4.854368932038835,0.0,0.0
6,21.0,4.854368932038835,0.0,0.0
6,22.0,4.854368932038835,0.0,0.0
6,23.0,4.854368932038835,0.0,0.0
6,24.0,4.854368932038835,0.0,0.0
6,25.0,4.854368932038835,0.7766990291262136,0.7766990291262136
6,26.0,4.854368932038835,1.7475728155339807,1.7475728155339807
6,27.0,4.854368932038835,1.7475728155339807,1.7475728155339807
6,28.0,6.601941747572816,2.912621359223301,2.912621359223301
6,29.0,6.601941747572816,3.1067961165048543,3.1067961165048543
6,30.0,11.45631067961165,4.077669902912621,4.077669902912621
6,31.0,12.62135922330097,4.077669902912621,4.077669902912621
6,32.0,12.815533980582524,4.077669902912621,4.077669902912621
6,33.0,13.009708737864079,4.077669902912621,4.077669902912621
6,34.0,13.009708737864079,4.077669902912621,4.077669902912621
6,35.0,13.009708737864079,4.077669902912621,4.077669902912621
6,36.0,21.16504854368932,4.077669902912621,4.077669902912621
6,37.0,23.106796116504853,4.077669902912621,4.077669902912621
6,38.0,23.883495145631066,4.077669902912621,4.077669902912621
6,39.0,31.06796116504854,4.077669902912621,4.077669902912621
6,40.0,31.650485436893206,4.077669902912621,4.077669902912621
6,41.0,32.038834951456316,4.077669902912621,4.077669902912621
6,42.0,32.23300970873787,4.077669902912621,4.077669902912621
6,43.0,32.23300970873787,4.077669902912621,4.077669902912621
6,44.0,32.23300970873787,4.077669902912621,4.077669902912621
6,45.0,32.23300970873787,4.854368932038835,4.854368932038835
6,46.0,32.42718446601941,7.3786407766990285,7.3786407766990285
6,47.0,32.42718446601941,9.12621359223301,9.12621359223301
6,48.0,32.42718446601941,9.12621359223301,9.12621359223301
6,49.0,41.16504854368932,10.097087378640776,10.097087378640776
6,50.0,44.46601941747573,10.29126213592233,10.29126213592233
6,51.0,45.43689320388349,10.097087378640776,10.097087378640776
6,52.0,46.213592233009706,10.29126213592233,10.29126213592233
6,53.0,55.533980582524265,10.29126213592233,10.29126213592233
6,54.0,58.44660194174758,11.844660194174757,11.844660194174757
6,55.0,59.02912621359223,11.650485436893204,11.650485436893204
6,56.0,61.74757281553398,14.563106796116504,14.563106796116504
6,57.0,62.13592233009708,14.36893203883495,14.36893203883495
6,58.0,62.13592233009708,17.0873786407767,17.0873786407767
6,59.0,62.13592233009708,16.699029126213592,16.699029126213592
6,60.0,62.13592233009708,20.58252427184466,14.36893203883495
6,61.0,68.73786407766991,20.776699029126213,13.980582524271846
6,62.0,68.93203883495146,22.718446601941746,15.728155339805824
6,63.0,70.87378640776699,22.9126213592233,16.116504854368934
6,64.0,71.06796116504854,25.24271844660194,18.058252427184467
6,65.0,71.45631067961165,24.660194174757283,18.058252427184467
6,66.0,71.45631067961165,27.57281553398058,19.611650485436893
6,67.0,71.6504854368932,26.601941747572816,19.41747572815534
6,68.0,71.6504854368932,26.796116504854368,19.02912621359223
6,69.0,71.6504854368932,27.184466019417474,19.611650485436893
6,70.0,82.91262135922331,27.378640776699033,19.41747572815534
6,71.0,83.68932038834951,31.456310679611647,22.52427184466019
6,72.0,86.79611650485437,33.20388349514563,24.271844660194176
6,73.0,87.37864077669903,36.116504854368934,27.184466019417474
6,74.0,87.37864077669903,42.9126213592233,33.398058252427184
6,75.0,87.37864077669903,47.57281553398058,39.22330097087379
6,76.0,87.37864077669903,49.90291262135923,40.77669902912621
6,77.0,87.37864077669903,52.81553398058253,42.9126213592233
6,78.0,87.37864077669903,53.980582524271846,29.902912621359224
6,79.0,87.37864077669903,58.44660194174758,34.1747572815534
6,80.0,88.3495145631068,59.80582524271845,41.16504854368932
6,81.0,88.93203883495146,64.07766990291263,46.601941747572816
6,82.0,88.93203883495146,65.0485436893204,48.15533980582524
6,83.0,88.93203883495146,66.60194174757281,49.51456310679612
6,84.0,88.93203883495146,67.57281553398057,24.466019417475728
6,85.0,89.126213592233,68.15533980582525,24.271844660194176
6,86.0,89.32038834951457,71.06796116504854,29.902912621359224
6,87.0,89.51456310679612,74.1747572815534,38.05825242718446
6,88.0,89.51456310679612,79.2233009708738,44.271844660194176
6,89.0,89.51456310679612,81.74757281553397,47.76699029126213
6,90.0,89.51456310679612,81.94174757281554,48.54368932038835
6,91.0,89.51456310679612,82.13592233009709,48.349514563106794
6,92.0,89.51456310679612,82.13592233009709,47.96116504854369
6,93.0,89.51456310679612,82.33009708737865,50.48543689320388
6,94.0,89.51456310679612,83.30097087378641,52.81553398058253
6,95.0,89.51456310679612,84.07766990291262,53.20388349514563
6,96.0,89.51456310679612,83.68932038834951,54.757281553398066
6,97.0,89.51456310679612,83.88349514563107,53.980582524271846
6,98.0,89.51456310679612,78.44660194174757,55.533980582524265
6,99.0,89.51456310679612,77.47572815533981,57.0873786407767
6,100.0,89.51456310679612,77.86407766990291,57.0873786407767
6,101.0,89.51456310679612,77.28155339805825,57.0873786407767
6,102.0,91.45631067961165,78.25242718446603,56.50485436893204
6,103.0,92.42718446601941,78.44660194174757,57.0873786407767
6,104.0,92.62135922330097,57.86407766990291,57.86407766990291
6,105.0,93.98058252427185,55.92233009708738,55.92233009708738
6,106.0,94.5631067961165,57.0873786407767,57.0873786407767
6,107.0,94.75728155339806,57.66990291262136,57.66990291262136
6,108.0,94.75728155339806,57.86407766990291,57.86407766990291
6,109.0,94.75728155339806,56.699029126213595,56.699029126213595
6,110.0,94.75728155339806,57.0873786407767,57.0873786407767
6,111.0,94.95145631067962,57.66990291262136,57.66990291262136
6,112.0,94.95145631067962,57.66990291262136,57.66990291262136
6,113.0,94.95145631067962,56.699029126213595,56.699029126213595
6,114.0,95.72815533980582,57.0873786407767,57.0873786407767
6,115.0,95.72815533980582,61.74757281553398,61.74757281553398
6,116.0,95.72815533980582,70.29126213592232,70.29126213592232
6,117.0,95.72815533980582,70.29126213592232,70.29126213592232
6,118.0,95.72815533980582,70.29126213592232,70.29126213592232
6,119.0,95.72815533980582,70.29126213592232,70.29126213592232
6,120.0,95.72815533980582,70.29126213592232,70.29126213592232
6,121.0,95.72815533980582,70.29126213592232,70.29126213592232
6,122.0,95.72815533980582,70.29126213592232,70.29126213592232
6,123.0,95.72815533980582,70.29126213592232,70.29126213592232
6,124.0,95.72815533980582,70.29126213592232,70.29126213592232
6,125.0,95.72815533980582,70.29126213592232,70.29126213592232
6,126.0,95.72815533980582,70.29126213592232,70.29126213592232
6,127.0,95.72815533980582,70.29126213592232,70.29126213592232
6,128.0,95.72815533980582,70.29126213592232,70.29126213592232
6,129.0,95.72815533980582,70.29126213592232,70.29126213592232
6,130.0,95.72815533980582,70.29126213592232,70.29126213592232
6,131.0,95.72815533980582,70.29126213592232,70.29126213592232
6,132.0,95.72815533980582,70.29126213592232,70.29126213592232
6,133.0,95.72815533980582,70.29126213592232,70.29126213592232
6,134.0,95.72815533980582,70.29126213592232,70.29126213592232
6,135.0,95.72815533980582,70.29126213592232,70.29126213592232
6,136.0,95.72815533980582,70.29126213592232,70.29126213592232
6,137.0,95.72815533980582,70.29126213592232,70.29126213592232
6,138.0,95.72815533980582,70.29126213592232,70.29126213592232
6,139.0,95.72815533980582,70.29126213592232,70.29126213592232
6,140.0,95.72815533980582,70.29126213592232,70.29126213592232
6,141.0,95.72815533980582,70.29126213592232,70.29126213592232
6,142.0,95.72815533980582,70.29126213592232,70.29126213592232
6,143.0,95.72815533980582,70.29126213592232,70.29126213592232
6,144.0,95.72815533980582,70.29126213592232,70.29126213592232
6,145.0,95.72815533980582,70.29126213592232,70.29126213592232
6,146.0,95.72815533980582,70.29126213592232,70.29126213592232
6,147.0,95.72815533980582,70.29126213592232,70.29126213592232
6,148.0,95.72815533980582,70.29126213592232,70.29126213592232
6,149.0,95.72815533980582,70.29126213592232,70.29126213592232
6,150.0,95.72815533980582,70.29126213592232,70.29126213592232
6,151.0,95.72815533980582,70.29126213592232,70.29126213592232
6,152.0,95.72815533980582,70.29126213592232,70.29126213592232
6,153.0,95.72815533980582,70.29126213592232,70.29126213592232
6,154.0,95.71984435797665,70.42801556420234,70.42801556420234
6,155.0,95.71984435797665,70.42801556420234,70.42801556420234
6,156.0,95.71984435797665,70.42801556420234,70.42801556420234
6,157.0,95.71984435797665,70.42801556420234,70.42801556420234
6,158.0,95.71984435797665,70.42801556420234,70.42801556420234
6,159.0,95.71984435797665,70.42801556420234,70.42801556420234
6,160.0,95.71984435797665,70.42801556420234,70.42801556420234
6,161.0,95.71984435797665,70.42801556420234,70.42801556420234
6,162.0,95.71984435797665,70.42801556420234,70.42801556420234
6,163.0,95.71984435797665,70.42801556420234,70.42801556420234
6,164.0,95.71984435797665,70.42801556420234,70.42801556420234
6,165.0,95.71984435797665,70.42801556420234,70.42801556420234
6,166.0,95.71984435797665,70.42801556420234,70.42801556420234
8,1.0,4.466019417475728,0.0,0.0
8,2.0,5.048543689320388,0.0,0.0
8,3.0,5.242718446601942,0.0,0.0
8,4.0,5.242718446601942,0.0,0.0
8,5.0,5.242718446601942,0.0,0.0
8,6.0,5.631067961165048,0.0,0.0
8,7.0,5.825242718446602,0.0,0.0
8,8.0,5.825242718446602,0.0,0.0
8,9.0,5.825242718446602,0.0,0.0
8,10.0,5.825242718446602,0.0,0.0
8,11.0,5.825242718446602,0.0,0.0
8,12.0,5.825242718446602,0.0,0.0
8,13.0,5.825242718446602,0.0,0.0
8,14.0,5.825242718446602,0.0,0.0
8,15.0,5.825242718446602,0.0,0.0
8,16.0,5.825242718446602,0.0,0.0
8,17.0,5.825242718446602,0.0,0.0
8,18.0,5.825242718446602,0.0,0.0
8,19.0,5.825242718446602,0.0,0.0
8,20.0,5.825242718446602,0.0,0.0
8,21.0,5.825242718446602,0.0,0.0
8,22.0,5.825242718446602,0.0,0.0
8,23.0,5.825242718446602,0.0,0.0
8,24.0,5.825242718446602,0.0,0.0
8,25.0,5.825242718446602,1.7475728155339807,1.7475728155339807
8,26.0,5.825242718446602,2.3300970873786406,2.3300970873786406
8,27.0,5.825242718446602,2.3300970873786406,2.3300970873786406
8,28.0,8.155339805825243,3.4951456310679614,3.4951456310679614
8,29.0,8.155339805825243,3.6893203883495143,3.6893203883495143
8,30.0,13.009708737864079,4.660194174757281,4.660194174757281
8,31.0,13.78640776699029,4.660194174757281,4.660194174757281
8,32.0,14.757281553398057,4.660194174757281,4.660194174757281
8,33.0,14.757281553398057,4.660194174757281,4.660194174757281
8,34.0,14.951456310679612,4.660194174757281,4.660194174757281
8,35.0,15.145631067961165,4.660194174757281,4.660194174757281
8,36.0,25.04854368932039,4.660194174757281,4.660194174757281
8,37.0,26.407766990291265,4.660194174757281,4.660194174757281
8,38.0,27.184466019417474,4.660194174757281,4.660194174757281
8,39.0,35.14563106796116,4.660194174757281,4.660194174757281
8,40.0,36.116504854368934,4.660194174757281,4.660194174757281
8,41.0,37.0873786407767,4.660194174757281,4.660194174757281
8,42.0,37.86407766990291,4.660194174757281,4.660194174757281
8,43.0,38.25242718446602,4.660194174757281,4.660194174757281
8,44.0,38.25242718446602,4.660194174757281,4.660194174757281
8,45.0,38.25242718446602,6.407766990291262,6.407766990291262
8,46.0,38.25242718446602,9.320388349514563,9.320388349514563
8,47.0,38.25242718446602,10.485436893203884,10.485436893203884
8,48.0,38.44660194174757,10.29126213592233,10.29126213592233
8,49.0,46.40776699029126,11.262135922330096,11.262135922330096
8,50.0,50.873786407766985,11.262135922330096,11.262135922330096
8,51.0,51.262135922330096,11.45631067961165,11.45631067961165
8,52.0,51.84466019417475,11.45631067961165,11.45631067961165
8,53.0,60.77669902912621,11.650485436893204,11.650485436893204
8,54.0,63.30097087378641,15.728155339805824,15.728155339805824
8,55.0,63.883495145631066,15.728155339805824,15.728155339805824
8,56.0,66.40776699029126,17.281553398058254,17.281553398058254
8,57.0,66.60194174757281,17.0873786407767,17.0873786407767
8,58.0,66.99029126213593,19.611650485436893,19.611650485436893
8,59.0,67.18446601941747,19.41747572815534,19.41747572815534
8,60.0,67.18446601941747,25.436893203883493,17.66990291262136
8,61.0,74.36893203883496,25.04854368932039,17.475728155339805
8,62.0,75.14563106796116,26.407766990291265,19.611650485436893
8,63.0,77.66990291262135,26.601941747572816,19.223300970873787
8,64.0,78.44660194174757,29.126213592233007,20.776699029126213
8,65.0,78.44660194174757,29.320388349514566,20.97087378640777
8,66.0,78.44660194174757,30.29126213592233,22.330097087378643
8,67.0,78.83495145631068,30.097087378640776,22.135922330097088
8,68.0,78.83495145631068,30.679611650485437,22.718446601941746
8,69.0,78.83495145631068,30.679611650485437,22.330097087378643
8,70.0,87.18446601941747,29.902912621359224,21.553398058252426
8,71.0,87.18446601941747,37.28155339805825,29.708737864077673
8,72.0,89.90291262135922,41.74757281553398,33.20388349514563
8,73.0,90.09708737864077,44.85436893203884,35.728155339805824
8,74.0,90.09708737864077,52.42718446601942,42.9126213592233
8,75.0,90.09708737864077,53.786407766990294,44.66019417475729
8,76.0,90.09708737864077,56.89320388349515,48.54368932038835
8,77.0,90.09708737864077,59.02912621359223,49.90291262135923
8,78.0,90.09708737864077,60.19417475728155,31.2621359223301
8,79.0,90.09708737864077,64.66019417475728,39.6116504854369
8,80.0,90.87378640776699,68.3495145631068,46.40776699029126
8,81.0,91.45631067961165,71.84466019417476,50.09708737864078
8,82.0,91.45631067961165,71.6504854368932,50.679611650485434
8,83.0,91.45631067961165,72.03883495145631,52.038834951456316
8,84.0,91.45631067961165,77.86407766990291,32.038834951456316
8,85.0,91.45631067961165,77.47572815533981,31.844660194174757
8,86.0,91.45631067961165,79.6116504854369,35.33980582524272
8,87.0,91.45631067961165,82.13592233009709,43.883495145631066
8,88.0,91.45631067961165,84.46601941747572,50.29126213592233
8,89.0,91.45631067961165,84.85436893203884,50.873786407766985
8,90.0,91.45631067961165,86.60194174757282,53.20388349514563
8,91.0,91.45631067961165,86.60194174757282,53.786407766990294
8,92.0,91.45631067961165,86.60194174757282,53.20388349514563
8,93.0,91.45631067961165,87.37864077669903,59.22330097087378
8,94.0,91.45631067961165,87.96116504854369,61.94174757281553
8,95.0,91.45631067961165,87.96116504854369,61.94174757281553
8,96.0,91.45631067961165,88.54368932038835,62.13592233009708
8,97.0,91.45631067961165,87.76699029126213,62.912621359223294
8,98.0,91.45631067961165,82.91262135922331,64.27184466019418
8,99.0,91.45631067961165,82.33009708737865,63.10679611650486
8,100.0,91.45631067961165,83.30097087378641,63.883495145631066
8,101.0,91.45631067961165,82.71844660194175,64.85436893203882
8,102.0,93.98058252427185,82.33009708737865,63.49514563106796
8,103.0,95.14563106796116,83.49514563106796,64.46601941747574
8,104.0,95.14563106796116,63.689320388349515,63.689320388349515
8,105.0,96.11650485436894,66.2135922330097,66.2135922330097
8,106.0,96.31067961165049,65.24271844660194,65.24271844660194
8,107.0,96.31067961165049,64.66019417475728,64.66019417475728
8,108.0,96.31067961165049,64.27184466019418,64.27184466019418
8,109.0,96.31067961165049,63.49514563106796,63.49514563106796
8,110.0,96.31067961165049,64.07766990291263,64.07766990291263
8,111.0,96.31067961165049,64.66019417475728,64.66019417475728
8,112.0,96.31067961165049,63.883495145631066,63.883495145631066
8,113.0,96.31067961165049,63.30097087378641,63.30097087378641
8,114.0,97.28155339805825,64.66019417475728,64.66019417475728
8,115.0,97.28155339805825,74.1747572815534,74.1747572815534
8,116.0,97.47572815533981,79.02912621359224,79.02912621359224
8,117.0,97.47572815533981,79.02912621359224,79.02912621359224
8,118.0,97.47572815533981,79.02912621359224,79.02912621359224
8,119.0,97.47572815533981,79.02912621359224,79.02912621359224
8,120.0,97.47572815533981,79.02912621359224,79.02912621359224
8,121.0,97.47572815533981,79.02912621359224,79.02912621359224
8,122.0,97.47572815533981,79.02912621359224,79.02912621359224
8,123.0,97.47572815533981,79.02912621359224,79.02912621359224
8,124.0,97.47572815533981,79.02912621359224,79.02912621359224
8,125.0,97.47572815533981,79.02912621359224,79.02912621359224
8,126.0,97.47572815533981,79.02912621359224,79.02912621359224
8,127.0,97.47572815533981,79.02912621359224,79.02912621359224
8,128.0,97.47572815533981,79.02912621359224,79.02912621359224
8,129.0,97.47572815533981,79.02912621359224,79.02912621359224
8,130.0,97.47572815533981,79.02912621359224,79.02912621359224
8,131.0,97.47572815533981,79.02912621359224,79.02912621359224
8,132.0,97.47572815533981,79.02912621359224,79.02912621359224
8,133.0,97.47572815533981,79.02912621359224,79.02912621359224
8,134.0,97.47572815533981,79.02912621359224,79.02912621359224
8,135.0,97.47572815533981,79.02912621359224,79.02912621359224
8,136.0,97.47572815533981,79.02912621359224,79.02912621359224
8,137.0,97.47572815533981,79.02912621359224,79.02912621359224
8,138.0,97.47572815533981,79.02912621359224,79.02912621359224
8,139.0,97.47572815533981,79.02912621359224,79.02912621359224
8,140.0,97.47572815533981,79.02912621359224,79.02912621359224
8,141.0,97.47572815533981,79.02912621359224,79.02912621359224
8,142.0,97.47572815533981,79.02912621359224,79.02912621359224
8,143.0,97.47572815533981,79.02912621359224,79.02912621359224
8,144.0,97.47572815533981,79.02912621359224,79.02912621359224
8,145.0,97.47572815533981,79.02912621359224,79.02912621359224
8,146.0,97.47572815533981,79.02912621359224,79.02912621359224
8,147.0,97.47572815533981,79.02912621359224,79.02912621359224
8,148.0,97.47572815533981,79.02912621359224,79.02912621359224
8,149.0,97.47572815533981,79.02912621359224,79.02912621359224
8,150.0,97.47572815533981,79.02912621359224,79.02912621359224
8,151.0,97.47572815533981,79.02912621359224,79.02912621359224
8,152.0,97.47572815533981,79.02912621359224,79.02912621359224
8,153.0,97.47572815533981,79.02912621359224,79.02912621359224
8,154.0,97.47572815533981,79.02912621359224,79.02912621359224
8,155.0,97.47572815533981,79.02912621359224,79.02912621359224
8,156.0,97.47572815533981,79.02912621359224,79.02912621359224
8,157.0,97.47572815533981,79.02912621359224,79.02912621359224
8,158.0,97.47081712062257,78.98832684824903,78.98832684824903
8,159.0,97.47081712062257,78.98832684824903,78.98832684824903
8,160.0,97.47081712062257,78.98832684824903,78.98832684824903
8,161.0,97.47081712062257,78.98832684824903,78.98832684824903
8,162.0,97.47081712062257,78.98832684824903,78.98832684824903
8,163.0,97.47081712062257,78.98832684824903,78.98832684824903
8,164.0,97.47081712062257,78.98832684824903,78.98832684824903
8,165.0,97.47081712062257,78.98832684824903,78.98832684824903
8,166.0,97.47081712062257,78.98832684824903,78.98832684824903
10,1.0,4.660194174757281,0.0,0.0
10,2.0,5.631067961165048,0.0,0.0
10,3.0,6.019417475728155,0.0,0.0
10,4.0,6.019417475728155,0.0,0.0
10,5.0,6.019417475728155,0.0,0.0
10,6.0,6.019417475728155,0.0,0.0
10,7.0,6.213592233009709,0.0,0.0
10,8.0,6.213592233009709,0.0,0.0
10,9.0,6.213592233009709,0.0,0.0
10,10.0,6.213592233009709,0.0,0.0
10,11.0,6.213592233009709,0.0,0.0
10,12.0,6.213592233009709,0.0,0.0
10,13.0,6.213592233009709,0.0,0.0
10,14.0,6.213592233009709,0.0,0.0
10,15.0,6.213592233009709,0.0,0.0
10,16.0,6.213592233009709,0.0,0.0
10,17.0,6.213592233009709,0.0,0.0
10,18.0,6.213592233009709,0.0,0.0
10,19.0,6.213592233009709,0.0,0.0
10,20.0,6.213592233009709,0.0,0.0
10,21.0,6.213592233009709,0.0,0.0
10,22.0,6.213592233009709,0.0,0.0
10,23.0,6.213592233009709,0.0,0.0
10,24.0,6.213592233009709,0.0,0.0
10,25.0,6.213592233009709,0.9708737864077669,0.9708737864077669
10,26.0,6.213592233009709,2.3300970873786406,2.3300970873786406
10,27.0,6.213592233009709,2.524271844660194,2.524271844660194
10,28.0,8.54368932038835,3.6893203883495143,3.6893203883495143
10,29.0,9.320388349514563,3.6893203883495143,3.6893203883495143
10,30.0,14.757281553398057,4.854368932038835,4.854368932038835
10,31.0,15.339805825242719,4.854368932038835,4.854368932038835
10,32.0,15.53398058252427,4.854368932038835,4.854368932038835
10,33.0,15.922330097087379,4.854368932038835,4.854368932038835
10,34.0,16.310679611650485,4.854368932038835,4.854368932038835
10,35.0,16.50485436893204,4.854368932038835,4.854368932038835
10,36.0,26.21359223300971,4.854368932038835,4.854368932038835
10,37.0,27.96116504854369,4.854368932038835,4.854368932038835
10,38.0,29.126213592233007,4.854368932038835,4.854368932038835
10,39.0,38.44660194174757,4.854368932038835,4.854368932038835
10,40.0,40.58252427184466,4.854368932038835,4.854368932038835
10,41.0,40.97087378640777,4.854368932038835,4.854368932038835
10,42.0,41.16504854368932,4.854368932038835,4.854368932038835
10,43.0,41.74757281553398,4.854368932038835,4.854368932038835
10,44.0,41.94174757281554,4.854368932038835,4.854368932038835
10,45.0,41.94174757281554,5.825242718446602,5.825242718446602
10,46.0,41.94174757281554,8.737864077669903,8.737864077669903
10,47.0,41.94174757281554,11.650485436893204,11.650485436893204
10,48.0,41.94174757281554,11.650485436893204,11.650485436893204
10,49.0,53.786407766990294,12.427184466019417,12.427184466019417
10,50.0,58.252427184466015,12.233009708737864,12.233009708737864
10,51.0,59.22330097087378,12.62135922330097,12.62135922330097
10,52.0,59.80582524271845,12.62135922330097,12.62135922330097
10,53.0,71.45631067961165,12.815533980582524,12.815533980582524
10,54.0,74.36893203883496,14.757281553398057,14.757281553398057
10,55.0,74.75728155339806,14.563106796116504,14.563106796116504
10,56.0,77.66990291262135,18.058252427184467,18.058252427184467
10,57.0,77.86407766990291,18.25242718446602,18.25242718446602
10,58.0,77.86407766990291,20.388349514563107,20.388349514563107
10,59.0,77.86407766990291,20.19417475728155,20.19417475728155
10,60.0,77.86407766990291,25.04854368932039,17.66990291262136
10,61.0,81.55339805825243,24.854368932038835,17.475728155339805
10,62.0,81.94174757281554,28.155339805825243,19.80582524271845
10,63.0,83.68932038834951,28.349514563106798,20.0
10,64.0,83.68932038834951,31.456310679611647,22.330097087378643
10,65.0,83.88349514563107,31.2621359223301,22.135922330097088
10,66.0,83.88349514563107,33.398058252427184,23.689320388349515
10,67.0,83.88349514563107,33.78640776699029,24.466019417475728
10,68.0,83.88349514563107,32.62135922330097,23.689320388349515
10,69.0,83.88349514563107,33.20388349514563,24.466019417475728
10,70.0,92.03883495145631,33.20388349514563,23.883495145631066
10,71.0,92.81553398058252,38.640776699029125,27.57281553398058
10,72.0,95.92233009708738,39.6116504854369,29.514563106796114
10,73.0,96.11650485436894,47.18446601941748,36.116504854368934
10,74.0,96.11650485436894,53.980582524271846,41.55339805825243
10,75.0,96.11650485436894,62.912621359223294,50.09708737864078
10,76.0,96.11650485436894,64.66019417475728,53.20388349514563
10,77.0,96.11650485436894,66.40776699029126,53.786407766990294
10,78.0,96.11650485436894,70.67961165048544,36.116504854368934
10,79.0,96.11650485436894,72.03883495145631,39.6116504854369
10,80.0,96.89320388349515,75.72815533980582,48.932038834951456
10,81.0,97.28155339805825,78.25242718446603,54.5631067961165
10,82.0,97.28155339805825,77.86407766990291,55.533980582524265
10,83.0,97.28155339805825,80.0,56.699029126213595
10,84.0,97.28155339805825,79.80582524271844,28.349514563106798
10,85.0,97.28155339805825,79.80582524271844,28.349514563106798
10,86.0,97.28155339805825,85.24271844660194,37.66990291262136
10,87.0,97.28155339805825,85.63106796116506,44.66019417475729
10,88.0,97.47572815533981,90.67961165048544,52.81553398058253
10,89.0,97.47572815533981,91.6504854368932,53.786407766990294
10,90.0,97.47572815533981,93.00970873786409,55.533980582524265
10,91.0,97.47572815533981,93.20388349514563,55.72815533980583
10,92.0,97.47572815533981,91.6504854368932,55.92233009708738
10,93.0,97.47572815533981,93.20388349514563,58.83495145631068
10,94.0,97.47572815533981,94.36893203883496,66.40776699029126
10,95.0,97.47572815533981,93.98058252427185,64.27184466019418
10,96.0,97.47572815533981,94.75728155339806,68.3495145631068
10,97.0,97.47572815533981,94.95145631067962,69.12621359223301
10,98.0,97.47572815533981,90.29126213592234,70.29126213592232
10,99.0,97.47572815533981,89.90291262135922,70.29126213592232
10,100.0,97.47572815533981,90.48543689320388,69.51456310679612
10,101.0,97.47572815533981,89.90291262135922,70.09708737864078
10,102.0,98.83495145631068,89.70873786407768,70.87378640776699
10,103.0,99.02912621359224,89.51456310679612,69.90291262135922
10,104.0,99.02912621359224,70.87378640776699,70.87378640776699
10,105.0,99.22330097087378,70.29126213592232,70.29126213592232
10,106.0,99.22330097087378,70.48543689320388,70.48543689320388
10,107.0,99.22330097087378,70.09708737864078,70.09708737864078
10,108.0,99.22330097087378,70.48543689320388,70.48543689320388
10,109.0,99.22330097087378,70.09708737864078,70.09708737864078
10,110.0,99.22330097087378,70.29126213592232,70.29126213592232
10,111.0,99.22330097087378,70.09708737864078,70.09708737864078
10,112.0,99.22330097087378,70.67961165048544,70.67961165048544
10,113.0,99.22330097087378,69.90291262135922,69.90291262135922
10,114.0,99.22330097087378,70.67961165048544,70.67961165048544
10,115.0,99.22330097087378,75.72815533980582,75.72815533980582
10,116.0,99.22330097087378,82.52427184466019,82.52427184466019
10,117.0,99.22330097087378,82.52427184466019,82.52427184466019
10,118.0,99.22330097087378,82.52427184466019,82.52427184466019
10,119.0,99.22330097087378,82.52427184466019,82.52427184466019
10,120.0,99.22330097087378,82.52427184466019,82.52427184466019
10,121.0,99.22330097087378,82.52427184466019,82.52427184466019
10,122.0,99.22330097087378,82.52427184466019,82.52427184466019
10,123.0,99.22330097087378,82.52427184466019,82.52427184466019
10,124.0,99.22330097087378,82.52427184466019,82.52427184466019
10,125.0,99.22330097087378,82.52427184466019,82.52427184466019
10,126.0,99.22330097087378,82.52427184466019,82.52427184466019
10,127.0,99.22330097087378,82.52427184466019,82.52427184466019
10,128.0,99.22330097087378,82.52427184466019,82.52427184466019
10,129.0,99.22330097087378,82.52427184466019,82.52427184466019
10,130.0,99.22330097087378,82.52427184466019,82.52427184466019
10,131.0,99.22330097087378,82.52427184466019,82.52427184466019
10,132.0,99.22330097087378,82.52427184466019,82.52427184466019
10,133.0,99.22330097087378,82.52427184466019,82.52427184466019
10,134.0,99.22330097087378,82.52427184466019,82.52427184466019
10,135.0,99.22330097087378,82.52427184466019,82.52427184466019
10,136.0,99.22330097087378,82.52427184466019,82.52427184466019
10,137.0,99.22330097087378,82.52427184466019,82.52427184466019
10,138.0,99.22330097087378,82.52427184466019,82.52427184466019
10,139.0,99.22330097087378,82.52427184466019,82.52427184466019
10,140.0,99.22330097087378,82.52427184466019,82.52427184466019
10,141.0,99.22330097087378,82.52427184466019,82.52427184466019
10,142.0,99.22330097087378,82.52427184466019,82.52427184466019
10,143.0,99.22330097087378,82.52427184466019,82.52427184466019
10,144.0,99.22330097087378,82.52427184466019,82.52427184466019
10,145.0,99.22330097087378,82.52427184466019,82.52427184466019
10,146.0,99.22330097087378,82.52427184466019,82.52427184466019
10,147.0,99.22330097087378,82.52427184466019,82.52427184466019
10,148.0,99.22330097087378,82.52427184466019,82.52427184466019
10,149.0,99.22330097087378,82.52427184466019,82.52427184466019
10,150.0,99.22330097087378,82.52427184466019,82.52427184466019
10,151.0,99.22330097087378,82.52427184466019,82.52427184466019
10,152.0,99.22330097087378,82.52427184466019,82.52427184466019
10,153.0,99.22330097087378,82.52427184466019,82.52427184466019
10,154.0,99.22330097087378,82.52427184466019,82.52427184466019
10,155.0,99.22330097087378,82.52427184466019,82.52427184466019
10,156.0,99.22330097087378,82.52427184466019,82.52427184466019
10,157.0,99.22330097087378,82.52427184466019,82.52427184466019
10,158.0,99.22330097087378,82.52427184466019,82.52427184466019
10,159.0,99.22330097087378,82.52427184466019,82.52427184466019
10,160.0,99.22178988326849,82.49027237354085,82.49027237354085
10,161.0,99.21875,82.421875,82.421875
10,162.0,99.21875,82.421875,82.421875
10,163.0,99.21875,82.421875,82.421875
10,164.0,99.21875,82.421875,82.421875
10,165.0,99.21875,82.421875,82.421875
10,166.0,99.2156862745098,82.54901960784314,82.54901960784314
