"run","tick","BefallGR","BefallGRsicht","BefallGRertrag"
1,1.0,4.077669902912621,0.0,0.0
1,2.0,4.466019417475728,0.0,0.0
1,3.0,4.660194174757281,0.0,0.0
1,4.0,4.660194174757281,0.0,0.0
1,5.0,4.660194174757281,0.0,0.0
1,6.0,4.660194174757281,0.0,0.0
1,7.0,5.048543689320388,0.0,0.0
1,8.0,5.631067961165048,0.0,0.0
1,9.0,5.631067961165048,0.0,0.0
1,10.0,5.631067961165048,0.0,0.0
1,11.0,5.631067961165048,0.0,0.0
1,12.0,5.631067961165048,0.0,0.0
1,13.0,5.631067961165048,0.0,0.0
1,14.0,5.631067961165048,0.0,0.0
1,15.0,5.631067961165048,0.0,0.0
1,16.0,5.631067961165048,0.0,0.0
1,17.0,5.631067961165048,0.0,0.0
1,18.0,5.631067961165048,0.0,0.0
1,19.0,5.631067961165048,0.0,0.0
1,20.0,5.631067961165048,0.0,0.0
1,21.0,5.631067961165048,0.0,0.0
1,22.0,5.631067961165048,0.0,0.0
1,23.0,5.631067961165048,0.0,0.0
1,24.0,5.631067961165048,0.0,0.0
1,25.0,5.631067961165048,1.1650485436893203,1.1650485436893203
1,26.0,5.631067961165048,2.3300970873786406,2.3300970873786406
1,27.0,5.631067961165048,2.3300970873786406,2.3300970873786406
1,28.0,8.155339805825243,3.1067961165048543,3.1067961165048543
1,29.0,8.54368932038835,3.1067961165048543,3.1067961165048543
1,30.0,13.009708737864079,4.271844660194175,4.271844660194175
1,31.0,13.980582524271846,4.271844660194175,4.271844660194175
1,32.0,14.563106796116504,4.271844660194175,4.271844660194175
1,33.0,15.145631067961165,4.271844660194175,4.271844660194175
1,34.0,15.145631067961165,4.271844660194175,4.271844660194175
1,35.0,15.339805825242719,4.271844660194175,4.271844660194175
1,36.0,26.019417475728158,4.271844660194175,4.271844660194175
1,37.0,28.7378640776699,4.271844660194175,4.271844660194175
1,38.0,29.708737864077673,4.271844660194175,4.271844660194175
1,39.0,36.116504854368934,4.271844660194175,4.271844660194175
1,40.0,36.699029126213595,4.271844660194175,4.271844660194175
1,41.0,37.0873786407767,4.271844660194175,4.271844660194175
1,42.0,37.4757281553398,4.271844660194175,4.271844660194175
1,43.0,37.4757281553398,4.271844660194175,4.271844660194175
1,44.0,37.4757281553398,4.271844660194175,4.271844660194175
1,45.0,37.4757281553398,5.631067961165048,5.631067961165048
1,46.0,37.4757281553398,9.320388349514563,9.320388349514563
1,47.0,37.4757281553398,10.87378640776699,10.87378640776699
1,48.0,37.4757281553398,10.87378640776699,10.87378640776699
1,49.0,49.12621359223301,11.650485436893204,11.650485436893204
1,50.0,53.00970873786408,11.067961165048544,11.067961165048544
1,51.0,53.786407766990294,11.650485436893204,11.650485436893204
1,52.0,54.1747572815534,11.45631067961165,11.45631067961165
1,53.0,65.24271844660194,11.262135922330096,11.262135922330096
1,54.0,68.3495145631068,14.951456310679612,14.951456310679612
1,55.0,68.54368932038835,14.757281553398057,14.757281553398057
1,56.0,71.45631067961165,17.66990291262136,17.66990291262136
1,57.0,71.84466019417476,17.66990291262136,17.66990291262136
1,58.0,72.03883495145631,19.41747572815534,19.41747572815534
1,59.0,72.42718446601941,20.388349514563107,20.388349514563107
1,60.0,72.42718446601941,25.04854368932039,17.475728155339805
1,61.0,78.05825242718447,25.24271844660194,17.864077669902912
1,62.0,78.44660194174757,26.990291262135923,19.223300970873787
1,63.0,81.16504854368932,26.601941747572816,19.02912621359223
1,64.0,81.94174757281554,28.54368932038835,19.80582524271845
1,65.0,82.52427184466019,28.155339805825243,19.611650485436893
1,66.0,82.71844660194175,31.456310679611647,22.718446601941746
1,67.0,82.71844660194175,30.87378640776699,21.553398058252426
1,68.0,82.71844660194175,31.2621359223301,21.941747572815533
1,69.0,82.71844660194175,30.679611650485437,21.74757281553398
1,70.0,89.70873786407768,31.06796116504854,22.330097087378643
1,71.0,90.09708737864077,37.0873786407767,27.766990291262132
1,72.0,92.62135922330097,39.41747572815534,30.29126213592233
1,73.0,92.81553398058252,44.46601941747573,34.368932038834956
1,74.0,93.00970873786409,51.6504854368932,40.58252427184466
1,75.0,93.20388349514563,58.252427184466015,46.601941747572816
1,76.0,93.20388349514563,61.55339805825243,49.51456310679612
1,77.0,93.20388349514563,61.94174757281553,51.6504854368932
1,78.0,93.20388349514563,64.85436893203882,34.1747572815534
1,79.0,93.20388349514563,68.15533980582525,40.3883495145631
1,80.0,94.5631067961165,71.26213592233009,49.70873786407767
1,81.0,94.75728155339806,74.5631067961165,54.36893203883495
1,82.0,94.75728155339806,75.72815533980582,54.36893203883495
1,83.0,94.75728155339806,75.14563106796116,56.310679611650485
1,84.0,94.75728155339806,80.19417475728156,30.679611650485437
1,85.0,94.75728155339806,79.02912621359224,30.097087378640776
1,86.0,94.75728155339806,81.74757281553397,35.728155339805824
1,87.0,94.75728155339806,81.35922330097087,42.52427184466019
1,88.0,94.75728155339806,84.85436893203884,50.09708737864078
1,89.0,94.75728155339806,86.79611650485437,50.873786407766985
1,90.0,94.75728155339806,88.54368932038835,53.786407766990294
1,91.0,94.75728155339806,88.7378640776699,54.5631067961165
1,92.0,94.75728155339806,87.57281553398059,52.81553398058253
1,93.0,94.75728155339806,89.32038834951457,58.05825242718446
1,94.0,94.75728155339806,89.90291262135922,62.5242718446602
1,95.0,94.75728155339806,89.90291262135922,62.5242718446602
1,96.0,94.75728155339806,90.87378640776699,64.27184466019418
1,97.0,94.75728155339806,90.29126213592234,64.85436893203882
1,98.0,94.75728155339806,86.79611650485437,65.4368932038835
1,99.0,94.75728155339806,86.99029126213593,66.40776699029126
1,100.0,94.75728155339806,86.2135922330097,66.40776699029126
1,101.0,94.75728155339806,86.99029126213593,66.79611650485437
1,102.0,97.0873786407767,86.2135922330097,66.40776699029126
1,103.0,97.47572815533981,86.79611650485437,66.40776699029126
1,104.0,97.47572815533981,66.40776699029126,66.40776699029126
1,105.0,98.44660194174757,66.01941747572816,66.01941747572816
1,106.0,98.44660194174757,66.40776699029126,66.40776699029126
1,107.0,98.44660194174757,66.99029126213593,66.99029126213593
1,108.0,98.44660194174757,66.2135922330097,66.2135922330097
1,109.0,98.44660194174757,66.79611650485437,66.79611650485437
1,110.0,98.44660194174757,66.40776699029126,66.40776699029126
1,111.0,98.44660194174757,67.37864077669903,67.37864077669903
1,112.0,98.44660194174757,65.63106796116504,65.63106796116504
1,113.0,98.44660194174757,66.60194174757281,66.60194174757281
1,114.0,99.02912621359224,67.18446601941747,67.18446601941747
1,115.0,99.02912621359224,74.36893203883496,74.36893203883496
1,116.0,99.02912621359224,80.19417475728156,80.19417475728156
1,117.0,99.02912621359224,80.19417475728156,80.19417475728156
1,118.0,99.02912621359224,80.19417475728156,80.19417475728156
1,119.0,99.02912621359224,80.19417475728156,80.19417475728156
1,120.0,99.02912621359224,80.19417475728156,80.19417475728156
1,121.0,99.02912621359224,80.19417475728156,80.19417475728156
1,122.0,99.02912621359224,80.19417475728156,80.19417475728156
1,123.0,99.02912621359224,80.19417475728156,80.19417475728156
1,124.0,99.02912621359224,80.19417475728156,80.19417475728156
1,125.0,99.02912621359224,80.19417475728156,80.19417475728156
1,126.0,99.02912621359224,80.19417475728156,80.19417475728156
1,127.0,99.02912621359224,80.19417475728156,80.19417475728156
1,128.0,99.02912621359224,80.19417475728156,80.19417475728156
1,129.0,99.02912621359224,80.19417475728156,80.19417475728156
1,130.0,99.02912621359224,80.19417475728156,80.19417475728156
1,131.0,99.02912621359224,80.19417475728156,80.19417475728156
1,132.0,99.02912621359224,80.19417475728156,80.19417475728156
1,133.0,99.02912621359224,80.19417475728156,80.19417475728156
1,134.0,99.02912621359224,80.19417475728156,80.19417475728156
1,135.0,99.02912621359224,80.19417475728156,80.19417475728156
1,136.0,99.02912621359224,80.19417475728156,80.19417475728156
1,137.0,99.02912621359224,80.19417475728156,80.19417475728156
1,138.0,99.02912621359224,80.19417475728156,80.19417475728156
1,139.0,99.02912621359224,80.19417475728156,80.19417475728156
1,140.0,99.02912621359224,80.19417475728156,80.19417475728156
1,141.0,99.02912621359224,80.19417475728156,80.19417475728156
1,142.0,99.02912621359224,80.19417475728156,80.19417475728156
1,143.0,99.02912621359224,80.19417475728156,80.19417475728156
1,144.0,99.02912621359224,80.19417475728156,80.19417475728156
1,145.0,99.02912621359224,80.19417475728156,80.19417475728156
1,146.0,99.02912621359224,80.19417475728156,80.19417475728156
1,147.0,99.02912621359224,80.19417475728156,80.19417475728156
1,148.0,99.02912621359224,80.19417475728156,80.19417475728156
1,149.0,99.02912621359224,80.19417475728156,80.19417475728156
1,150.0,99.02912621359224,80.19417475728156,80.19417475728156
1,151.0,99.02912621359224,80.19417475728156,80.19417475728156
1,152.0,99.02912621359224,80.19417475728156,80.19417475728156
1,153.0,99.0272373540856,80.1556420233463,80.1556420233463
1,154.0,99.02534113060429,80.11695906432749,80.11695906432749
1,155.0,99.02534113060429,80.11695906432749,80.11695906432749
1,156.0,99.0234375,80.078125,80.078125
1,157.0,99.0234375,80.078125,80.078125
1,158.0,99.0234375,80.078125,80.078125
1,159.0,99.02152641878669,80.23483365949119,80.23483365949119
1,160.0,99.01960784313727,80.19607843137256,80.19607843137256
1,161.0,99.01960784313727,80.19607843137256,80.19607843137256
1,162.0,99.01960784313727,80.19607843137256,80.19607843137256
1,163.0,99.01960784313727,80.19607843137256,80.19607843137256
1,164.0,99.01960784313727,80.19607843137256,80.19607843137256
1,165.0,99.01960784313727,80.19607843137256,80.19607843137256
1,166.0,99.01768172888016,80.15717092337917,80.15717092337917
3,1.0,3.300970873786408,0.0,0.0
3,2.0,4.271844660194175,0.0,0.0
3,3.0,4.466019417475728,0.0,0.0
3,4.0,4.466019417475728,0.0,0.0
3,5.0,4.466019417475728,0.0,0.0
3,6.0,4.466019417475728,0.0,0.0
3,7.0,4.466019417475728,0.0,0.0
3,8.0,4.466019417475728,0.0,0.0
3,9.0,4.466019417475728,0.0,0.0
3,10.0,4.466019417475728,0.0,0.0
3,11.0,4.466019417475728,0.0,0.0
3,12.0,4.466019417475728,0.0,0.0
3,13.0,4.466019417475728,0.0,0.0
3,14.0,4.466019417475728,0.0,0.0
3,15.0,4.466019417475728,0.0,0.0
3,16.0,4.466019417475728,0.0,0.0
3,17.0,4.466019417475728,0.0,0.0
3,18.0,4.466019417475728,0.0,0.0
3,19.0,4.466019417475728,0.0,0.0
3,20.0,4.466019417475728,0.0,0.0
3,21.0,4.466019417475728,0.0,0.0
3,22.0,4.466019417475728,0.0,0.0
3,23.0,4.466019417475728,0.0,0.0
3,24.0,4.466019417475728,0.0,0.0
3,25.0,4.466019417475728,0.9708737864077669,0.9708737864077669
3,26.0,4.466019417475728,1.7475728155339807,1.7475728155339807
3,27.0,4.466019417475728,1.9417475728155338,1.9417475728155338
3,28.0,6.213592233009709,2.524271844660194,2.524271844660194
3,29.0,6.407766990291262,2.524271844660194,2.524271844660194
3,30.0,10.485436893203884,3.4951456310679614,3.4951456310679614
3,31.0,10.679611650485436,3.4951456310679614,3.4951456310679614
3,32.0,11.067961165048544,3.4951456310679614,3.4951456310679614
3,33.0,11.45631067961165,3.4951456310679614,3.4951456310679614
3,34.0,11.650485436893204,3.4951456310679614,3.4951456310679614
3,35.0,11.844660194174757,3.4951456310679614,3.4951456310679614
3,36.0,20.0,3.4951456310679614,3.4951456310679614
3,37.0,20.776699029126213,3.4951456310679614,3.4951456310679614
3,38.0,21.16504854368932,3.4951456310679614,3.4951456310679614
3,39.0,28.54368932038835,3.4951456310679614,3.4951456310679614
3,40.0,30.485436893203882,3.4951456310679614,3.4951456310679614
3,41.0,30.679611650485437,3.4951456310679614,3.4951456310679614
3,42.0,30.87378640776699,3.4951456310679614,3.4951456310679614
3,43.0,30.87378640776699,3.4951456310679614,3.4951456310679614
3,44.0,30.87378640776699,3.4951456310679614,3.4951456310679614
3,45.0,30.87378640776699,4.466019417475728,4.466019417475728
3,46.0,31.06796116504854,6.796116504854369,6.796116504854369
3,47.0,31.06796116504854,8.349514563106796,8.349514563106796
3,48.0,31.06796116504854,8.349514563106796,8.349514563106796
3,49.0,40.3883495145631,9.12621359223301,9.12621359223301
3,50.0,43.30097087378641,8.737864077669903,8.737864077669903
3,51.0,44.271844660194176,8.932038834951456,8.932038834951456
3,52.0,44.46601941747573,8.932038834951456,8.932038834951456
3,53.0,53.398058252427184,8.932038834951456,8.932038834951456
3,54.0,56.116504854368934,11.262135922330096,11.262135922330096
3,55.0,57.0873786407767,10.87378640776699,10.87378640776699
3,56.0,59.22330097087378,13.78640776699029,13.78640776699029
3,57.0,59.6116504854369,13.398058252427184,13.398058252427184
3,58.0,60.0,15.145631067961165,15.145631067961165
3,59.0,60.0,14.757281553398057,14.757281553398057
3,60.0,60.0,19.223300970873787,15.145631067961165
3,61.0,65.0485436893204,19.41747572815534,15.145631067961165
3,62.0,65.8252427184466,21.74757281553398,17.0873786407767
3,63.0,67.57281553398057,21.74757281553398,16.893203883495143
3,64.0,67.96116504854369,22.9126213592233,17.475728155339805
3,65.0,68.15533980582525,22.9126213592233,17.475728155339805
3,66.0,68.3495145631068,24.660194174757283,19.611650485436893
3,67.0,68.3495145631068,24.854368932038835,19.611650485436893
3,68.0,68.3495145631068,25.24271844660194,19.41747572815534
3,69.0,68.3495145631068,24.466019417475728,19.41747572815534
3,70.0,75.53398058252428,24.854368932038835,19.41747572815534
3,71.0,76.69902912621359,30.097087378640776,22.52427184466019
3,72.0,79.6116504854369,31.844660194174757,23.495145631067963
3,73.0,79.80582524271844,36.116504854368934,27.57281553398058
3,74.0,79.80582524271844,41.55339805825243,32.42718446601941
3,75.0,80.0,47.37864077669903,36.89320388349515
3,76.0,80.0,49.51456310679612,39.6116504854369
3,77.0,80.0,50.873786407766985,40.3883495145631
3,78.0,80.0,53.592233009708735,29.514563106796114
3,79.0,80.0,55.14563106796116,32.42718446601941
3,80.0,91.6504854368932,59.6116504854369,39.22330097087379
3,81.0,93.00970873786409,62.33009708737865,43.30097087378641
3,82.0,93.20388349514563,61.359223300970875,44.07766990291262
3,83.0,93.39805825242719,63.30097087378641,45.8252427184466
3,84.0,93.39805825242719,66.60194174757281,25.04854368932039
3,85.0,93.39805825242719,65.63106796116504,25.24271844660194
3,86.0,93.39805825242719,68.15533980582525,29.320388349514566
3,87.0,93.39805825242719,69.32038834951456,34.56310679611651
3,88.0,93.39805825242719,72.81553398058253,41.74757281553398
3,89.0,93.39805825242719,72.62135922330097,42.71844660194174
3,90.0,93.39805825242719,74.1747572815534,44.271844660194176
3,91.0,93.39805825242719,73.59223300970874,44.46601941747573
3,92.0,93.39805825242719,74.75728155339806,44.271844660194176
3,93.0,93.39805825242719,82.13592233009709,62.912621359223294
3,94.0,93.39805825242719,89.70873786407768,78.83495145631068
3,95.0,93.39805825242719,89.51456310679612,78.44660194174757
3,96.0,93.39805825242719,90.29126213592234,82.71844660194175
3,97.0,93.39805825242719,91.2621359223301,83.68932038834951
3,98.0,93.39805825242719,91.06796116504854,85.24271844660194
3,99.0,93.39805825242719,91.45631067961165,85.63106796116506
3,100.0,93.39805825242719,90.87378640776699,85.63106796116506
3,101.0,93.39805825242719,91.45631067961165,86.40776699029125
3,102.0,96.31067961165049,91.84466019417475,85.8252427184466
3,103.0,96.69902912621359,92.03883495145631,85.63106796116506
3,104.0,96.69902912621359,85.8252427184466,85.8252427184466
3,105.0,97.86407766990291,86.01941747572816,86.01941747572816
3,106.0,97.86407766990291,86.2135922330097,86.2135922330097
3,107.0,97.86407766990291,85.24271844660194,85.24271844660194
3,108.0,97.86407766990291,85.43689320388349,85.43689320388349
3,109.0,97.86407766990291,85.24271844660194,85.24271844660194
3,110.0,97.86407766990291,85.24271844660194,85.24271844660194
3,111.0,97.86407766990291,85.24271844660194,85.24271844660194
3,112.0,97.86407766990291,85.63106796116506,85.63106796116506
3,113.0,97.86407766990291,85.43689320388349,85.43689320388349
3,114.0,97.86407766990291,85.24271844660194,85.24271844660194
3,115.0,97.86407766990291,88.7378640776699,88.7378640776699
3,116.0,97.86407766990291,92.81553398058252,92.81553398058252
3,117.0,97.86407766990291,92.81553398058252,92.81553398058252
3,118.0,97.86407766990291,92.81553398058252,92.81553398058252
3,119.0,97.86407766990291,92.81553398058252,92.81553398058252
3,120.0,97.86407766990291,92.81553398058252,92.81553398058252
3,121.0,97.86407766990291,92.81553398058252,92.81553398058252
3,122.0,97.86407766990291,92.81553398058252,92.81553398058252
3,123.0,97.86407766990291,92.81553398058252,92.81553398058252
3,124.0,97.86407766990291,92.81553398058252,92.81553398058252
3,125.0,97.86407766990291,92.81553398058252,92.81553398058252
3,126.0,97.86407766990291,92.81553398058252,92.81553398058252
3,127.0,97.86407766990291,92.81553398058252,92.81553398058252
3,128.0,97.86407766990291,92.81553398058252,92.81553398058252
3,129.0,97.86407766990291,92.81553398058252,92.81553398058252
3,130.0,97.86407766990291,92.81553398058252,92.81553398058252
3,131.0,97.86407766990291,92.81553398058252,92.81553398058252
3,132.0,97.86407766990291,92.81553398058252,92.81553398058252
3,133.0,97.86407766990291,92.81553398058252,92.81553398058252
3,134.0,97.86407766990291,92.81553398058252,92.81553398058252
3,135.0,97.86407766990291,92.81553398058252,92.81553398058252
3,136.0,97.86407766990291,92.81553398058252,92.81553398058252
3,137.0,97.86407766990291,92.81553398058252,92.81553398058252
3,138.0,97.86407766990291,92.81553398058252,92.81553398058252
3,139.0,97.86407766990291,92.81553398058252,92.81553398058252
3,140.0,97.86407766990291,92.81553398058252,92.81553398058252
3,141.0,97.86407766990291,92.81553398058252,92.81553398058252
3,142.0,97.86407766990291,92.81553398058252,92.81553398058252
3,143.0,97.86407766990291,92.81553398058252,92.81553398058252
3,144.0,97.86407766990291,92.81553398058252,92.81553398058252
3,145.0,97.86407766990291,92.81553398058252,92.81553398058252
3,146.0,97.86407766990291,92.81553398058252,92.81553398058252
3,147.0,97.86407766990291,92.81553398058252,92.81553398058252
3,148.0,97.86407766990291,92.81553398058252,92.81553398058252
3,149.0,97.86407766990291,92.81553398058252,92.81553398058252
3,150.0,97.86407766990291,92.81553398058252,92.81553398058252
3,151.0,97.86407766990291,92.81553398058252,92.81553398058252
3,152.0,97.86407766990291,92.81553398058252,92.81553398058252
3,153.0,97.86407766990291,92.81553398058252,92.81553398058252
3,154.0,97.86407766990291,92.81553398058252,92.81553398058252
3,155.0,97.86407766990291,92.81553398058252,92.81553398058252
3,156.0,97.86407766990291,92.81553398058252,92.81553398058252
3,157.0,97.86407766990291,92.81553398058252,92.81553398058252
3,158.0,97.86407766990291,92.81553398058252,92.81553398058252
3,159.0,97.86407766990291,92.81553398058252,92.81553398058252
3,160.0,97.86407766990291,92.81553398058252,92.81553398058252
3,161.0,97.86407766990291,92.81553398058252,92.81553398058252
3,162.0,97.86407766990291,92.81553398058252,92.81553398058252
3,163.0,97.86407766990291,92.81553398058252,92.81553398058252
3,164.0,97.86407766990291,92.81553398058252,92.81553398058252
3,165.0,97.86407766990291,92.81553398058252,92.81553398058252
3,166.0,97.86407766990291,92.81553398058252,92.81553398058252
5,1.0,4.077669902912621,0.0,0.0
5,2.0,5.048543689320388,0.0,0.0
5,3.0,5.436893203883495,0.0,0.0
5,4.0,5.631067961165048,0.0,0.0
5,5.0,5.631067961165048,0.0,0.0
5,6.0,5.631067961165048,0.0,0.0
5,7.0,5.631067961165048,0.0,0.0
5,8.0,5.631067961165048,0.0,0.0
5,9.0,5.825242718446602,0.0,0.0
5,10.0,5.825242718446602,0.0,0.0
5,11.0,5.825242718446602,0.0,0.0
5,12.0,5.825242718446602,0.0,0.0
5,13.0,5.825242718446602,0.0,0.0
5,14.0,5.825242718446602,0.0,0.0
5,15.0,5.825242718446602,0.0,0.0
5,16.0,5.825242718446602,0.0,0.0
5,17.0,5.825242718446602,0.0,0.0
5,18.0,5.825242718446602,0.0,0.0
5,19.0,5.825242718446602,0.0,0.0
5,20.0,5.825242718446602,0.0,0.0
5,21.0,5.825242718446602,0.0,0.0
5,22.0,5.825242718446602,0.0,0.0
5,23.0,5.825242718446602,0.0,0.0
5,24.0,5.825242718446602,0.0,0.0
5,25.0,5.825242718446602,1.3592233009708738,1.3592233009708738
5,26.0,5.825242718446602,2.3300970873786406,2.3300970873786406
5,27.0,5.825242718446602,2.3300970873786406,2.3300970873786406
5,28.0,7.961165048543689,2.912621359223301,2.912621359223301
5,29.0,8.349514563106796,3.1067961165048543,3.1067961165048543
5,30.0,12.815533980582524,4.271844660194175,4.271844660194175
5,31.0,14.174757281553399,4.271844660194175,4.271844660194175
5,32.0,14.951456310679612,4.271844660194175,4.271844660194175
5,33.0,14.951456310679612,4.271844660194175,4.271844660194175
5,34.0,14.951456310679612,4.271844660194175,4.271844660194175
5,35.0,15.145631067961165,4.271844660194175,4.271844660194175
5,36.0,24.854368932038835,4.271844660194175,4.271844660194175
5,37.0,26.21359223300971,4.271844660194175,4.271844660194175
5,38.0,26.990291262135923,4.271844660194175,4.271844660194175
5,39.0,34.1747572815534,4.271844660194175,4.271844660194175
5,40.0,35.728155339805824,4.271844660194175,4.271844660194175
5,41.0,36.310679611650485,4.271844660194175,4.271844660194175
5,42.0,37.0873786407767,4.271844660194175,4.271844660194175
5,43.0,37.0873786407767,4.271844660194175,4.271844660194175
5,44.0,37.0873786407767,4.271844660194175,4.271844660194175
5,45.0,37.28155339805825,5.436893203883495,5.436893203883495
5,46.0,37.66990291262136,8.737864077669903,8.737864077669903
5,47.0,37.66990291262136,10.485436893203884,10.485436893203884
5,48.0,37.66990291262136,10.29126213592233,10.29126213592233
5,49.0,47.57281553398058,10.87378640776699,10.87378640776699
5,50.0,51.6504854368932,10.87378640776699,10.87378640776699
5,51.0,52.23300970873787,10.679611650485436,10.679611650485436
5,52.0,52.42718446601942,10.87378640776699,10.87378640776699
5,53.0,60.970873786407765,10.87378640776699,10.87378640776699
5,54.0,63.883495145631066,13.009708737864079,13.009708737864079
5,55.0,65.24271844660194,13.009708737864079,13.009708737864079
5,56.0,69.70873786407768,15.53398058252427,15.53398058252427
5,57.0,69.90291262135922,15.922330097087379,15.922330097087379
5,58.0,69.90291262135922,17.864077669902912,17.864077669902912
5,59.0,70.29126213592232,18.058252427184467,18.058252427184467
5,60.0,70.29126213592232,23.495145631067963,16.699029126213592
5,61.0,75.14563106796116,24.07766990291262,17.0873786407767
5,62.0,75.33980582524272,24.660194174757283,18.058252427184467
5,63.0,77.66990291262135,24.466019417475728,18.058252427184467
5,64.0,78.05825242718447,26.21359223300971,19.80582524271845
5,65.0,78.25242718446603,27.378640776699033,20.0
5,66.0,78.25242718446603,29.126213592233007,21.16504854368932
5,67.0,78.44660194174757,28.932038834951456,21.553398058252426
5,68.0,78.44660194174757,28.932038834951456,21.35922330097087
5,69.0,78.44660194174757,29.126213592233007,21.35922330097087
5,70.0,87.96116504854369,28.54368932038835,20.97087378640777
5,71.0,88.7378640776699,35.53398058252427,27.184466019417474
5,72.0,91.06796116504854,37.66990291262136,28.932038834951456
5,73.0,91.06796116504854,42.9126213592233,33.398058252427184
5,74.0,91.06796116504854,49.70873786407767,40.0
5,75.0,91.2621359223301,54.757281553398066,44.46601941747573
5,76.0,91.2621359223301,59.02912621359223,47.96116504854369
5,77.0,91.2621359223301,59.6116504854369,47.96116504854369
5,78.0,91.2621359223301,62.33009708737865,29.902912621359224
5,79.0,91.2621359223301,64.66019417475728,36.310679611650485
5,80.0,92.23300970873787,69.51456310679612,43.10679611650485
5,81.0,92.81553398058252,70.67961165048544,46.601941747572816
5,82.0,92.81553398058252,72.42718446601941,49.12621359223301
5,83.0,92.81553398058252,73.7864077669903,51.067961165048544
5,84.0,92.81553398058252,77.08737864077669,26.796116504854368
5,85.0,92.81553398058252,75.92233009708738,26.796116504854368
5,86.0,92.81553398058252,80.58252427184466,33.398058252427184
5,87.0,92.81553398058252,81.74757281553397,42.71844660194174
5,88.0,92.81553398058252,84.85436893203884,50.29126213592233
5,89.0,92.81553398058252,85.63106796116506,50.29126213592233
5,90.0,92.81553398058252,86.01941747572816,51.6504854368932
5,91.0,92.81553398058252,85.8252427184466,52.81553398058253
5,92.0,92.81553398058252,87.37864077669903,51.6504854368932
5,93.0,92.81553398058252,86.79611650485437,55.72815533980583
5,94.0,92.81553398058252,88.54368932038835,59.417475728155345
5,95.0,92.81553398058252,87.37864077669903,59.417475728155345
5,96.0,92.81553398058252,89.51456310679612,62.71844660194175
5,97.0,92.81553398058252,88.93203883495146,62.13592233009708
5,98.0,92.81553398058252,82.71844660194175,62.5242718446602
5,99.0,92.81553398058252,82.33009708737865,64.07766990291263
5,100.0,92.81553398058252,82.33009708737865,62.71844660194175
5,101.0,92.81553398058252,81.94174757281554,63.689320388349515
5,102.0,95.14563106796116,82.33009708737865,63.10679611650486
5,103.0,95.33980582524272,83.10679611650485,64.46601941747574
5,104.0,95.53398058252426,63.30097087378641,63.30097087378641
5,105.0,97.0873786407767,62.71844660194175,62.71844660194175
5,106.0,97.28155339805825,62.71844660194175,62.71844660194175
5,107.0,97.28155339805825,62.71844660194175,62.71844660194175
5,108.0,97.28155339805825,63.49514563106796,63.49514563106796
5,109.0,97.28155339805825,63.10679611650486,63.10679611650486
5,110.0,97.28155339805825,61.94174757281553,61.94174757281553
5,111.0,97.28155339805825,63.689320388349515,63.689320388349515
5,112.0,97.28155339805825,62.71844660194175,62.71844660194175
5,113.0,97.28155339805825,62.912621359223294,62.912621359223294
5,114.0,98.05825242718447,64.27184466019418,64.27184466019418
5,115.0,98.05825242718447,70.48543689320388,70.48543689320388
5,116.0,98.05825242718447,77.47572815533981,77.47572815533981
5,117.0,98.05825242718447,77.47572815533981,77.47572815533981
5,118.0,98.05825242718447,77.47572815533981,77.47572815533981
5,119.0,98.05825242718447,77.47572815533981,77.47572815533981
5,120.0,98.05825242718447,77.47572815533981,77.47572815533981
5,121.0,98.05825242718447,77.47572815533981,77.47572815533981
5,122.0,98.05825242718447,77.47572815533981,77.47572815533981
5,123.0,98.05825242718447,77.47572815533981,77.47572815533981
5,124.0,98.05825242718447,77.47572815533981,77.47572815533981
5,125.0,98.05825242718447,77.47572815533981,77.47572815533981
5,126.0,98.05825242718447,77.47572815533981,77.47572815533981
5,127.0,98.05825242718447,77.47572815533981,77.47572815533981
5,128.0,98.05825242718447,77.47572815533981,77.47572815533981
5,129.0,98.05825242718447,77.47572815533981,77.47572815533981
5,130.0,98.05825242718447,77.47572815533981,77.47572815533981
5,131.0,98.05825242718447,77.47572815533981,77.47572815533981
5,132.0,98.05825242718447,77.47572815533981,77.47572815533981
5,133.0,98.05825242718447,77.47572815533981,77.47572815533981
5,134.0,98.05825242718447,77.47572815533981,77.47572815533981
5,135.0,98.05825242718447,77.47572815533981,77.47572815533981
5,136.0,98.05825242718447,77.47572815533981,77.47572815533981
5,137.0,98.05825242718447,77.47572815533981,77.47572815533981
5,138.0,98.05825242718447,77.47572815533981,77.47572815533981
5,139.0,98.05825242718447,77.47572815533981,77.47572815533981
5,140.0,98.05825242718447,77.47572815533981,77.47572815533981
5,141.0,98.05825242718447,77.47572815533981,77.47572815533981
5,142.0,98.05825242718447,77.47572815533981,77.47572815533981
5,143.0,98.05825242718447,77.47572815533981,77.47572815533981
5,144.0,98.05825242718447,77.47572815533981,77.47572815533981
5,145.0,98.05825242718447,77.47572815533981,77.47572815533981
5,146.0,98.05825242718447,77.47572815533981,77.47572815533981
5,147.0,98.05825242718447,77.47572815533981,77.47572815533981
5,148.0,98.05825242718447,77.47572815533981,77.47572815533981
5,149.0,98.05825242718447,77.47572815533981,77.47572815533981
5,150.0,98.05825242718447,77.47572815533981,77.47572815533981
5,151.0,98.05825242718447,77.47572815533981,77.47572815533981
5,152.0,98.05825242718447,77.47572815533981,77.47572815533981
5,153.0,98.05825242718447,77.47572815533981,77.47572815533981
5,154.0,98.05825242718447,77.47572815533981,77.47572815533981
5,155.0,98.05825242718447,77.47572815533981,77.47572815533981
5,156.0,98.05825242718447,77.47572815533981,77.47572815533981
5,157.0,98.0544747081712,77.431906614786,77.431906614786
5,158.0,98.05068226120858,77.38791423001949,77.38791423001949
5,159.0,98.05068226120858,77.38791423001949,77.38791423001949
5,160.0,98.05068226120858,77.38791423001949,77.38791423001949
5,161.0,98.05068226120858,77.38791423001949,77.38791423001949
5,162.0,98.046875,77.34375,77.34375
5,163.0,98.04305283757338,77.29941291585128,77.29941291585128
5,164.0,98.0392156862745,77.25490196078432,77.25490196078432
5,165.0,98.03536345776031,77.40667976424362,77.40667976424362
5,166.0,98.03149606299213,77.36220472440945,77.36220472440945
7,1.0,2.524271844660194,0.0,0.0
7,2.0,2.912621359223301,0.0,0.0
7,3.0,2.912621359223301,0.0,0.0
7,4.0,3.1067961165048543,0.0,0.0
7,5.0,3.1067961165048543,0.0,0.0
7,6.0,3.300970873786408,0.0,0.0
7,7.0,3.4951456310679614,0.0,0.0
7,8.0,3.4951456310679614,0.0,0.0
7,9.0,3.4951456310679614,0.0,0.0
7,10.0,3.4951456310679614,0.0,0.0
7,11.0,3.4951456310679614,0.0,0.0
7,12.0,3.4951456310679614,0.0,0.0
7,13.0,3.4951456310679614,0.0,0.0
7,14.0,3.4951456310679614,0.0,0.0
7,15.0,3.4951456310679614,0.0,0.0
7,16.0,3.4951456310679614,0.0,0.0
7,17.0,3.4951456310679614,0.0,0.0
7,18.0,3.4951456310679614,0.0,0.0
7,19.0,3.4951456310679614,0.0,0.0
7,20.0,3.4951456310679614,0.0,0.0
7,21.0,3.4951456310679614,0.0,0.0
7,22.0,3.4951456310679614,0.0,0.0
7,23.0,3.4951456310679614,0.0,0.0
7,24.0,3.4951456310679614,0.0,0.0
7,25.0,3.4951456310679614,0.5825242718446602,0.5825242718446602
7,26.0,3.4951456310679614,1.3592233009708738,1.3592233009708738
7,27.0,3.4951456310679614,1.5533980582524272,1.5533980582524272
7,28.0,4.660194174757281,1.9417475728155338,1.9417475728155338
7,29.0,4.660194174757281,1.9417475728155338,1.9417475728155338
7,30.0,8.155339805825243,2.7184466019417477,2.7184466019417477
7,31.0,8.54368932038835,2.7184466019417477,2.7184466019417477
7,32.0,8.932038834951456,2.7184466019417477,2.7184466019417477
7,33.0,9.320388349514563,2.7184466019417477,2.7184466019417477
7,34.0,9.320388349514563,2.7184466019417477,2.7184466019417477
7,35.0,9.320388349514563,2.7184466019417477,2.7184466019417477
7,36.0,15.53398058252427,2.7184466019417477,2.7184466019417477
7,37.0,16.699029126213592,2.7184466019417477,2.7184466019417477
7,38.0,16.893203883495143,2.7184466019417477,2.7184466019417477
7,39.0,22.135922330097088,2.7184466019417477,2.7184466019417477
7,40.0,23.300970873786408,2.7184466019417477,2.7184466019417477
7,41.0,23.883495145631066,2.7184466019417477,2.7184466019417477
7,42.0,24.271844660194176,2.7184466019417477,2.7184466019417477
7,43.0,24.271844660194176,2.7184466019417477,2.7184466019417477
7,44.0,24.466019417475728,2.7184466019417477,2.7184466019417477
7,45.0,24.466019417475728,3.300970873786408,3.300970873786408
7,46.0,24.466019417475728,4.660194174757281,4.660194174757281
7,47.0,24.466019417475728,6.601941747572816,6.601941747572816
7,48.0,24.466019417475728,6.601941747572816,6.601941747572816
7,49.0,32.81553398058252,6.796116504854369,6.796116504854369
7,50.0,36.699029126213595,6.796116504854369,6.796116504854369
7,51.0,37.28155339805825,6.601941747572816,6.601941747572816
7,52.0,38.25242718446602,6.796116504854369,6.796116504854369
7,53.0,46.019417475728154,6.796116504854369,6.796116504854369
7,54.0,49.12621359223301,8.54368932038835,8.54368932038835
7,55.0,49.320388349514566,8.349514563106796,8.349514563106796
7,56.0,51.84466019417475,10.29126213592233,10.29126213592233
7,57.0,52.81553398058253,10.485436893203884,10.485436893203884
7,58.0,52.81553398058253,11.844660194174757,11.844660194174757
7,59.0,52.81553398058253,12.03883495145631,12.03883495145631
7,60.0,53.00970873786408,14.36893203883495,10.87378640776699
7,61.0,60.0,14.36893203883495,11.262135922330096
7,62.0,60.19417475728155,15.728155339805824,13.009708737864079
7,63.0,62.5242718446602,15.53398058252427,12.62135922330097
7,64.0,62.71844660194175,16.893203883495143,13.398058252427184
7,65.0,63.30097087378641,16.50485436893204,13.203883495145632
7,66.0,63.49514563106796,18.446601941747574,14.757281553398057
7,67.0,63.689320388349515,18.058252427184467,14.36893203883495
7,68.0,63.689320388349515,18.640776699029125,14.951456310679612
7,69.0,63.689320388349515,18.446601941747574,14.563106796116504
7,70.0,74.75728155339806,18.446601941747574,14.563106796116504
7,71.0,76.11650485436893,22.52427184466019,18.058252427184467
7,72.0,78.83495145631068,24.07766990291262,19.02912621359223
7,73.0,79.2233009708738,28.932038834951456,22.718446601941746
7,74.0,79.41747572815534,34.1747572815534,27.184466019417474
7,75.0,79.6116504854369,40.77669902912621,31.844660194174757
7,76.0,79.6116504854369,43.30097087378641,34.368932038834956
7,77.0,79.80582524271844,43.883495145631066,35.14563106796116
7,78.0,79.80582524271844,46.40776699029126,20.97087378640777
7,79.0,79.80582524271844,48.349514563106794,25.8252427184466
7,80.0,90.48543689320388,54.36893203883495,32.038834951456316
7,81.0,93.00970873786409,55.533980582524265,33.592233009708735
7,82.0,93.20388349514563,56.310679611650485,35.92233009708738
7,83.0,93.20388349514563,57.4757281553398,36.310679611650485
7,84.0,93.59223300970874,61.55339805825243,19.80582524271845
7,85.0,93.7864077669903,61.165048543689316,19.611650485436893
7,86.0,93.7864077669903,65.8252427184466,26.601941747572816
7,87.0,93.7864077669903,64.85436893203882,29.126213592233007
7,88.0,93.7864077669903,70.67961165048544,36.116504854368934
7,89.0,93.7864077669903,72.42718446601941,36.116504854368934
7,90.0,93.7864077669903,74.1747572815534,37.66990291262136
7,91.0,93.7864077669903,72.62135922330097,37.66990291262136
7,92.0,93.7864077669903,73.00970873786407,36.699029126213595
7,93.0,93.7864077669903,80.58252427184466,57.28155339805825
7,94.0,93.7864077669903,87.18446601941747,71.26213592233009
7,95.0,93.7864077669903,87.37864077669903,72.03883495145631
7,96.0,93.7864077669903,87.76699029126213,74.36893203883496
7,97.0,93.7864077669903,86.79611650485437,75.92233009708738
7,98.0,93.7864077669903,87.96116504854369,80.0
7,99.0,93.7864077669903,88.15533980582524,80.97087378640776
7,100.0,93.7864077669903,88.7378640776699,80.3883495145631
7,101.0,93.7864077669903,88.54368932038835,80.19417475728156
7,102.0,96.31067961165049,88.7378640776699,80.7766990291262
7,103.0,97.0873786407767,88.93203883495146,80.58252427184466
7,104.0,97.0873786407767,79.41747572815534,79.41747572815534
7,105.0,97.86407766990291,80.19417475728156,80.19417475728156
7,106.0,97.86407766990291,80.19417475728156,80.19417475728156
7,107.0,97.86407766990291,81.16504854368932,81.16504854368932
7,108.0,97.86407766990291,80.7766990291262,80.7766990291262
7,109.0,97.86407766990291,80.58252427184466,80.58252427184466
7,110.0,97.86407766990291,80.97087378640776,80.97087378640776
7,111.0,97.86407766990291,81.16504854368932,81.16504854368932
7,112.0,97.86407766990291,81.16504854368932,81.16504854368932
7,113.0,97.86407766990291,79.6116504854369,79.6116504854369
7,114.0,98.05825242718447,80.0,80.0
7,115.0,98.05825242718447,84.66019417475728,84.66019417475728
7,116.0,98.05825242718447,89.70873786407768,89.70873786407768
7,117.0,98.05825242718447,89.70873786407768,89.70873786407768
7,118.0,98.05825242718447,89.70873786407768,89.70873786407768
7,119.0,98.05825242718447,89.70873786407768,89.70873786407768
7,120.0,98.05825242718447,89.70873786407768,89.70873786407768
7,121.0,98.05825242718447,89.70873786407768,89.70873786407768
7,122.0,98.05825242718447,89.70873786407768,89.70873786407768
7,123.0,98.05825242718447,89.70873786407768,89.70873786407768
7,124.0,98.05825242718447,89.70873786407768,89.70873786407768
7,125.0,98.05825242718447,89.70873786407768,89.70873786407768
7,126.0,98.05825242718447,89.70873786407768,89.70873786407768
7,127.0,98.05825242718447,89.70873786407768,89.70873786407768
7,128.0,98.05825242718447,89.70873786407768,89.70873786407768
7,129.0,98.05825242718447,89.70873786407768,89.70873786407768
7,130.0,98.05825242718447,89.70873786407768,89.70873786407768
7,131.0,98.05825242718447,89.70873786407768,89.70873786407768
7,132.0,98.05825242718447,89.70873786407768,89.70873786407768
7,133.0,98.05825242718447,89.70873786407768,89.70873786407768
7,134.0,98.05825242718447,89.70873786407768,89.70873786407768
7,135.0,98.05825242718447,89.70873786407768,89.70873786407768
7,136.0,98.05825242718447,89.70873786407768,89.70873786407768
7,137.0,98.05825242718447,89.70873786407768,89.70873786407768
7,138.0,98.05825242718447,89.70873786407768,89.70873786407768
7,139.0,98.05825242718447,89.70873786407768,89.70873786407768
7,140.0,98.05825242718447,89.70873786407768,89.70873786407768
7,141.0,98.05825242718447,89.70873786407768,89.70873786407768
7,142.0,98.05825242718447,89.70873786407768,89.70873786407768
7,143.0,98.05825242718447,89.70873786407768,89.70873786407768
7,144.0,98.05825242718447,89.70873786407768,89.70873786407768
7,145.0,98.05825242718447,89.70873786407768,89.70873786407768
7,146.0,98.05825242718447,89.70873786407768,89.70873786407768
7,147.0,98.05825242718447,89.70873786407768,89.70873786407768
7,148.0,98.05825242718447,89.70873786407768,89.70873786407768
7,149.0,98.05825242718447,89.70873786407768,89.70873786407768
7,150.0,98.05825242718447,89.70873786407768,89.70873786407768
7,151.0,98.05825242718447,89.70873786407768,89.70873786407768
7,152.0,98.0544747081712,89.6887159533074,89.6887159533074
7,153.0,98.0544747081712,89.6887159533074,89.6887159533074
7,154.0,98.0544747081712,89.6887159533074,89.6887159533074
7,155.0,98.0544747081712,89.6887159533074,89.6887159533074
7,156.0,98.0544747081712,89.6887159533074,89.6887159533074
7,157.0,98.05068226120858,89.66861598440545,89.66861598440545
7,158.0,98.05068226120858,89.66861598440545,89.66861598440545
7,159.0,98.05068226120858,89.66861598440545,89.66861598440545
7,160.0,98.05068226120858,89.66861598440545,89.66861598440545
7,161.0,98.05068226120858,89.66861598440545,89.66861598440545
7,162.0,98.046875,89.6484375,89.6484375
7,163.0,98.04305283757338,89.62818003913894,89.62818003913894
7,164.0,98.0392156862745,89.6078431372549,89.6078431372549
7,165.0,98.0392156862745,89.6078431372549,89.6078431372549
7,166.0,98.0392156862745,89.6078431372549,89.6078431372549
9,1.0,3.6893203883495143,0.0,0.0
9,2.0,4.077669902912621,0.0,0.0
9,3.0,4.466019417475728,0.0,0.0
9,4.0,4.660194174757281,0.0,0.0
9,5.0,4.660194174757281,0.0,0.0
9,6.0,4.660194174757281,0.0,0.0
9,7.0,4.660194174757281,0.0,0.0
9,8.0,4.660194174757281,0.0,0.0
9,9.0,4.660194174757281,0.0,0.0
9,10.0,4.660194174757281,0.0,0.0
9,11.0,4.660194174757281,0.0,0.0
9,12.0,4.660194174757281,0.0,0.0
9,13.0,4.660194174757281,0.0,0.0
9,14.0,4.660194174757281,0.0,0.0
9,15.0,4.660194174757281,0.0,0.0
9,16.0,4.660194174757281,0.0,0.0
9,17.0,4.660194174757281,0.0,0.0
9,18.0,4.660194174757281,0.0,0.0
9,19.0,4.660194174757281,0.0,0.0
9,20.0,4.660194174757281,0.0,0.0
9,21.0,4.660194174757281,0.0,0.0
9,22.0,4.660194174757281,0.0,0.0
9,23.0,4.660194174757281,0.0,0.0
9,24.0,4.660194174757281,0.0,0.0
9,25.0,4.660194174757281,1.1650485436893203,1.1650485436893203
9,26.0,4.660194174757281,2.1359223300970873,2.1359223300970873
9,27.0,4.660194174757281,1.9417475728155338,1.9417475728155338
9,28.0,6.407766990291262,2.524271844660194,2.524271844660194
9,29.0,6.990291262135923,2.7184466019417477,2.7184466019417477
9,30.0,11.067961165048544,3.8834951456310676,3.8834951456310676
9,31.0,11.650485436893204,4.077669902912621,4.077669902912621
9,32.0,11.844660194174757,3.8834951456310676,3.8834951456310676
9,33.0,12.03883495145631,3.8834951456310676,3.8834951456310676
9,34.0,12.427184466019417,4.077669902912621,4.077669902912621
9,35.0,12.427184466019417,4.077669902912621,4.077669902912621
9,36.0,21.35922330097087,3.8834951456310676,3.8834951456310676
9,37.0,23.300970873786408,3.8834951456310676,3.8834951456310676
9,38.0,23.883495145631066,3.8834951456310676,3.8834951456310676
9,39.0,31.2621359223301,4.077669902912621,4.077669902912621
9,40.0,32.23300970873787,4.077669902912621,4.077669902912621
9,41.0,32.81553398058252,4.077669902912621,4.077669902912621
9,42.0,33.20388349514563,3.8834951456310676,3.8834951456310676
9,43.0,33.398058252427184,3.8834951456310676,3.8834951456310676
9,44.0,33.398058252427184,3.8834951456310676,3.8834951456310676
9,45.0,33.78640776699029,5.048543689320388,5.048543689320388
9,46.0,33.78640776699029,7.572815533980583,7.572815533980583
9,47.0,33.78640776699029,9.320388349514563,9.320388349514563
9,48.0,33.78640776699029,9.12621359223301,9.12621359223301
9,49.0,43.689320388349515,9.70873786407767,9.70873786407767
9,50.0,48.54368932038835,9.70873786407767,9.70873786407767
9,51.0,48.932038834951456,9.514563106796116,9.514563106796116
9,52.0,49.51456310679612,9.514563106796116,9.514563106796116
9,53.0,59.22330097087378,9.70873786407767,9.70873786407767
9,54.0,62.13592233009708,12.427184466019417,12.427184466019417
9,55.0,63.10679611650486,12.427184466019417,12.427184466019417
9,56.0,66.2135922330097,14.36893203883495,14.36893203883495
9,57.0,66.40776699029126,13.78640776699029,13.78640776699029
9,58.0,66.60194174757281,15.728155339805824,15.728155339805824
9,59.0,66.60194174757281,15.922330097087379,15.922330097087379
9,60.0,66.60194174757281,21.553398058252426,15.922330097087379
9,61.0,72.03883495145631,21.35922330097087,15.922330097087379
9,62.0,72.23300970873787,23.689320388349515,18.25242718446602
9,63.0,74.9514563106796,23.883495145631066,17.864077669902912
9,64.0,75.33980582524272,25.24271844660194,19.223300970873787
9,65.0,75.33980582524272,24.660194174757283,18.83495145631068
9,66.0,75.33980582524272,27.184466019417474,20.19417475728155
9,67.0,75.53398058252428,27.96116504854369,20.388349514563107
9,68.0,75.72815533980582,27.184466019417474,20.0
9,69.0,75.72815533980582,27.378640776699033,20.19417475728155
9,70.0,86.01941747572816,27.96116504854369,20.388349514563107
9,71.0,86.01941747572816,33.00970873786408,24.660194174757283
9,72.0,90.09708737864077,34.1747572815534,25.24271844660194
9,73.0,90.67961165048544,39.6116504854369,30.097087378640776
9,74.0,90.67961165048544,47.57281553398058,36.310679611650485
9,75.0,90.87378640776699,51.45631067961165,40.58252427184466
9,76.0,90.87378640776699,56.116504854368934,43.883495145631066
9,77.0,90.87378640776699,56.116504854368934,44.66019417475729
9,78.0,90.87378640776699,59.80582524271845,29.708737864077673
9,79.0,90.87378640776699,62.13592233009708,35.33980582524272
9,80.0,92.42718446601941,66.2135922330097,42.71844660194174
9,81.0,93.39805825242719,68.54368932038835,46.601941747572816
9,82.0,93.39805825242719,68.93203883495146,47.57281553398058
9,83.0,93.39805825242719,70.48543689320388,49.90291262135923
9,84.0,93.39805825242719,73.39805825242719,24.07766990291262
9,85.0,93.39805825242719,73.20388349514563,24.271844660194176
9,86.0,93.39805825242719,75.72815533980582,29.708737864077673
9,87.0,93.39805825242719,76.89320388349515,37.66990291262136
9,88.0,93.39805825242719,83.68932038834951,44.66019417475729
9,89.0,93.39805825242719,84.66019417475728,44.46601941747573
9,90.0,93.39805825242719,87.18446601941747,48.349514563106794
9,91.0,93.39805825242719,87.57281553398059,48.54368932038835
9,92.0,93.39805825242719,87.37864077669903,48.349514563106794
9,93.0,93.39805825242719,87.96116504854369,52.62135922330097
9,94.0,93.39805825242719,88.3495145631068,56.699029126213595
9,95.0,93.39805825242719,88.93203883495146,55.14563106796116
9,96.0,93.39805825242719,89.32038834951457,58.252427184466015
9,97.0,93.39805825242719,90.29126213592234,57.86407766990291
9,98.0,93.39805825242719,83.10679611650485,58.83495145631068
9,99.0,93.39805825242719,83.10679611650485,59.6116504854369
9,100.0,93.39805825242719,82.33009708737865,60.19417475728155
9,101.0,93.39805825242719,83.49514563106796,59.6116504854369
9,102.0,96.69902912621359,83.68932038834951,59.22330097087378
9,103.0,97.28155339805825,83.49514563106796,59.22330097087378
9,104.0,97.47572815533981,60.38834951456311,60.38834951456311
9,105.0,97.86407766990291,60.0,60.0
9,106.0,97.86407766990291,60.38834951456311,60.38834951456311
9,107.0,97.86407766990291,60.0,60.0
9,108.0,97.86407766990291,60.19417475728155,60.19417475728155
9,109.0,97.86407766990291,59.02912621359223,59.02912621359223
9,110.0,97.86407766990291,60.58252427184466,60.58252427184466
9,111.0,97.86407766990291,60.19417475728155,60.19417475728155
9,112.0,97.86407766990291,58.64077669902913,58.64077669902913
9,113.0,97.86407766990291,60.0,60.0
9,114.0,98.64077669902913,58.83495145631068,58.83495145631068
9,115.0,98.64077669902913,68.54368932038835,68.54368932038835
9,116.0,98.64077669902913,72.62135922330097,72.62135922330097
9,117.0,98.64077669902913,72.62135922330097,72.62135922330097
9,118.0,98.64077669902913,72.62135922330097,72.62135922330097
9,119.0,98.64077669902913,72.62135922330097,72.62135922330097
9,120.0,98.64077669902913,72.62135922330097,72.62135922330097
9,121.0,98.64077669902913,72.62135922330097,72.62135922330097
9,122.0,98.64077669902913,72.62135922330097,72.62135922330097
9,123.0,98.64077669902913,72.62135922330097,72.62135922330097
9,124.0,98.64077669902913,72.62135922330097,72.62135922330097
9,125.0,98.64077669902913,72.62135922330097,72.62135922330097
9,126.0,98.64077669902913,72.62135922330097,72.62135922330097
9,127.0,98.64077669902913,72.62135922330097,72.62135922330097
9,128.0,98.64077669902913,72.62135922330097,72.62135922330097
9,129.0,98.64077669902913,72.62135922330097,72.62135922330097
9,130.0,98.64077669902913,72.62135922330097,72.62135922330097
9,131.0,98.64077669902913,72.62135922330097,72.62135922330097
9,132.0,98.64077669902913,72.62135922330097,72.62135922330097
9,133.0,98.64077669902913,72.62135922330097,72.62135922330097
9,134.0,98.64077669902913,72.62135922330097,72.62135922330097
9,135.0,98.64077669902913,72.62135922330097,72.62135922330097
9,136.0,98.64077669902913,72.62135922330097,72.62135922330097
9,137.0,98.64077669902913,72.62135922330097,72.62135922330097
9,138.0,98.64077669902913,72.62135922330097,72.62135922330097
9,139.0,98.64077669902913,72.62135922330097,72.62135922330097
9,140.0,98.64077669902913,72.62135922330097,72.62135922330097
9,141.0,98.64077669902913,72.62135922330097,72.62135922330097
9,142.0,98.64077669902913,72.62135922330097,72.62135922330097
9,143.0,98.64077669902913,72.62135922330097,72.62135922330097
9,144.0,98.64077669902913,72.62135922330097,72.62135922330097
9,145.0,98.63813229571986,72.568093385214,72.568093385214
9,146.0,98.635477582846,72.51461988304094,72.51461988304094
9,147.0,98.6328125,72.4609375,72.4609375
9,148.0,98.6328125,72.4609375,72.4609375
9,149.0,98.63013698630137,72.6027397260274,72.6027397260274
9,150.0,98.63013698630137,72.6027397260274,72.6027397260274
9,151.0,98.62745098039215,72.54901960784314,72.54901960784314
9,152.0,98.62204724409449,72.44094488188976,72.44094488188976
9,153.0,98.61660079051383,72.72727272727273,72.72727272727273
9,154.0,98.60834990059642,72.56461232604374,72.56461232604374
9,155.0,98.60834990059642,72.56461232604374,72.56461232604374
9,156.0,98.60834990059642,72.56461232604374,72.56461232604374
9,157.0,98.6,72.39999999999999,72.39999999999999
9,158.0,98.58012170385395,72.61663286004057,72.61663286004057
9,159.0,98.56850715746421,73.00613496932516,73.00613496932516
9,160.0,98.559670781893,72.8395061728395,72.8395061728395
9,161.0,98.75259875259876,72.97297297297297,72.97297297297297
9,162.0,98.74213836477988,72.74633123689728,72.74633123689728
9,163.0,98.72881355932203,73.09322033898306,73.09322033898306
9,164.0,98.72340425531915,72.97872340425532,72.97872340425532
9,165.0,98.71794871794873,72.86324786324786,72.86324786324786
9,166.0,98.69848156182212,72.66811279826464,72.66811279826464
2,1.0,3.300970873786408,0.0,0.0
2,2.0,3.8834951456310676,0.0,0.0
2,3.0,4.077669902912621,0.0,0.0
2,4.0,4.077669902912621,0.0,0.0
2,5.0,4.077669902912621,0.0,0.0
2,6.0,4.077669902912621,0.0,0.0
2,7.0,4.077669902912621,0.0,0.0
2,8.0,4.077669902912621,0.0,0.0
2,9.0,4.077669902912621,0.0,0.0
2,10.0,4.077669902912621,0.0,0.0
2,11.0,4.077669902912621,0.0,0.0
2,12.0,4.077669902912621,0.0,0.0
2,13.0,4.077669902912621,0.0,0.0
2,14.0,4.077669902912621,0.0,0.0
2,15.0,4.077669902912621,0.0,0.0
2,16.0,4.077669902912621,0.0,0.0
2,17.0,4.077669902912621,0.0,0.0
2,18.0,4.077669902912621,0.0,0.0
2,19.0,4.077669902912621,0.0,0.0
2,20.0,4.077669902912621,0.0,0.0
2,21.0,4.077669902912621,0.0,0.0
2,22.0,4.077669902912621,0.0,0.0
2,23.0,4.077669902912621,0.0,0.0
2,24.0,4.077669902912621,0.0,0.0
2,25.0,4.077669902912621,0.7766990291262136,0.7766990291262136
2,26.0,4.077669902912621,1.7475728155339807,1.7475728155339807
2,27.0,4.077669902912621,1.9417475728155338,1.9417475728155338
2,28.0,5.825242718446602,2.7184466019417477,2.7184466019417477
2,29.0,6.213592233009709,2.7184466019417477,2.7184466019417477
2,30.0,10.29126213592233,3.4951456310679614,3.4951456310679614
2,31.0,11.262135922330096,3.4951456310679614,3.4951456310679614
2,32.0,11.262135922330096,3.4951456310679614,3.4951456310679614
2,33.0,11.650485436893204,3.4951456310679614,3.4951456310679614
2,34.0,11.844660194174757,3.4951456310679614,3.4951456310679614
2,35.0,12.03883495145631,3.4951456310679614,3.4951456310679614
2,36.0,21.16504854368932,3.4951456310679614,3.4951456310679614
2,37.0,22.330097087378643,3.4951456310679614,3.4951456310679614
2,38.0,23.883495145631066,3.4951456310679614,3.4951456310679614
2,39.0,31.650485436893206,3.4951456310679614,3.4951456310679614
2,40.0,32.038834951456316,3.4951456310679614,3.4951456310679614
2,41.0,32.42718446601941,3.4951456310679614,3.4951456310679614
2,42.0,32.62135922330097,3.4951456310679614,3.4951456310679614
2,43.0,32.81553398058252,3.4951456310679614,3.4951456310679614
2,44.0,32.81553398058252,3.4951456310679614,3.4951456310679614
2,45.0,32.81553398058252,4.271844660194175,4.271844660194175
2,46.0,32.81553398058252,6.601941747572816,6.601941747572816
2,47.0,32.81553398058252,8.737864077669903,8.737864077669903
2,48.0,32.81553398058252,8.54368932038835,8.54368932038835
2,49.0,43.30097087378641,9.320388349514563,9.320388349514563
2,50.0,48.54368932038835,9.320388349514563,9.320388349514563
2,51.0,49.70873786407767,9.320388349514563,9.320388349514563
2,52.0,50.29126213592233,9.320388349514563,9.320388349514563
2,53.0,58.44660194174758,9.320388349514563,9.320388349514563
2,54.0,60.58252427184466,11.45631067961165,11.45631067961165
2,55.0,61.55339805825243,11.650485436893204,11.650485436893204
2,56.0,64.46601941747574,14.36893203883495,14.36893203883495
2,57.0,65.0485436893204,14.174757281553399,14.174757281553399
2,58.0,65.4368932038835,16.116504854368934,16.116504854368934
2,59.0,65.63106796116504,16.310679611650485,16.310679611650485
2,60.0,65.63106796116504,20.0,12.815533980582524
2,61.0,71.84466019417476,19.611650485436893,12.62135922330097
2,62.0,72.81553398058253,22.718446601941746,14.563106796116504
2,63.0,75.92233009708738,22.718446601941746,14.757281553398057
2,64.0,76.50485436893204,24.660194174757283,15.922330097087379
2,65.0,76.50485436893204,24.660194174757283,15.53398058252427
2,66.0,76.50485436893204,26.21359223300971,17.0873786407767
2,67.0,76.50485436893204,25.8252427184466,16.50485436893204
2,68.0,76.50485436893204,25.8252427184466,16.699029126213592
2,69.0,76.50485436893204,26.601941747572816,17.281553398058254
2,70.0,87.18446601941747,25.436893203883493,16.893203883495143
2,71.0,87.37864077669903,29.902912621359224,19.611650485436893
2,72.0,89.90291262135922,32.038834951456316,20.776699029126213
2,73.0,89.90291262135922,37.86407766990291,25.631067961165048
2,74.0,90.09708737864077,43.30097087378641,30.679611650485437
2,75.0,90.09708737864077,49.51456310679612,34.95145631067961
2,76.0,90.09708737864077,52.81553398058253,38.640776699029125
2,77.0,90.09708737864077,53.786407766990294,40.58252427184466
2,78.0,90.09708737864077,57.0873786407767,26.990291262135923
2,79.0,90.09708737864077,59.02912621359223,33.00970873786408
2,80.0,91.45631067961165,64.85436893203882,40.77669902912621
2,81.0,91.84466019417475,68.3495145631068,44.271844660194176
2,82.0,91.84466019417475,68.93203883495146,47.57281553398058
2,83.0,91.84466019417475,69.90291262135922,46.79611650485437
2,84.0,91.84466019417475,73.7864077669903,23.106796116504853
2,85.0,91.84466019417475,73.00970873786407,22.9126213592233
2,86.0,91.84466019417475,79.2233009708738,31.456310679611647
2,87.0,91.84466019417475,80.3883495145631,37.28155339805825
2,88.0,91.84466019417475,83.88349514563107,44.85436893203884
2,89.0,91.84466019417475,85.43689320388349,46.40776699029126
2,90.0,91.84466019417475,85.24271844660194,48.737864077669904
2,91.0,91.84466019417475,86.2135922330097,48.54368932038835
2,92.0,91.84466019417475,85.43689320388349,48.15533980582524
2,93.0,91.84466019417475,86.40776699029125,52.42718446601942
2,94.0,91.84466019417475,88.15533980582524,57.66990291262136
2,95.0,91.84466019417475,88.93203883495146,58.252427184466015
2,96.0,91.84466019417475,88.3495145631068,61.359223300970875
2,97.0,91.84466019417475,89.126213592233,60.19417475728155
2,98.0,91.84466019417475,81.94174757281554,62.5242718446602
2,99.0,91.84466019417475,81.94174757281554,60.970873786407765
2,100.0,91.84466019417475,81.35922330097087,60.38834951456311
2,101.0,91.84466019417475,82.71844660194175,62.5242718446602
2,102.0,94.36893203883496,82.91262135922331,62.5242718446602
2,103.0,94.36893203883496,81.74757281553397,60.58252427184466
2,104.0,94.36893203883496,61.359223300970875,61.359223300970875
2,105.0,95.92233009708738,61.359223300970875,61.359223300970875
2,106.0,96.11650485436894,62.13592233009708,62.13592233009708
2,107.0,96.31067961165049,62.33009708737865,62.33009708737865
2,108.0,96.31067961165049,61.55339805825243,61.55339805825243
2,109.0,96.31067961165049,60.970873786407765,60.970873786407765
2,110.0,96.31067961165049,60.970873786407765,60.970873786407765
2,111.0,96.31067961165049,61.359223300970875,61.359223300970875
2,112.0,96.31067961165049,62.13592233009708,62.13592233009708
2,113.0,96.31067961165049,61.55339805825243,61.55339805825243
2,114.0,96.89320388349515,61.55339805825243,61.55339805825243
2,115.0,96.89320388349515,66.40776699029126,66.40776699029126
2,116.0,96.89320388349515,74.36893203883496,74.36893203883496
2,117.0,96.89320388349515,74.36893203883496,74.36893203883496
2,118.0,96.89320388349515,74.36893203883496,74.36893203883496
2,119.0,96.89320388349515,74.36893203883496,74.36893203883496
2,120.0,96.89320388349515,74.36893203883496,74.36893203883496
2,121.0,96.89320388349515,74.36893203883496,74.36893203883496
2,122.0,96.89320388349515,74.36893203883496,74.36893203883496
2,123.0,96.89320388349515,74.36893203883496,74.36893203883496
2,124.0,96.89320388349515,74.36893203883496,74.36893203883496
2,125.0,96.89320388349515,74.36893203883496,74.36893203883496
2,126.0,96.89320388349515,74.36893203883496,74.36893203883496
2,127.0,96.89320388349515,74.36893203883496,74.36893203883496
2,128.0,96.89320388349515,74.36893203883496,74.36893203883496
2,129.0,96.89320388349515,74.36893203883496,74.36893203883496
2,130.0,96.89320388349515,74.36893203883496,74.36893203883496
2,131.0,96.89320388349515,74.36893203883496,74.36893203883496
2,132.0,96.89320388349515,74.36893203883496,74.36893203883496
2,133.0,96.89320388349515,74.36893203883496,74.36893203883496
2,134.0,96.89320388349515,74.36893203883496,74.36893203883496
2,135.0,96.89320388349515,74.36893203883496,74.36893203883496
2,136.0,96.89320388349515,74.36893203883496,74.36893203883496
2,137.0,96.89320388349515,74.36893203883496,74.36893203883496
2,138.0,96.89320388349515,74.36893203883496,74.36893203883496
2,139.0,96.89320388349515,74.36893203883496,74.36893203883496
2,140.0,96.89320388349515,74.36893203883496,74.36893203883496
2,141.0,96.89320388349515,74.36893203883496,74.36893203883496
2,142.0,96.89320388349515,74.36893203883496,74.36893203883496
2,143.0,96.89320388349515,74.36893203883496,74.36893203883496
2,144.0,96.89320388349515,74.36893203883496,74.36893203883496
2,145.0,96.89320388349515,74.36893203883496,74.36893203883496
2,146.0,96.89320388349515,74.36893203883496,74.36893203883496
2,147.0,96.89320388349515,74.36893203883496,74.36893203883496
2,148.0,96.89320388349515,74.36893203883496,74.36893203883496
2,149.0,96.89320388349515,74.36893203883496,74.36893203883496
2,150.0,96.89320388349515,74.36893203883496,74.36893203883496
2,151.0,96.89320388349515,74.36893203883496,74.36893203883496
2,152.0,96.89320388349515,74.36893203883496,74.36893203883496
2,153.0,96.89320388349515,74.36893203883496,74.36893203883496
2,154.0,96.89320388349515,74.36893203883496,74.36893203883496
2,155.0,96.89320388349515,74.36893203883496,74.36893203883496
2,156.0,96.89320388349515,74.36893203883496,74.36893203883496
2,157.0,96.89320388349515,74.36893203883496,74.36893203883496
2,158.0,96.88715953307393,74.31906614785993,74.31906614785993
2,159.0,96.88715953307393,74.31906614785993,74.31906614785993
2,160.0,96.88109161793372,74.26900584795322,74.26900584795322
2,161.0,96.88109161793372,74.26900584795322,74.26900584795322
2,162.0,96.875,74.21875,74.21875
2,163.0,96.875,74.21875,74.21875
2,164.0,96.86888454011742,74.36399217221134,74.36399217221134
2,165.0,96.85658153241651,74.26326129666012,74.26326129666012
2,166.0,96.85658153241651,74.26326129666012,74.26326129666012
4,1.0,3.6893203883495143,0.0,0.0
4,2.0,3.8834951456310676,0.0,0.0
4,3.0,4.077669902912621,0.0,0.0
4,4.0,4.271844660194175,0.0,0.0
4,5.0,4.466019417475728,0.0,0.0
4,6.0,4.466019417475728,0.0,0.0
4,7.0,4.466019417475728,0.0,0.0
4,8.0,4.466019417475728,0.0,0.0
4,9.0,4.466019417475728,0.0,0.0
4,10.0,4.466019417475728,0.0,0.0
4,11.0,4.466019417475728,0.0,0.0
4,12.0,4.466019417475728,0.0,0.0
4,13.0,4.466019417475728,0.0,0.0
4,14.0,4.466019417475728,0.0,0.0
4,15.0,4.466019417475728,0.0,0.0
4,16.0,4.466019417475728,0.0,0.0
4,17.0,4.466019417475728,0.0,0.0
4,18.0,4.466019417475728,0.0,0.0
4,19.0,4.466019417475728,0.0,0.0
4,20.0,4.466019417475728,0.0,0.0
4,21.0,4.466019417475728,0.0,0.0
4,22.0,4.466019417475728,0.0,0.0
4,23.0,4.466019417475728,0.0,0.0
4,24.0,4.466019417475728,0.0,0.0
4,25.0,4.466019417475728,0.7766990291262136,0.7766990291262136
4,26.0,4.466019417475728,1.3592233009708738,1.3592233009708738
4,27.0,4.466019417475728,1.3592233009708738,1.3592233009708738
4,28.0,5.631067961165048,2.524271844660194,2.524271844660194
4,29.0,6.407766990291262,2.7184466019417477,2.7184466019417477
4,30.0,9.514563106796116,3.8834951456310676,3.8834951456310676
4,31.0,10.097087378640776,3.6893203883495143,3.6893203883495143
4,32.0,10.679611650485436,3.6893203883495143,3.6893203883495143
4,33.0,10.679611650485436,3.6893203883495143,3.6893203883495143
4,34.0,10.679611650485436,3.8834951456310676,3.8834951456310676
4,35.0,10.679611650485436,3.6893203883495143,3.6893203883495143
4,36.0,19.80582524271845,3.8834951456310676,3.8834951456310676
4,37.0,21.941747572815533,3.6893203883495143,3.6893203883495143
4,38.0,22.330097087378643,3.8834951456310676,3.8834951456310676
4,39.0,29.902912621359224,3.8834951456310676,3.8834951456310676
4,40.0,31.2621359223301,3.8834951456310676,3.8834951456310676
4,41.0,32.038834951456316,3.8834951456310676,3.8834951456310676
4,42.0,32.038834951456316,3.8834951456310676,3.8834951456310676
4,43.0,32.23300970873787,3.6893203883495143,3.6893203883495143
4,44.0,32.42718446601941,3.8834951456310676,3.8834951456310676
4,45.0,32.62135922330097,4.466019417475728,4.466019417475728
4,46.0,32.62135922330097,6.407766990291262,6.407766990291262
4,47.0,32.62135922330097,7.3786407766990285,7.3786407766990285
4,48.0,32.62135922330097,6.990291262135923,6.990291262135923
4,49.0,42.13592233009709,8.155339805825243,8.155339805825243
4,50.0,45.8252427184466,8.349514563106796,8.349514563106796
4,51.0,46.79611650485437,8.54368932038835,8.54368932038835
4,52.0,46.990291262135926,8.349514563106796,8.349514563106796
4,53.0,56.89320388349515,8.155339805825243,8.155339805825243
4,54.0,60.38834951456311,10.679611650485436,10.679611650485436
4,55.0,61.359223300970875,10.679611650485436,10.679611650485436
4,56.0,64.07766990291263,12.233009708737864,12.233009708737864
4,57.0,64.85436893203882,12.427184466019417,12.427184466019417
4,58.0,64.85436893203882,15.339805825242719,15.339805825242719
4,59.0,65.24271844660194,14.951456310679612,14.951456310679612
4,60.0,65.4368932038835,18.640776699029125,14.36893203883495
4,61.0,71.06796116504854,18.83495145631068,14.36893203883495
4,62.0,72.03883495145631,20.19417475728155,15.145631067961165
4,63.0,75.14563106796116,20.388349514563107,15.339805825242719
4,64.0,75.33980582524272,23.495145631067963,17.66990291262136
4,65.0,75.72815533980582,23.106796116504853,17.0873786407767
4,66.0,75.92233009708738,26.019417475728158,19.41747572815534
4,67.0,75.92233009708738,26.21359223300971,19.41747572815534
4,68.0,75.92233009708738,25.04854368932039,19.02912621359223
4,69.0,75.92233009708738,26.601941747572816,19.80582524271845
4,70.0,85.63106796116506,25.8252427184466,19.223300970873787
4,71.0,86.2135922330097,29.514563106796114,22.135922330097088
4,72.0,90.29126213592234,31.06796116504854,23.883495145631066
4,73.0,90.29126213592234,34.56310679611651,26.407766990291265
4,74.0,90.48543689320388,41.74757281553398,31.844660194174757
4,75.0,90.67961165048544,45.43689320388349,36.50485436893204
4,76.0,90.67961165048544,49.320388349514566,38.640776699029125
4,77.0,90.87378640776699,51.6504854368932,39.80582524271845
4,78.0,90.87378640776699,55.92233009708738,27.766990291262132
4,79.0,90.87378640776699,58.64077669902913,32.42718446601941
4,80.0,92.62135922330097,61.165048543689316,36.50485436893204
4,81.0,93.00970873786409,65.0485436893204,40.97087378640777
4,82.0,93.00970873786409,65.8252427184466,43.49514563106796
4,83.0,93.00970873786409,69.70873786407768,46.019417475728154
4,84.0,93.00970873786409,72.03883495145631,20.388349514563107
4,85.0,93.00970873786409,72.03883495145631,21.16504854368932
4,86.0,93.00970873786409,74.1747572815534,24.466019417475728
4,87.0,93.00970873786409,75.14563106796116,35.728155339805824
4,88.0,93.00970873786409,79.2233009708738,40.77669902912621
4,89.0,93.00970873786409,82.52427184466019,44.66019417475729
4,90.0,93.00970873786409,83.88349514563107,49.51456310679612
4,91.0,93.00970873786409,84.66019417475728,48.15533980582524
4,92.0,93.00970873786409,84.07766990291262,48.737864077669904
4,93.0,93.00970873786409,84.85436893203884,52.23300970873787
4,94.0,93.00970873786409,85.8252427184466,53.592233009708735
4,95.0,93.00970873786409,85.24271844660194,54.5631067961165
4,96.0,93.00970873786409,86.40776699029125,55.72815533980583
4,97.0,93.00970873786409,86.2135922330097,56.50485436893204
4,98.0,93.00970873786409,81.94174757281554,60.0
4,99.0,93.00970873786409,81.74757281553397,60.0
4,100.0,93.00970873786409,81.74757281553397,58.05825242718446
4,101.0,93.00970873786409,81.55339805825243,58.83495145631068
4,102.0,96.69902912621359,81.94174757281554,59.417475728155345
4,103.0,97.0873786407767,82.13592233009709,58.64077669902913
4,104.0,97.28155339805825,58.44660194174758,58.44660194174758
4,105.0,98.05825242718447,58.252427184466015,58.252427184466015
4,106.0,98.25242718446601,59.02912621359223,59.02912621359223
4,107.0,98.44660194174757,60.58252427184466,60.58252427184466
4,108.0,98.44660194174757,58.83495145631068,58.83495145631068
4,109.0,98.44660194174757,58.83495145631068,58.83495145631068
4,110.0,98.44660194174757,59.80582524271845,59.80582524271845
4,111.0,98.44660194174757,59.02912621359223,59.02912621359223
4,112.0,98.44660194174757,59.22330097087378,59.22330097087378
4,113.0,98.44660194174757,60.0,60.0
4,114.0,98.44660194174757,60.58252427184466,60.58252427184466
4,115.0,98.44660194174757,66.2135922330097,66.2135922330097
4,116.0,98.44660194174757,68.73786407766991,68.73786407766991
4,117.0,98.44660194174757,68.73786407766991,68.73786407766991
4,118.0,98.44660194174757,68.73786407766991,68.73786407766991
4,119.0,98.44660194174757,68.73786407766991,68.73786407766991
4,120.0,98.44660194174757,68.73786407766991,68.73786407766991
4,121.0,98.44660194174757,68.73786407766991,68.73786407766991
4,122.0,98.44660194174757,68.73786407766991,68.73786407766991
4,123.0,98.44660194174757,68.73786407766991,68.73786407766991
4,124.0,98.44660194174757,68.73786407766991,68.73786407766991
4,125.0,98.44660194174757,68.73786407766991,68.73786407766991
4,126.0,98.44660194174757,68.73786407766991,68.73786407766991
4,127.0,98.44660194174757,68.73786407766991,68.73786407766991
4,128.0,98.44660194174757,68.73786407766991,68.73786407766991
4,129.0,98.44660194174757,68.73786407766991,68.73786407766991
4,130.0,98.44660194174757,68.73786407766991,68.73786407766991
4,131.0,98.44660194174757,68.73786407766991,68.73786407766991
4,132.0,98.44660194174757,68.73786407766991,68.73786407766991
4,133.0,98.44660194174757,68.73786407766991,68.73786407766991
4,134.0,98.44660194174757,68.73786407766991,68.73786407766991
4,135.0,98.44660194174757,68.73786407766991,68.73786407766991
4,136.0,98.44660194174757,68.73786407766991,68.73786407766991
4,137.0,98.44660194174757,68.73786407766991,68.73786407766991
4,138.0,98.44357976653697,68.8715953307393,68.8715953307393
4,139.0,98.44357976653697,68.8715953307393,68.8715953307393
4,140.0,98.44357976653697,68.8715953307393,68.8715953307393
4,141.0,98.44357976653697,68.8715953307393,68.8715953307393
4,142.0,98.44357976653697,68.8715953307393,68.8715953307393
4,143.0,98.44357976653697,68.8715953307393,68.8715953307393
4,144.0,98.44357976653697,68.8715953307393,68.8715953307393
4,145.0,98.4375,68.9453125,68.9453125
4,146.0,98.4375,68.9453125,68.9453125
4,147.0,98.4375,68.9453125,68.9453125
4,148.0,98.4313725490196,69.01960784313725,69.01960784313725
4,149.0,98.42829076620825,68.95874263261297,68.95874263261297
4,150.0,98.41897233201581,68.77470355731225,68.77470355731225
4,151.0,98.40954274353876,68.58846918489066,68.58846918489066
4,152.0,98.39679358717434,68.33667334669339,68.33667334669339
4,153.0,98.38056680161942,68.0161943319838,68.0161943319838
4,154.0,98.37067209775967,67.82077393075356,67.82077393075356
4,155.0,98.35051546391752,67.62886597938144,67.62886597938144
4,156.0,98.34710743801654,67.76859504132231,67.76859504132231
4,157.0,98.34368530020704,67.70186335403726,67.70186335403726
4,158.0,98.33679833679834,67.56756756756756,67.56756756756756
4,159.0,98.32635983263597,67.78242677824268,67.78242677824268
4,160.0,98.32285115303984,67.71488469601678,67.71488469601678
4,161.0,98.31223628691983,67.72151898734177,67.72151898734177
4,162.0,98.28693790149893,68.09421841541756,68.09421841541756
4,163.0,98.28326180257511,68.02575107296137,68.02575107296137
4,164.0,98.26839826839827,68.18181818181817,68.18181818181817
4,165.0,98.24945295404814,68.49015317286651,68.49015317286651
4,166.0,98.66071428571429,69.19642857142857,69.19642857142857
6,1.0,4.077669902912621,0.0,0.0
6,2.0,4.466019417475728,0.0,0.0
6,3.0,4.854368932038835,0.0,0.0
6,4.0,4.854368932038835,0.0,0.0
6,5.0,5.048543689320388,0.0,0.0
6,6.0,5.048543689320388,0.0,0.0
6,7.0,5.048543689320388,0.0,0.0
6,8.0,5.048543689320388,0.0,0.0
6,9.0,5.048543689320388,0.0,0.0
6,10.0,5.048543689320388,0.0,0.0
6,11.0,5.048543689320388,0.0,0.0
6,12.0,5.048543689320388,0.0,0.0
6,13.0,5.048543689320388,0.0,0.0
6,14.0,5.048543689320388,0.0,0.0
6,15.0,5.048543689320388,0.0,0.0
6,16.0,5.048543689320388,0.0,0.0
6,17.0,5.048543689320388,0.0,0.0
6,18.0,5.048543689320388,0.0,0.0
6,19.0,5.048543689320388,0.0,0.0
6,20.0,5.048543689320388,0.0,0.0
6,21.0,5.048543689320388,0.0,0.0
6,22.0,5.048543689320388,0.0,0.0
6,23.0,5.048543689320388,0.0,0.0
6,24.0,5.048543689320388,0.0,0.0
6,25.0,5.048543689320388,0.9708737864077669,0.9708737864077669
6,26.0,5.048543689320388,2.1359223300970873,2.1359223300970873
6,27.0,5.048543689320388,2.3300970873786406,2.3300970873786406
6,28.0,7.184466019417475,2.7184466019417477,2.7184466019417477
6,29.0,7.3786407766990285,3.1067961165048543,3.1067961165048543
6,30.0,12.03883495145631,4.271844660194175,4.271844660194175
6,31.0,13.203883495145632,4.077669902912621,4.077669902912621
6,32.0,13.592233009708737,4.077669902912621,4.077669902912621
6,33.0,13.592233009708737,3.8834951456310676,3.8834951456310676
6,34.0,13.592233009708737,4.077669902912621,4.077669902912621
6,35.0,13.592233009708737,3.8834951456310676,3.8834951456310676
6,36.0,23.300970873786408,3.8834951456310676,3.8834951456310676
6,37.0,24.271844660194176,4.077669902912621,4.077669902912621
6,38.0,24.466019417475728,4.077669902912621,4.077669902912621
6,39.0,32.62135922330097,4.077669902912621,4.077669902912621
6,40.0,33.398058252427184,3.8834951456310676,3.8834951456310676
6,41.0,34.1747572815534,4.271844660194175,4.271844660194175
6,42.0,34.56310679611651,4.077669902912621,4.077669902912621
6,43.0,34.56310679611651,4.077669902912621,4.077669902912621
6,44.0,34.56310679611651,4.077669902912621,4.077669902912621
6,45.0,34.56310679611651,5.048543689320388,5.048543689320388
6,46.0,34.56310679611651,8.349514563106796,8.349514563106796
6,47.0,34.56310679611651,10.29126213592233,10.29126213592233
6,48.0,34.56310679611651,10.485436893203884,10.485436893203884
6,49.0,44.46601941747573,10.87378640776699,10.87378640776699
6,50.0,50.873786407766985,10.485436893203884,10.485436893203884
6,51.0,51.84466019417475,10.679611650485436,10.679611650485436
6,52.0,52.23300970873787,10.679611650485436,10.679611650485436
6,53.0,59.80582524271845,11.067961165048544,11.067961165048544
6,54.0,62.13592233009708,13.78640776699029,13.78640776699029
6,55.0,63.30097087378641,13.398058252427184,13.398058252427184
6,56.0,65.63106796116504,16.116504854368934,16.116504854368934
6,57.0,65.63106796116504,16.699029126213592,16.699029126213592
6,58.0,65.8252427184466,17.864077669902912,17.864077669902912
6,59.0,65.8252427184466,18.058252427184467,18.058252427184467
6,60.0,66.01941747572816,22.135922330097088,15.53398058252427
6,61.0,71.45631067961165,21.74757281553398,15.922330097087379
6,62.0,71.84466019417476,24.854368932038835,17.281553398058254
6,63.0,73.7864077669903,24.271844660194176,17.281553398058254
6,64.0,74.1747572815534,26.407766990291265,18.640776699029125
6,65.0,74.5631067961165,25.24271844660194,18.058252427184467
6,66.0,74.75728155339806,29.126213592233007,20.388349514563107
6,67.0,74.9514563106796,28.932038834951456,20.0
6,68.0,74.9514563106796,28.7378640776699,20.0
6,69.0,74.9514563106796,28.7378640776699,20.0
6,70.0,82.91262135922331,28.349514563106798,19.41747572815534
6,71.0,82.91262135922331,33.398058252427184,24.660194174757283
6,72.0,85.63106796116506,35.53398058252427,25.8252427184466
6,73.0,86.01941747572816,42.33009708737864,32.62135922330097
6,74.0,86.01941747572816,48.15533980582524,37.28155339805825
6,75.0,86.01941747572816,54.36893203883495,43.49514563106796
6,76.0,86.01941747572816,57.28155339805825,46.601941747572816
6,77.0,86.01941747572816,58.44660194174758,46.990291262135926
6,78.0,86.01941747572816,58.64077669902913,31.2621359223301
6,79.0,86.01941747572816,63.49514563106796,36.310679611650485
6,80.0,86.99029126213593,67.18446601941747,43.883495145631066
6,81.0,87.37864077669903,69.12621359223301,48.15533980582524
6,82.0,87.37864077669903,70.09708737864078,49.12621359223301
6,83.0,87.37864077669903,69.51456310679612,48.932038834951456
6,84.0,87.37864077669903,73.59223300970874,25.436893203883493
6,85.0,87.37864077669903,74.75728155339806,25.631067961165048
6,86.0,87.37864077669903,77.47572815533981,34.1747572815534
6,87.0,87.37864077669903,78.25242718446603,41.94174757281554
6,88.0,87.37864077669903,81.94174757281554,49.70873786407767
6,89.0,87.37864077669903,82.33009708737865,50.09708737864078
6,90.0,87.37864077669903,82.52427184466019,52.038834951456316
6,91.0,87.37864077669903,82.52427184466019,51.6504854368932
6,92.0,87.37864077669903,83.10679611650485,52.038834951456316
6,93.0,87.37864077669903,83.30097087378641,55.92233009708738
6,94.0,87.37864077669903,84.46601941747572,58.64077669902913
6,95.0,87.37864077669903,85.04854368932038,57.28155339805825
6,96.0,87.37864077669903,85.8252427184466,61.55339805825243
6,97.0,87.37864077669903,85.43689320388349,61.165048543689316
6,98.0,87.37864077669903,79.6116504854369,62.33009708737865
6,99.0,87.37864077669903,80.58252427184466,62.71844660194175
6,100.0,87.37864077669903,80.0,62.5242718446602
6,101.0,87.37864077669903,79.6116504854369,62.5242718446602
6,102.0,89.70873786407768,80.19417475728156,62.912621359223294
6,103.0,90.29126213592234,79.80582524271844,61.55339805825243
6,104.0,90.67961165048544,61.94174757281553,61.94174757281553
6,105.0,91.45631067961165,62.912621359223294,62.912621359223294
6,106.0,91.84466019417475,61.55339805825243,61.55339805825243
6,107.0,91.84466019417475,61.94174757281553,61.94174757281553
6,108.0,91.84466019417475,62.71844660194175,62.71844660194175
6,109.0,91.84466019417475,62.912621359223294,62.912621359223294
6,110.0,91.84466019417475,61.55339805825243,61.55339805825243
6,111.0,91.84466019417475,62.33009708737865,62.33009708737865
6,112.0,91.84466019417475,61.74757281553398,61.74757281553398
6,113.0,91.84466019417475,62.912621359223294,62.912621359223294
6,114.0,92.62135922330097,62.13592233009708,62.13592233009708
6,115.0,92.62135922330097,68.15533980582525,68.15533980582525
6,116.0,92.62135922330097,78.64077669902912,78.64077669902912
6,117.0,92.62135922330097,78.64077669902912,78.64077669902912
6,118.0,92.62135922330097,78.64077669902912,78.64077669902912
6,119.0,92.62135922330097,78.64077669902912,78.64077669902912
6,120.0,92.62135922330097,78.64077669902912,78.64077669902912
6,121.0,92.62135922330097,78.64077669902912,78.64077669902912
6,122.0,92.62135922330097,78.64077669902912,78.64077669902912
6,123.0,92.62135922330097,78.64077669902912,78.64077669902912
6,124.0,92.62135922330097,78.64077669902912,78.64077669902912
6,125.0,92.62135922330097,78.64077669902912,78.64077669902912
6,126.0,92.62135922330097,78.64077669902912,78.64077669902912
6,127.0,92.62135922330097,78.64077669902912,78.64077669902912
6,128.0,92.62135922330097,78.64077669902912,78.64077669902912
6,129.0,92.62135922330097,78.64077669902912,78.64077669902912
6,130.0,92.62135922330097,78.64077669902912,78.64077669902912
6,131.0,92.62135922330097,78.64077669902912,78.64077669902912
6,132.0,92.62135922330097,78.64077669902912,78.64077669902912
6,133.0,92.62135922330097,78.64077669902912,78.64077669902912
6,134.0,92.62135922330097,78.64077669902912,78.64077669902912
6,135.0,92.62135922330097,78.64077669902912,78.64077669902912
6,136.0,92.62135922330097,78.64077669902912,78.64077669902912
6,137.0,92.62135922330097,78.64077669902912,78.64077669902912
6,138.0,92.62135922330097,78.64077669902912,78.64077669902912
6,139.0,92.62135922330097,78.64077669902912,78.64077669902912
6,140.0,92.62135922330097,78.64077669902912,78.64077669902912
6,141.0,92.62135922330097,78.64077669902912,78.64077669902912
6,142.0,92.62135922330097,78.64077669902912,78.64077669902912
6,143.0,92.62135922330097,78.64077669902912,78.64077669902912
6,144.0,92.62135922330097,78.64077669902912,78.64077669902912
6,145.0,92.62135922330097,78.64077669902912,78.64077669902912
6,146.0,92.60700389105058,78.59922178988327,78.59922178988327
6,147.0,92.60700389105058,78.59922178988327,78.59922178988327
6,148.0,92.60700389105058,78.59922178988327,78.59922178988327
6,149.0,92.60700389105058,78.59922178988327,78.59922178988327
6,150.0,92.60700389105058,78.59922178988327,78.59922178988327
6,151.0,92.60700389105058,78.59922178988327,78.59922178988327
6,152.0,92.60700389105058,78.59922178988327,78.59922178988327
6,153.0,92.60700389105058,78.59922178988327,78.59922178988327
6,154.0,92.5925925925926,78.55750487329435,78.55750487329435
6,155.0,92.5925925925926,78.55750487329435,78.55750487329435
6,156.0,92.5925925925926,78.55750487329435,78.55750487329435
6,157.0,92.5925925925926,78.55750487329435,78.55750487329435
6,158.0,92.5925925925926,78.55750487329435,78.55750487329435
6,159.0,92.5925925925926,78.55750487329435,78.55750487329435
6,160.0,92.578125,78.515625,78.515625
6,161.0,92.578125,78.515625,78.515625
6,162.0,92.56360078277886,78.47358121330724,78.47358121330724
6,163.0,92.56360078277886,78.47358121330724,78.47358121330724
6,164.0,92.56360078277886,78.47358121330724,78.47358121330724
6,165.0,92.54901960784314,78.43137254901961,78.43137254901961
6,166.0,92.54901960784314,78.43137254901961,78.43137254901961
8,1.0,3.4951456310679614,0.0,0.0
8,2.0,3.6893203883495143,0.0,0.0
8,3.0,4.077669902912621,0.0,0.0
8,4.0,4.077669902912621,0.0,0.0
8,5.0,4.077669902912621,0.0,0.0
8,6.0,4.077669902912621,0.0,0.0
8,7.0,4.077669902912621,0.0,0.0
8,8.0,4.077669902912621,0.0,0.0
8,9.0,4.077669902912621,0.0,0.0
8,10.0,4.077669902912621,0.0,0.0
8,11.0,4.077669902912621,0.0,0.0
8,12.0,4.077669902912621,0.0,0.0
8,13.0,4.077669902912621,0.0,0.0
8,14.0,4.077669902912621,0.0,0.0
8,15.0,4.077669902912621,0.0,0.0
8,16.0,4.077669902912621,0.0,0.0
8,17.0,4.077669902912621,0.0,0.0
8,18.0,4.077669902912621,0.0,0.0
8,19.0,4.077669902912621,0.0,0.0
8,20.0,4.077669902912621,0.0,0.0
8,21.0,4.077669902912621,0.0,0.0
8,22.0,4.077669902912621,0.0,0.0
8,23.0,4.077669902912621,0.0,0.0
8,24.0,4.077669902912621,0.0,0.0
8,25.0,4.077669902912621,0.3883495145631068,0.3883495145631068
8,26.0,4.077669902912621,0.9708737864077669,0.9708737864077669
8,27.0,4.077669902912621,0.9708737864077669,0.9708737864077669
8,28.0,5.048543689320388,1.7475728155339807,1.7475728155339807
8,29.0,5.436893203883495,1.9417475728155338,1.9417475728155338
8,30.0,8.155339805825243,3.4951456310679614,3.4951456310679614
8,31.0,8.737864077669903,3.300970873786408,3.300970873786408
8,32.0,8.932038834951456,3.4951456310679614,3.4951456310679614
8,33.0,9.12621359223301,3.4951456310679614,3.4951456310679614
8,34.0,9.320388349514563,3.300970873786408,3.300970873786408
8,35.0,9.320388349514563,3.4951456310679614,3.4951456310679614
8,36.0,18.058252427184467,3.4951456310679614,3.4951456310679614
8,37.0,19.41747572815534,3.4951456310679614,3.4951456310679614
8,38.0,20.0,3.4951456310679614,3.4951456310679614
8,39.0,27.766990291262132,3.300970873786408,3.300970873786408
8,40.0,28.7378640776699,3.6893203883495143,3.6893203883495143
8,41.0,28.932038834951456,3.300970873786408,3.300970873786408
8,42.0,29.514563106796114,3.4951456310679614,3.4951456310679614
8,43.0,29.902912621359224,3.300970873786408,3.300970873786408
8,44.0,30.097087378640776,3.6893203883495143,3.6893203883495143
8,45.0,30.485436893203882,3.8834951456310676,3.8834951456310676
8,46.0,30.485436893203882,5.048543689320388,5.048543689320388
8,47.0,30.485436893203882,6.407766990291262,6.407766990291262
8,48.0,30.485436893203882,6.019417475728155,6.019417475728155
8,49.0,38.44660194174757,6.796116504854369,6.796116504854369
8,50.0,42.13592233009709,6.990291262135923,6.990291262135923
8,51.0,43.30097087378641,6.990291262135923,6.990291262135923
8,52.0,43.689320388349515,7.184466019417475,7.184466019417475
8,53.0,52.038834951456316,6.990291262135923,6.990291262135923
8,54.0,53.980582524271846,8.54368932038835,8.54368932038835
8,55.0,54.36893203883495,8.349514563106796,8.349514563106796
8,56.0,56.310679611650485,9.320388349514563,9.320388349514563
8,57.0,56.310679611650485,9.12621359223301,9.12621359223301
8,58.0,56.310679611650485,12.233009708737864,12.233009708737864
8,59.0,56.310679611650485,11.650485436893204,11.650485436893204
8,60.0,56.310679611650485,17.0873786407767,12.233009708737864
8,61.0,62.33009708737865,16.50485436893204,11.844660194174757
8,62.0,62.912621359223294,18.25242718446602,12.815533980582524
8,63.0,67.37864077669903,18.058252427184467,12.62135922330097
8,64.0,67.57281553398057,20.19417475728155,14.36893203883495
8,65.0,67.96116504854369,20.0,13.980582524271846
8,66.0,67.96116504854369,23.300970873786408,16.310679611650485
8,67.0,68.15533980582525,24.07766990291262,17.281553398058254
8,68.0,68.15533980582525,24.07766990291262,16.50485436893204
8,69.0,68.15533980582525,23.106796116504853,16.310679611650485
8,70.0,79.41747572815534,23.689320388349515,16.699029126213592
8,71.0,80.97087378640776,25.8252427184466,17.864077669902912
8,72.0,85.63106796116506,26.796116504854368,19.223300970873787
8,73.0,85.63106796116506,30.29126213592233,21.74757281553398
8,74.0,85.8252427184466,35.53398058252427,25.631067961165048
8,75.0,86.01941747572816,40.0,31.456310679611647
8,76.0,86.01941747572816,42.71844660194174,33.20388349514563
8,77.0,86.01941747572816,45.24271844660194,35.33980582524272
8,78.0,86.01941747572816,47.57281553398058,21.74757281553398
8,79.0,86.01941747572816,50.29126213592233,25.631067961165048
8,80.0,88.15533980582524,53.592233009708735,30.097087378640776
8,81.0,89.126213592233,57.0873786407767,34.56310679611651
8,82.0,89.126213592233,60.38834951456311,38.05825242718446
8,83.0,89.126213592233,61.74757281553398,40.3883495145631
8,84.0,89.126213592233,64.07766990291263,16.699029126213592
8,85.0,89.126213592233,63.689320388349515,16.699029126213592
8,86.0,89.32038834951457,65.63106796116504,21.35922330097087
8,87.0,89.32038834951457,68.93203883495146,26.019417475728158
8,88.0,89.32038834951457,76.31067961165049,35.33980582524272
8,89.0,89.32038834951457,78.05825242718447,38.640776699029125
8,90.0,89.32038834951457,80.3883495145631,43.10679611650485
8,91.0,89.32038834951457,81.16504854368932,43.30097087378641
8,92.0,89.32038834951457,80.19417475728156,42.13592233009709
8,93.0,89.32038834951457,81.16504854368932,44.271844660194176
8,94.0,89.32038834951457,82.71844660194175,47.37864077669903
8,95.0,89.32038834951457,82.13592233009709,47.18446601941748
8,96.0,89.32038834951457,83.10679611650485,50.679611650485434
8,97.0,89.32038834951457,83.30097087378641,49.320388349514566
8,98.0,89.51456310679612,75.33980582524272,52.42718446601942
8,99.0,89.51456310679612,76.50485436893204,53.592233009708735
8,100.0,89.51456310679612,75.72815533980582,53.592233009708735
8,101.0,89.51456310679612,76.31067961165049,53.592233009708735
8,102.0,92.42718446601941,76.89320388349515,53.980582524271846
8,103.0,93.39805825242719,77.28155339805825,54.5631067961165
8,104.0,93.39805825242719,53.398058252427184,53.398058252427184
8,105.0,94.36893203883496,53.592233009708735,53.592233009708735
8,106.0,94.5631067961165,52.81553398058253,52.81553398058253
8,107.0,94.5631067961165,53.592233009708735,53.592233009708735
8,108.0,94.5631067961165,53.398058252427184,53.398058252427184
8,109.0,94.75728155339806,52.81553398058253,52.81553398058253
8,110.0,94.75728155339806,54.5631067961165,54.5631067961165
8,111.0,94.75728155339806,53.592233009708735,53.592233009708735
8,112.0,94.75728155339806,54.1747572815534,54.1747572815534
8,113.0,94.75728155339806,55.14563106796116,55.14563106796116
8,114.0,95.72815533980582,53.980582524271846,53.980582524271846
8,115.0,95.72815533980582,57.28155339805825,57.28155339805825
8,116.0,95.72815533980582,62.71844660194175,62.71844660194175
8,117.0,95.72815533980582,62.71844660194175,62.71844660194175
8,118.0,95.72815533980582,62.71844660194175,62.71844660194175
8,119.0,95.72815533980582,62.71844660194175,62.71844660194175
8,120.0,95.72815533980582,62.71844660194175,62.71844660194175
8,121.0,95.72815533980582,62.71844660194175,62.71844660194175
8,122.0,95.72815533980582,62.71844660194175,62.71844660194175
8,123.0,95.72815533980582,62.71844660194175,62.71844660194175
8,124.0,95.72815533980582,62.71844660194175,62.71844660194175
8,125.0,95.72815533980582,62.71844660194175,62.71844660194175
8,126.0,95.72815533980582,62.71844660194175,62.71844660194175
8,127.0,95.72815533980582,62.71844660194175,62.71844660194175
8,128.0,95.72815533980582,62.71844660194175,62.71844660194175
8,129.0,95.72815533980582,62.71844660194175,62.71844660194175
8,130.0,95.72815533980582,62.71844660194175,62.71844660194175
8,131.0,95.72815533980582,62.71844660194175,62.71844660194175
8,132.0,95.72815533980582,62.71844660194175,62.71844660194175
8,133.0,95.72815533980582,62.71844660194175,62.71844660194175
8,134.0,95.72815533980582,62.71844660194175,62.71844660194175
8,135.0,95.72815533980582,62.71844660194175,62.71844660194175
8,136.0,95.72815533980582,62.71844660194175,62.71844660194175
8,137.0,95.72815533980582,62.71844660194175,62.71844660194175
8,138.0,95.72815533980582,62.71844660194175,62.71844660194175
8,139.0,95.72815533980582,62.71844660194175,62.71844660194175
8,140.0,95.72815533980582,62.71844660194175,62.71844660194175
8,141.0,95.72815533980582,62.71844660194175,62.71844660194175
8,142.0,95.72815533980582,62.71844660194175,62.71844660194175
8,143.0,95.72815533980582,62.71844660194175,62.71844660194175
8,144.0,95.72815533980582,62.71844660194175,62.71844660194175
8,145.0,95.72815533980582,62.71844660194175,62.71844660194175
8,146.0,95.72815533980582,62.71844660194175,62.71844660194175
8,147.0,95.72815533980582,62.71844660194175,62.71844660194175
8,148.0,95.72815533980582,62.71844660194175,62.71844660194175
8,149.0,95.72815533980582,62.71844660194175,62.71844660194175
8,150.0,95.72815533980582,62.71844660194175,62.71844660194175
8,151.0,95.72815533980582,62.71844660194175,62.71844660194175
8,152.0,95.71984435797665,62.64591439688716,62.64591439688716
8,153.0,95.71984435797665,62.64591439688716,62.64591439688716
8,154.0,95.71984435797665,62.64591439688716,62.64591439688716
8,155.0,95.71984435797665,62.64591439688716,62.64591439688716
8,156.0,95.71984435797665,62.64591439688716,62.64591439688716
8,157.0,95.71150097465888,62.57309941520468,62.57309941520468
8,158.0,95.71150097465888,62.57309941520468,62.57309941520468
8,159.0,95.71150097465888,62.57309941520468,62.57309941520468
8,160.0,95.71150097465888,62.57309941520468,62.57309941520468
8,161.0,95.71150097465888,62.57309941520468,62.57309941520468
8,162.0,95.68627450980392,62.35294117647059,62.35294117647059
8,163.0,95.67779960707269,62.27897838899804,62.27897838899804
8,164.0,95.66074950690336,62.52465483234714,62.52465483234714
8,165.0,95.62624254473161,62.22664015904572,62.22664015904572
8,166.0,95.62624254473161,62.22664015904572,62.22664015904572
10,1.0,3.6893203883495143,0.0,0.0
10,2.0,4.271844660194175,0.0,0.0
10,3.0,4.466019417475728,0.0,0.0
10,4.0,4.466019417475728,0.0,0.0
10,5.0,4.466019417475728,0.0,0.0
10,6.0,4.466019417475728,0.0,0.0
10,7.0,4.466019417475728,0.0,0.0
10,8.0,4.466019417475728,0.0,0.0
10,9.0,4.466019417475728,0.0,0.0
10,10.0,4.466019417475728,0.0,0.0
10,11.0,4.466019417475728,0.0,0.0
10,12.0,4.466019417475728,0.0,0.0
10,13.0,4.466019417475728,0.0,0.0
10,14.0,4.466019417475728,0.0,0.0
10,15.0,4.466019417475728,0.0,0.0
10,16.0,4.466019417475728,0.0,0.0
10,17.0,4.466019417475728,0.0,0.0
10,18.0,4.466019417475728,0.0,0.0
10,19.0,4.466019417475728,0.0,0.0
10,20.0,4.466019417475728,0.0,0.0
10,21.0,4.466019417475728,0.0,0.0
10,22.0,4.466019417475728,0.0,0.0
10,23.0,4.466019417475728,0.0,0.0
10,24.0,4.466019417475728,0.0,0.0
10,25.0,4.466019417475728,0.7766990291262136,0.7766990291262136
10,26.0,4.466019417475728,1.5533980582524272,1.5533980582524272
10,27.0,4.466019417475728,1.7475728155339807,1.7475728155339807
10,28.0,6.019417475728155,2.3300970873786406,2.3300970873786406
10,29.0,6.213592233009709,2.3300970873786406,2.3300970873786406
10,30.0,10.29126213592233,3.8834951456310676,3.8834951456310676
10,31.0,10.29126213592233,3.8834951456310676,3.8834951456310676
10,32.0,10.29126213592233,3.8834951456310676,3.8834951456310676
10,33.0,10.87378640776699,3.8834951456310676,3.8834951456310676
10,34.0,10.87378640776699,3.8834951456310676,3.8834951456310676
10,35.0,11.067961165048544,3.8834951456310676,3.8834951456310676
10,36.0,20.0,3.8834951456310676,3.8834951456310676
10,37.0,21.35922330097087,3.8834951456310676,3.8834951456310676
10,38.0,21.941747572815533,3.8834951456310676,3.8834951456310676
10,39.0,28.54368932038835,3.8834951456310676,3.8834951456310676
10,40.0,29.708737864077673,3.8834951456310676,3.8834951456310676
10,41.0,30.485436893203882,3.8834951456310676,3.8834951456310676
10,42.0,30.679611650485437,3.8834951456310676,3.8834951456310676
10,43.0,31.06796116504854,3.8834951456310676,3.8834951456310676
10,44.0,31.06796116504854,3.8834951456310676,3.8834951456310676
10,45.0,31.06796116504854,4.660194174757281,4.660194174757281
10,46.0,31.06796116504854,6.990291262135923,6.990291262135923
10,47.0,31.2621359223301,8.932038834951456,8.932038834951456
10,48.0,31.2621359223301,8.932038834951456,8.932038834951456
10,49.0,42.13592233009709,9.514563106796116,9.514563106796116
10,50.0,46.79611650485437,9.514563106796116,9.514563106796116
10,51.0,47.76699029126213,9.514563106796116,9.514563106796116
10,52.0,47.96116504854369,9.514563106796116,9.514563106796116
10,53.0,57.28155339805825,9.514563106796116,9.514563106796116
10,54.0,60.58252427184466,11.45631067961165,11.45631067961165
10,55.0,60.970873786407765,11.45631067961165,11.45631067961165
10,56.0,63.10679611650486,13.592233009708737,13.592233009708737
10,57.0,63.10679611650486,13.78640776699029,13.78640776699029
10,58.0,63.10679611650486,15.339805825242719,15.339805825242719
10,59.0,63.49514563106796,14.951456310679612,14.951456310679612
10,60.0,63.49514563106796,20.19417475728155,13.203883495145632
10,61.0,70.29126213592232,20.388349514563107,13.398058252427184
10,62.0,70.48543689320388,21.74757281553398,15.145631067961165
10,63.0,74.9514563106796,22.330097087378643,15.339805825242719
10,64.0,75.92233009708738,22.718446601941746,16.116504854368934
10,65.0,76.11650485436893,23.495145631067963,16.50485436893204
10,66.0,76.31067961165049,25.8252427184466,18.25242718446602
10,67.0,76.31067961165049,26.21359223300971,18.640776699029125
10,68.0,76.31067961165049,26.407766990291265,18.640776699029125
10,69.0,76.31067961165049,26.019417475728158,18.446601941747574
10,70.0,83.30097087378641,25.8252427184466,18.83495145631068
10,71.0,84.07766990291262,31.06796116504854,22.330097087378643
10,72.0,88.15533980582524,31.844660194174757,23.495145631067963
10,73.0,88.93203883495146,37.66990291262136,27.378640776699033
10,74.0,89.32038834951457,43.49514563106796,33.78640776699029
10,75.0,89.32038834951457,48.932038834951456,38.640776699029125
10,76.0,89.51456310679612,52.23300970873787,41.94174757281554
10,77.0,89.51456310679612,53.398058252427184,42.9126213592233
10,78.0,89.51456310679612,56.89320388349515,28.932038834951456
10,79.0,89.51456310679612,59.22330097087378,33.78640776699029
10,80.0,90.48543689320388,63.689320388349515,41.94174757281554
10,81.0,91.06796116504854,66.40776699029126,44.85436893203884
10,82.0,91.06796116504854,68.3495145631068,46.601941747572816
10,83.0,91.2621359223301,69.90291262135922,49.51456310679612
10,84.0,91.2621359223301,72.81553398058253,25.24271844660194
10,85.0,91.2621359223301,72.81553398058253,24.854368932038835
10,86.0,91.2621359223301,75.53398058252428,29.126213592233007
10,87.0,91.2621359223301,72.81553398058253,34.75728155339806
10,88.0,91.2621359223301,79.02912621359224,42.33009708737864
10,89.0,91.2621359223301,79.41747572815534,42.9126213592233
10,90.0,91.2621359223301,84.46601941747572,47.57281553398058
10,91.0,91.2621359223301,84.27184466019418,47.76699029126213
10,92.0,91.2621359223301,85.04854368932038,47.18446601941748
10,93.0,91.2621359223301,84.66019417475728,49.90291262135923
10,94.0,91.2621359223301,85.63106796116506,53.786407766990294
10,95.0,91.2621359223301,85.24271844660194,53.980582524271846
10,96.0,91.2621359223301,86.2135922330097,55.92233009708738
10,97.0,91.2621359223301,87.57281553398059,57.0873786407767
10,98.0,91.2621359223301,79.80582524271844,56.89320388349515
10,99.0,91.2621359223301,80.19417475728156,56.699029126213595
10,100.0,91.2621359223301,79.80582524271844,58.05825242718446
10,101.0,91.2621359223301,80.19417475728156,57.66990291262136
10,102.0,94.1747572815534,80.0,57.28155339805825
10,103.0,94.36893203883496,81.16504854368932,56.699029126213595
10,104.0,94.36893203883496,58.05825242718446,58.05825242718446
10,105.0,95.14563106796116,58.05825242718446,58.05825242718446
10,106.0,95.14563106796116,58.05825242718446,58.05825242718446
10,107.0,95.14563106796116,57.66990291262136,57.66990291262136
10,108.0,95.14563106796116,58.44660194174758,58.44660194174758
10,109.0,95.14563106796116,58.05825242718446,58.05825242718446
10,110.0,95.14563106796116,57.4757281553398,57.4757281553398
10,111.0,95.14563106796116,57.66990291262136,57.66990291262136
10,112.0,95.14563106796116,56.89320388349515,56.89320388349515
10,113.0,95.14563106796116,57.0873786407767,57.0873786407767
10,114.0,95.72815533980582,57.66990291262136,57.66990291262136
10,115.0,95.72815533980582,64.85436893203882,64.85436893203882
10,116.0,95.72815533980582,71.84466019417476,71.84466019417476
10,117.0,95.72815533980582,71.84466019417476,71.84466019417476
10,118.0,95.72815533980582,71.84466019417476,71.84466019417476
10,119.0,95.72815533980582,71.84466019417476,71.84466019417476
10,120.0,95.72815533980582,71.84466019417476,71.84466019417476
10,121.0,95.72815533980582,71.84466019417476,71.84466019417476
10,122.0,95.72815533980582,71.84466019417476,71.84466019417476
10,123.0,95.72815533980582,71.84466019417476,71.84466019417476
10,124.0,95.72815533980582,71.84466019417476,71.84466019417476
10,125.0,95.72815533980582,71.84466019417476,71.84466019417476
10,126.0,95.72815533980582,71.84466019417476,71.84466019417476
10,127.0,95.72815533980582,71.84466019417476,71.84466019417476
10,128.0,95.72815533980582,71.84466019417476,71.84466019417476
10,129.0,95.72815533980582,71.84466019417476,71.84466019417476
10,130.0,95.72815533980582,71.84466019417476,71.84466019417476
10,131.0,95.72815533980582,71.84466019417476,71.84466019417476
10,132.0,95.72815533980582,71.84466019417476,71.84466019417476
10,133.0,95.72815533980582,71.84466019417476,71.84466019417476
10,134.0,95.72815533980582,71.84466019417476,71.84466019417476
10,135.0,95.72815533980582,71.84466019417476,71.84466019417476
10,136.0,95.72815533980582,71.84466019417476,71.84466019417476
10,137.0,95.72815533980582,71.84466019417476,71.84466019417476
10,138.0,95.72815533980582,71.84466019417476,71.84466019417476
10,139.0,95.72815533980582,71.84466019417476,71.84466019417476
10,140.0,95.72815533980582,71.84466019417476,71.84466019417476
10,141.0,95.72815533980582,71.84466019417476,71.84466019417476
10,142.0,95.72815533980582,71.84466019417476,71.84466019417476
10,143.0,95.72815533980582,71.84466019417476,71.84466019417476
10,144.0,95.72815533980582,71.84466019417476,71.84466019417476
10,145.0,95.72815533980582,71.84466019417476,71.84466019417476
10,146.0,95.72815533980582,71.84466019417476,71.84466019417476
10,147.0,95.72815533980582,71.84466019417476,71.84466019417476
10,148.0,95.72815533980582,71.84466019417476,71.84466019417476
10,149.0,95.72815533980582,71.84466019417476,71.84466019417476
10,150.0,95.72815533980582,71.84466019417476,71.84466019417476
10,151.0,95.72815533980582,71.84466019417476,71.84466019417476
10,152.0,95.72815533980582,71.84466019417476,71.84466019417476
10,153.0,95.72815533980582,71.84466019417476,71.84466019417476
10,154.0,95.72815533980582,71.84466019417476,71.84466019417476
10,155.0,95.71150097465888,71.73489278752436,71.73489278752436
10,156.0,95.71150097465888,71.73489278752436,71.73489278752436
10,157.0,95.71150097465888,71.73489278752436,71.73489278752436
10,158.0,95.68627450980392,71.76470588235294,71.76470588235294
10,159.0,95.68627450980392,71.76470588235294,71.76470588235294
10,160.0,95.68627450980392,71.76470588235294,71.76470588235294
10,161.0,95.68627450980392,71.76470588235294,71.76470588235294
10,162.0,95.67779960707269,71.70923379174853,71.70923379174853
10,163.0,95.66074950690336,71.59763313609467,71.59763313609467
10,164.0,95.8498023715415,71.73913043478261,71.73913043478261
10,165.0,95.8498023715415,71.73913043478261,71.73913043478261
10,166.0,95.84158415841584,71.68316831683168,71.68316831683168
