"run","tick","GRCount","STCount"
1,1.0,20,501
1,2.0,20,501
1,3.0,20,501
1,4.0,20,501
1,5.0,20,501
1,6.0,20,501
1,7.0,20,501
1,8.0,20,501
1,9.0,20,501
1,10.0,20,501
1,11.0,20,501
1,12.0,20,501
1,13.0,20,501
1,14.0,20,501
1,15.0,20,501
1,16.0,20,501
1,17.0,20,501
1,18.0,20,501
1,19.0,20,501
1,20.0,20,501
1,21.0,20,501
1,22.0,20,501
1,23.0,20,501
1,24.0,20,501
1,25.0,20,501
1,26.0,20,501
1,27.0,32,501
1,28.0,32,501
1,29.0,60,501
1,30.0,60,501
1,31.0,60,501
1,32.0,60,501
1,33.0,60,501
1,34.0,60,501
1,35.0,120,501
1,36.0,120,501
1,37.0,120,501
1,38.0,180,501
1,39.0,180,501
1,40.0,180,501
1,41.0,180,501
1,42.0,180,501
1,43.0,180,501
1,44.0,180,501
1,45.0,180,3507
1,46.0,180,3507
1,47.0,180,3507
1,48.0,312,3507
1,49.0,368,3507
1,50.0,368,3507
1,51.0,368,3507
1,52.0,548,3507
1,53.0,608,3507
1,54.0,608,3507
1,55.0,692,3507
1,56.0,692,3507
1,57.0,692,3507
1,58.0,692,3507
1,59.0,692,3507
1,60.0,908,3507
1,61.0,908,3507
1,62.0,1052,3507
1,63.0,1052,3507
1,64.0,1052,3507
1,65.0,1052,3507
1,66.0,1052,3507
1,67.0,1052,3507
1,68.0,1052,3507
1,69.0,1592,3507
1,70.0,1592,3782
1,71.0,1952,3782
1,72.0,1952,4048
1,73.0,1952,4048
1,74.0,1952,4048
1,75.0,1952,4048
1,76.0,1952,4048
1,77.0,1952,4048
1,78.0,1952,4048
1,79.0,2172,4048
1,80.0,2254,4048
1,81.0,2254,4322
1,82.0,2254,4322
1,83.0,2254,4322
1,84.0,2254,4322
1,85.0,2254,4322
1,86.0,2254,4322
1,87.0,2034,4322
1,88.0,2034,4322
1,89.0,2034,4322
1,90.0,2034,4322
1,91.0,2034,4322
1,92.0,2034,4322
1,93.0,2034,4322
1,94.0,2034,4322
1,95.0,2034,4322
1,96.0,2034,4322
1,97.0,2034,4322
1,98.0,1387,4322
1,99.0,1387,4322
1,100.0,1387,4322
1,101.0,1850,4322
1,102.0,1991,4322
1,103.0,1991,4322
1,104.0,1514,6650
1,105.0,1582,6650
1,106.0,1582,6650
1,107.0,1582,6650
1,108.0,1582,6650
1,109.0,1582,6650
1,110.0,1582,6650
1,111.0,1582,6650
1,112.0,1582,6650
1,113.0,1782,6650
1,114.0,1782,6650
1,115.0,1782,6650
1,116.0,1782,6650
1,117.0,1782,6650
1,118.0,1782,6650
1,119.0,1782,6650
1,120.0,896,6650
1,121.0,896,6650
1,122.0,896,6650
1,123.0,896,6650
1,124.0,896,6650
1,125.0,896,6650
1,126.0,896,6650
1,127.0,896,6650
1,128.0,896,6650
1,129.0,896,6650
1,130.0,896,6650
1,131.0,896,6650
1,132.0,896,6650
1,133.0,896,6650
1,134.0,896,6650
1,135.0,896,6650
1,136.0,896,6650
1,137.0,896,6650
1,138.0,896,6650
1,139.0,896,6650
1,140.0,896,6650
1,141.0,896,6650
1,142.0,896,6650
1,143.0,896,6650
1,144.0,896,6650
1,145.0,896,6650
1,146.0,896,6650
1,147.0,896,6650
1,148.0,896,6650
1,149.0,896,6650
1,150.0,896,6650
1,151.0,896,6650
1,152.0,896,6650
1,153.0,896,6650
1,154.0,896,6650
1,155.0,896,6650
1,156.0,896,6650
1,157.0,896,6650
1,158.0,896,6650
1,159.0,896,6650
1,160.0,896,6650
1,161.0,896,6650
1,162.0,896,6650
1,163.0,896,6650
1,164.0,896,6650
1,165.0,896,6650
1,166.0,896,6650
3,1.0,20,501
3,2.0,20,501
3,3.0,20,501
3,4.0,20,501
3,5.0,20,501
3,6.0,20,501
3,7.0,20,501
3,8.0,20,501
3,9.0,20,501
3,10.0,20,501
3,11.0,20,501
3,12.0,20,501
3,13.0,20,501
3,14.0,20,501
3,15.0,20,501
3,16.0,20,501
3,17.0,20,501
3,18.0,20,501
3,19.0,20,501
3,20.0,20,501
3,21.0,20,501
3,22.0,20,501
3,23.0,20,501
3,24.0,20,501
3,25.0,20,501
3,26.0,20,501
3,27.0,31,501
3,28.0,31,501
3,29.0,59,501
3,30.0,59,501
3,31.0,59,501
3,32.0,59,501
3,33.0,59,501
3,34.0,59,501
3,35.0,119,501
3,36.0,119,501
3,37.0,119,501
3,38.0,179,501
3,39.0,179,501
3,40.0,179,501
3,41.0,179,501
3,42.0,179,501
3,43.0,179,501
3,44.0,179,501
3,45.0,179,3507
3,46.0,179,3507
3,47.0,179,3507
3,48.0,295,3507
3,49.0,348,3507
3,50.0,348,3507
3,51.0,348,3507
3,52.0,525,3507
3,53.0,584,3507
3,54.0,584,3507
3,55.0,655,3507
3,56.0,655,3507
3,57.0,655,3507
3,58.0,655,3507
3,59.0,655,3507
3,60.0,875,3507
3,61.0,875,3507
3,62.0,1006,3507
3,63.0,1006,3507
3,64.0,1006,3507
3,65.0,1006,3507
3,66.0,1006,3507
3,67.0,1006,3507
3,68.0,1006,3507
3,69.0,1543,3507
3,70.0,1543,3768
3,71.0,1901,3768
3,72.0,1901,5678
3,73.0,1901,5678
3,74.0,1901,5678
3,75.0,1901,5678
3,76.0,1901,5678
3,77.0,1901,5678
3,78.0,1901,5678
3,79.0,2092,5678
3,80.0,2154,5678
3,81.0,2154,7535
3,82.0,2154,7535
3,83.0,2154,7535
3,84.0,2154,7535
3,85.0,2154,7535
3,86.0,2154,7535
3,87.0,1936,7535
3,88.0,1936,7535
3,89.0,1936,7535
3,90.0,1936,7535
3,91.0,1936,7535
3,92.0,1936,7535
3,93.0,1936,7535
3,94.0,1936,7535
3,95.0,1936,7535
3,96.0,1936,7535
3,97.0,1936,7535
3,98.0,1311,7535
3,99.0,1311,7535
3,100.0,1311,7535
3,101.0,1778,7535
3,102.0,1916,7535
3,103.0,1916,7535
3,104.0,1506,11595
3,105.0,1557,11595
3,106.0,1557,11595
3,107.0,1557,11595
3,108.0,1557,11595
3,109.0,1557,11595
3,110.0,1557,11595
3,111.0,1557,11595
3,112.0,1557,11595
3,113.0,1745,11595
3,114.0,1745,11595
3,115.0,1745,11595
3,116.0,1745,11595
3,117.0,1745,11595
3,118.0,1745,11595
3,119.0,1745,11595
3,120.0,848,11595
3,121.0,848,11595
3,122.0,848,11595
3,123.0,848,11595
3,124.0,848,11595
3,125.0,848,11595
3,126.0,848,11595
3,127.0,848,11595
3,128.0,848,11595
3,129.0,848,11595
3,130.0,848,11595
3,131.0,848,11595
3,132.0,848,11595
3,133.0,848,11595
3,134.0,848,11595
3,135.0,848,11595
3,136.0,848,11595
3,137.0,848,11595
3,138.0,848,11595
3,139.0,848,11595
3,140.0,848,11595
3,141.0,848,11595
3,142.0,848,11595
3,143.0,848,11595
3,144.0,848,11595
3,145.0,848,11595
3,146.0,848,11595
3,147.0,848,11595
3,148.0,848,11595
3,149.0,848,11595
3,150.0,848,11595
3,151.0,848,11595
3,152.0,848,11595
3,153.0,848,11595
3,154.0,848,11595
3,155.0,848,11595
3,156.0,848,11595
3,157.0,848,11595
3,158.0,848,11595
3,159.0,848,11595
3,160.0,848,11595
3,161.0,848,11595
3,162.0,848,11595
3,163.0,848,11595
3,164.0,848,11595
3,165.0,848,11595
3,166.0,848,11595
5,1.0,20,501
5,2.0,20,501
5,3.0,20,501
5,4.0,20,501
5,5.0,20,501
5,6.0,20,501
5,7.0,20,501
5,8.0,20,501
5,9.0,20,501
5,10.0,20,501
5,11.0,20,501
5,12.0,20,501
5,13.0,20,501
5,14.0,20,501
5,15.0,20,501
5,16.0,20,501
5,17.0,20,501
5,18.0,20,501
5,19.0,20,501
5,20.0,20,501
5,21.0,20,501
5,22.0,20,501
5,23.0,20,501
5,24.0,20,501
5,25.0,20,501
5,26.0,20,501
5,27.0,32,501
5,28.0,32,501
5,29.0,61,501
5,30.0,61,501
5,31.0,61,501
5,32.0,61,501
5,33.0,61,501
5,34.0,61,501
5,35.0,121,501
5,36.0,121,501
5,37.0,121,501
5,38.0,181,501
5,39.0,181,501
5,40.0,181,501
5,41.0,181,501
5,42.0,181,501
5,43.0,181,501
5,44.0,181,501
5,45.0,181,3507
5,46.0,181,3507
5,47.0,181,3507
5,48.0,307,3507
5,49.0,363,3507
5,50.0,363,3507
5,51.0,363,3507
5,52.0,546,3507
5,53.0,607,3507
5,54.0,607,3507
5,55.0,686,3507
5,56.0,686,3507
5,57.0,686,3507
5,58.0,686,3507
5,59.0,686,3507
5,60.0,910,3507
5,61.0,910,3507
5,62.0,1049,3507
5,63.0,1049,3507
5,64.0,1049,3507
5,65.0,1049,3507
5,66.0,1049,3507
5,67.0,1049,3507
5,68.0,1049,3507
5,69.0,1098,3507
5,70.0,1098,3777
5,71.0,1135,3777
5,72.0,1135,4050
5,73.0,1135,4050
5,74.0,1135,4050
5,75.0,1135,4050
5,76.0,1135,4050
5,77.0,1135,4050
5,78.0,1135,4050
5,79.0,1338,4050
5,80.0,1436,4050
5,81.0,1436,5978
5,82.0,1436,5978
5,83.0,1436,5978
5,84.0,1436,5978
5,85.0,1436,5978
5,86.0,1436,5978
5,87.0,1199,5978
5,88.0,1199,5978
5,89.0,1199,5978
5,90.0,1199,5978
5,91.0,1199,5978
5,92.0,1199,5978
5,93.0,1199,5978
5,94.0,1199,5978
5,95.0,1199,5978
5,96.0,1199,5978
5,97.0,1199,5978
5,98.0,811,5978
5,99.0,811,5978
5,100.0,811,5978
5,101.0,1085,5978
5,102.0,1174,5978
5,103.0,1174,5978
5,104.0,877,9287
5,105.0,915,9287
5,106.0,915,9287
5,107.0,915,9287
5,108.0,915,9287
5,109.0,915,9287
5,110.0,915,9287
5,111.0,915,9287
5,112.0,915,9287
5,113.0,1043,9287
5,114.0,1043,9287
5,115.0,1043,9287
5,116.0,1043,9287
5,117.0,1043,9287
5,118.0,1043,9287
5,119.0,1043,9287
5,120.0,583,9287
5,121.0,583,9287
5,122.0,583,9287
5,123.0,583,9287
5,124.0,583,9287
5,125.0,583,9287
5,126.0,583,9287
5,127.0,583,9287
5,128.0,583,9287
5,129.0,583,9287
5,130.0,583,9287
5,131.0,583,9287
5,132.0,583,9287
5,133.0,583,9287
5,134.0,583,9287
5,135.0,583,9287
5,136.0,583,9287
5,137.0,583,9287
5,138.0,583,9287
5,139.0,583,9287
5,140.0,583,9287
5,141.0,583,9287
5,142.0,583,9287
5,143.0,583,9287
5,144.0,583,9287
5,145.0,583,9287
5,146.0,583,9287
5,147.0,583,9287
5,148.0,583,9287
5,149.0,583,9287
5,150.0,583,9287
5,151.0,583,9287
5,152.0,583,9287
5,153.0,583,9287
5,154.0,583,9287
5,155.0,583,9287
5,156.0,583,9287
5,157.0,583,9287
5,158.0,583,9287
5,159.0,583,9287
5,160.0,583,9287
5,161.0,583,9287
5,162.0,583,9287
5,163.0,583,9287
5,164.0,583,9287
5,165.0,583,9287
5,166.0,583,9287
7,1.0,20,501
7,2.0,20,501
7,3.0,20,501
7,4.0,20,501
7,5.0,20,501
7,6.0,20,501
7,7.0,20,501
7,8.0,20,501
7,9.0,20,501
7,10.0,20,501
7,11.0,20,501
7,12.0,20,501
7,13.0,20,501
7,14.0,20,501
7,15.0,20,501
7,16.0,20,501
7,17.0,20,501
7,18.0,20,501
7,19.0,20,501
7,20.0,20,501
7,21.0,20,501
7,22.0,20,501
7,23.0,20,501
7,24.0,20,501
7,25.0,20,501
7,26.0,20,501
7,27.0,30,501
7,28.0,30,501
7,29.0,55,501
7,30.0,55,501
7,31.0,55,501
7,32.0,55,501
7,33.0,55,501
7,34.0,55,501
7,35.0,115,501
7,36.0,115,501
7,37.0,115,501
7,38.0,175,501
7,39.0,175,501
7,40.0,175,501
7,41.0,175,501
7,42.0,175,501
7,43.0,175,501
7,44.0,175,501
7,45.0,175,3507
7,46.0,175,3507
7,47.0,175,3507
7,48.0,290,3507
7,49.0,340,3507
7,50.0,340,3507
7,51.0,340,3507
7,52.0,505,3507
7,53.0,560,3507
7,54.0,560,3507
7,55.0,630,3507
7,56.0,630,3507
7,57.0,630,3507
7,58.0,630,3507
7,59.0,630,3507
7,60.0,830,3507
7,61.0,830,3507
7,62.0,960,3507
7,63.0,960,3507
7,64.0,960,3507
7,65.0,960,3507
7,66.0,960,3507
7,67.0,960,3507
7,68.0,960,3507
7,69.0,1485,3507
7,70.0,1485,3786
7,71.0,1835,3786
7,72.0,1835,4048
7,73.0,1835,4048
7,74.0,1835,4048
7,75.0,1835,4048
7,76.0,1835,4048
7,77.0,1835,4048
7,78.0,1835,4048
7,79.0,2012,4048
7,80.0,2091,4048
7,81.0,2091,5915
7,82.0,2091,5915
7,83.0,2091,5915
7,84.0,2091,5915
7,85.0,2091,5915
7,86.0,2091,5915
7,87.0,1895,5915
7,88.0,1895,5915
7,89.0,1895,5915
7,90.0,1895,5915
7,91.0,1895,5915
7,92.0,1895,5915
7,93.0,1895,5915
7,94.0,1895,5915
7,95.0,1895,5915
7,96.0,1895,5915
7,97.0,1895,5915
7,98.0,1252,5915
7,99.0,1252,5915
7,100.0,1252,5915
7,101.0,1663,5915
7,102.0,1790,5915
7,103.0,1790,5915
7,104.0,1396,9183
7,105.0,1468,9183
7,106.0,1468,9183
7,107.0,1468,9183
7,108.0,1468,9183
7,109.0,1468,9183
7,110.0,1468,9183
7,111.0,1468,9183
7,112.0,1468,9183
7,113.0,1654,9183
7,114.0,1654,9183
7,115.0,1654,9183
7,116.0,1654,9183
7,117.0,1654,9183
7,118.0,1654,9183
7,119.0,1654,9183
7,120.0,799,9183
7,121.0,799,9183
7,122.0,799,9183
7,123.0,799,9183
7,124.0,799,9183
7,125.0,799,9183
7,126.0,799,9183
7,127.0,799,9183
7,128.0,799,9183
7,129.0,799,9183
7,130.0,799,9183
7,131.0,799,9183
7,132.0,799,9183
7,133.0,799,9183
7,134.0,799,9183
7,135.0,799,9183
7,136.0,799,9183
7,137.0,799,9183
7,138.0,799,9183
7,139.0,799,9183
7,140.0,799,9183
7,141.0,799,9183
7,142.0,799,9183
7,143.0,799,9183
7,144.0,799,9183
7,145.0,799,9183
7,146.0,799,9183
7,147.0,799,9183
7,148.0,799,9183
7,149.0,799,9183
7,150.0,799,9183
7,151.0,799,9183
7,152.0,799,9183
7,153.0,799,9183
7,154.0,799,9183
7,155.0,799,9183
7,156.0,799,9183
7,157.0,799,9183
7,158.0,799,9183
7,159.0,799,9183
7,160.0,799,9183
7,161.0,799,9183
7,162.0,799,9183
7,163.0,799,9183
7,164.0,799,9183
7,165.0,799,9183
7,166.0,799,9183
9,1.0,20,501
9,2.0,20,501
9,3.0,20,501
9,4.0,20,501
9,5.0,20,501
9,6.0,20,501
9,7.0,20,501
9,8.0,20,501
9,9.0,20,501
9,10.0,20,501
9,11.0,20,501
9,12.0,20,501
9,13.0,20,501
9,14.0,20,501
9,15.0,20,501
9,16.0,20,501
9,17.0,20,501
9,18.0,20,501
9,19.0,20,501
9,20.0,20,501
9,21.0,20,501
9,22.0,20,501
9,23.0,20,501
9,24.0,20,501
9,25.0,20,501
9,26.0,20,501
9,27.0,28,501
9,28.0,28,501
9,29.0,50,501
9,30.0,50,501
9,31.0,50,501
9,32.0,50,501
9,33.0,50,501
9,34.0,50,501
9,35.0,110,501
9,36.0,110,501
9,37.0,110,501
9,38.0,170,501
9,39.0,170,501
9,40.0,170,501
9,41.0,170,501
9,42.0,170,501
9,43.0,170,501
9,44.0,170,501
9,45.0,170,3507
9,46.0,170,3507
9,47.0,170,3507
9,48.0,273,3507
9,49.0,319,3507
9,50.0,319,3507
9,51.0,319,3507
9,52.0,469,3507
9,53.0,519,3507
9,54.0,519,3507
9,55.0,578,3507
9,56.0,578,3507
9,57.0,578,3507
9,58.0,578,3507
9,59.0,578,3507
9,60.0,756,3507
9,61.0,756,3507
9,62.0,875,3507
9,63.0,875,3507
9,64.0,875,3507
9,65.0,875,3507
9,66.0,875,3507
9,67.0,875,3507
9,68.0,875,3507
9,69.0,1385,3507
9,70.0,1385,3777
9,71.0,1725,3777
9,72.0,1725,4046
9,73.0,1725,4046
9,74.0,1725,4046
9,75.0,1725,4046
9,76.0,1725,4046
9,77.0,1725,4046
9,78.0,1725,4046
9,79.0,1895,4046
9,80.0,1966,4046
9,81.0,1966,4316
9,82.0,1966,4316
9,83.0,1966,4316
9,84.0,1966,4316
9,85.0,1966,4316
9,86.0,1966,4316
9,87.0,1778,4316
9,88.0,1778,4316
9,89.0,1778,4316
9,90.0,1778,4316
9,91.0,1778,4316
9,92.0,1778,4316
9,93.0,1778,4316
9,94.0,1778,4316
9,95.0,1778,4316
9,96.0,1778,4316
9,97.0,1778,4316
9,98.0,1219,4316
9,99.0,1219,4316
9,100.0,1219,4316
9,101.0,1622,4316
9,102.0,1745,4316
9,103.0,1745,4316
9,104.0,1362,6764
9,105.0,1428,6764
9,106.0,1428,6764
9,107.0,1428,6764
9,108.0,1428,6764
9,109.0,1428,6764
9,110.0,1428,6764
9,111.0,1428,6764
9,112.0,1428,6764
9,113.0,1620,6764
9,114.0,1620,6764
9,115.0,1620,6764
9,116.0,1620,6764
9,117.0,1620,6764
9,118.0,1620,6764
9,119.0,1620,6764
9,120.0,808,6764
9,121.0,808,6764
9,122.0,808,6764
9,123.0,808,6764
9,124.0,808,6764
9,125.0,808,6764
9,126.0,808,6764
9,127.0,808,6764
9,128.0,808,6764
9,129.0,808,6764
9,130.0,808,6764
9,131.0,808,6764
9,132.0,808,6764
9,133.0,808,6764
9,134.0,808,6764
9,135.0,808,6764
9,136.0,808,6764
9,137.0,808,6764
9,138.0,808,6764
9,139.0,808,6764
9,140.0,808,6764
9,141.0,808,6764
9,142.0,808,6764
9,143.0,808,6764
9,144.0,808,6764
9,145.0,808,6764
9,146.0,808,6764
9,147.0,808,6764
9,148.0,808,6764
9,149.0,808,6764
9,150.0,808,6764
9,151.0,808,6764
9,152.0,808,6764
9,153.0,808,6764
9,154.0,808,6764
9,155.0,808,6764
9,156.0,808,6764
9,157.0,808,6764
9,158.0,808,6764
9,159.0,808,6764
9,160.0,808,6764
9,161.0,808,6764
9,162.0,808,6764
9,163.0,808,6764
9,164.0,808,6764
9,165.0,808,6764
9,166.0,808,6764
2,1.0,20,501
2,2.0,20,501
2,3.0,20,501
2,4.0,20,501
2,5.0,20,501
2,6.0,20,501
2,7.0,20,501
2,8.0,20,501
2,9.0,20,501
2,10.0,20,501
2,11.0,20,501
2,12.0,20,501
2,13.0,20,501
2,14.0,20,501
2,15.0,20,501
2,16.0,20,501
2,17.0,20,501
2,18.0,20,501
2,19.0,20,501
2,20.0,20,501
2,21.0,20,501
2,22.0,20,501
2,23.0,20,501
2,24.0,20,501
2,25.0,20,501
2,26.0,20,501
2,27.0,29,501
2,28.0,29,501
2,29.0,52,501
2,30.0,52,501
2,31.0,52,501
2,32.0,52,501
2,33.0,52,501
2,34.0,52,501
2,35.0,112,501
2,36.0,112,501
2,37.0,112,501
2,38.0,172,501
2,39.0,172,501
2,40.0,172,501
2,41.0,172,501
2,42.0,172,501
2,43.0,172,501
2,44.0,172,501
2,45.0,172,3507
2,46.0,172,3507
2,47.0,172,3507
2,48.0,280,3507
2,49.0,327,3507
2,50.0,327,3507
2,51.0,327,3507
2,52.0,483,3507
2,53.0,535,3507
2,54.0,535,3507
2,55.0,599,3507
2,56.0,599,3507
2,57.0,599,3507
2,58.0,599,3507
2,59.0,599,3507
2,60.0,793,3507
2,61.0,793,3507
2,62.0,917,3507
2,63.0,917,3507
2,64.0,917,3507
2,65.0,917,3507
2,66.0,917,3507
2,67.0,917,3507
2,68.0,917,3507
2,69.0,1433,3507
2,70.0,1433,3794
2,71.0,1777,3794
2,72.0,1777,4055
2,73.0,1777,4055
2,74.0,1777,4055
2,75.0,1777,4055
2,76.0,1777,4055
2,77.0,1777,4055
2,78.0,1777,4055
2,79.0,1977,4055
2,80.0,2052,4055
2,81.0,2052,5964
2,82.0,2052,5964
2,83.0,2052,5964
2,84.0,2052,5964
2,85.0,2052,5964
2,86.0,2052,5964
2,87.0,1842,5964
2,88.0,1842,5964
2,89.0,1842,5964
2,90.0,1842,5964
2,91.0,1842,5964
2,92.0,1842,5964
2,93.0,1842,5964
2,94.0,1842,5964
2,95.0,1842,5964
2,96.0,1842,5964
2,97.0,1842,5964
2,98.0,1235,5964
2,99.0,1235,5964
2,100.0,1235,5964
2,101.0,1661,5964
2,102.0,1782,5964
2,103.0,1782,5964
2,104.0,1363,9063
2,105.0,1426,9063
2,106.0,1426,9063
2,107.0,1426,9063
2,108.0,1426,9063
2,109.0,1426,9063
2,110.0,1426,9063
2,111.0,1426,9063
2,112.0,1426,9063
2,113.0,1589,9063
2,114.0,1589,9063
2,115.0,1589,9063
2,116.0,1589,9063
2,117.0,1589,9063
2,118.0,1589,9063
2,119.0,1589,9063
2,120.0,779,9063
2,121.0,779,9063
2,122.0,779,9063
2,123.0,779,9063
2,124.0,779,9063
2,125.0,779,9063
2,126.0,779,9063
2,127.0,779,9063
2,128.0,779,9063
2,129.0,779,9063
2,130.0,779,9063
2,131.0,779,9063
2,132.0,779,9063
2,133.0,779,9063
2,134.0,779,9063
2,135.0,779,9063
2,136.0,779,9063
2,137.0,779,9063
2,138.0,779,9063
2,139.0,779,9063
2,140.0,779,9063
2,141.0,779,9063
2,142.0,779,9063
2,143.0,779,9063
2,144.0,779,9063
2,145.0,779,9063
2,146.0,779,9063
2,147.0,779,9063
2,148.0,779,9063
2,149.0,779,9063
2,150.0,779,9063
2,151.0,779,9063
2,152.0,779,9063
2,153.0,779,9063
2,154.0,779,9063
2,155.0,779,9063
2,156.0,779,9063
2,157.0,779,9063
2,158.0,779,9063
2,159.0,779,9063
2,160.0,779,9063
2,161.0,779,9063
2,162.0,779,9063
2,163.0,779,9063
2,164.0,779,9063
2,165.0,779,9063
2,166.0,779,9063
4,1.0,20,501
4,2.0,20,501
4,3.0,20,501
4,4.0,20,501
4,5.0,20,501
4,6.0,20,501
4,7.0,20,501
4,8.0,20,501
4,9.0,20,501
4,10.0,20,501
4,11.0,20,501
4,12.0,20,501
4,13.0,20,501
4,14.0,20,501
4,15.0,20,501
4,16.0,20,501
4,17.0,20,501
4,18.0,20,501
4,19.0,20,501
4,20.0,20,501
4,21.0,20,501
4,22.0,20,501
4,23.0,20,501
4,24.0,20,501
4,25.0,20,501
4,26.0,20,501
4,27.0,28,501
4,28.0,28,501
4,29.0,52,501
4,30.0,52,501
4,31.0,52,501
4,32.0,52,501
4,33.0,52,501
4,34.0,52,501
4,35.0,112,501
4,36.0,112,501
4,37.0,112,501
4,38.0,172,501
4,39.0,172,501
4,40.0,172,501
4,41.0,172,501
4,42.0,172,501
4,43.0,172,501
4,44.0,172,501
4,45.0,172,3507
4,46.0,172,3507
4,47.0,172,3507
4,48.0,276,3507
4,49.0,320,3507
4,50.0,320,3507
4,51.0,320,3507
4,52.0,476,3507
4,53.0,528,3507
4,54.0,528,3507
4,55.0,592,3507
4,56.0,592,3507
4,57.0,592,3507
4,58.0,592,3507
4,59.0,592,3507
4,60.0,798,3507
4,61.0,798,3507
4,62.0,922,3507
4,63.0,922,3507
4,64.0,922,3507
4,65.0,922,3507
4,66.0,922,3507
4,67.0,922,3507
4,68.0,922,3507
4,69.0,1438,3507
4,70.0,1438,3802
4,71.0,1782,3802
4,72.0,1782,4099
4,73.0,1782,4099
4,74.0,1782,4099
4,75.0,1782,4099
4,76.0,1782,4099
4,77.0,1782,4099
4,78.0,1782,4099
4,79.0,1957,4099
4,80.0,2026,4099
4,81.0,2026,5990
4,82.0,2026,5990
4,83.0,2026,5990
4,84.0,2026,5990
4,85.0,2026,5990
4,86.0,2026,5990
4,87.0,1835,5990
4,88.0,1835,5990
4,89.0,1835,5990
4,90.0,1835,5990
4,91.0,1835,5990
4,92.0,1835,5990
4,93.0,1835,5990
4,94.0,1835,5990
4,95.0,1835,5990
4,96.0,1835,5990
4,97.0,1835,5990
4,98.0,1273,5990
4,99.0,1273,5990
4,100.0,1273,5990
4,101.0,1681,5990
4,102.0,1798,5990
4,103.0,1798,5990
4,104.0,1378,9297
4,105.0,1441,9297
4,106.0,1441,9297
4,107.0,1441,9297
4,108.0,1441,9297
4,109.0,1441,9297
4,110.0,1441,9297
4,111.0,1441,9297
4,112.0,1441,9297
4,113.0,1618,9297
4,114.0,1618,9297
4,115.0,1618,9297
4,116.0,1618,9297
4,117.0,1618,9297
4,118.0,1618,9297
4,119.0,1618,9297
4,120.0,761,9297
4,121.0,761,9297
4,122.0,761,9297
4,123.0,761,9297
4,124.0,761,9297
4,125.0,761,9297
4,126.0,761,9297
4,127.0,761,9297
4,128.0,761,9297
4,129.0,761,9297
4,130.0,761,9297
4,131.0,761,9297
4,132.0,761,9297
4,133.0,761,9297
4,134.0,761,9297
4,135.0,761,9297
4,136.0,761,9297
4,137.0,761,9297
4,138.0,761,9297
4,139.0,761,9297
4,140.0,761,9297
4,141.0,761,9297
4,142.0,761,9297
4,143.0,761,9297
4,144.0,761,9297
4,145.0,761,9297
4,146.0,761,9297
4,147.0,761,9297
4,148.0,761,9297
4,149.0,761,9297
4,150.0,761,9297
4,151.0,761,9297
4,152.0,761,9297
4,153.0,761,9297
4,154.0,761,9297
4,155.0,761,9297
4,156.0,761,9297
4,157.0,761,9297
4,158.0,761,9297
4,159.0,761,9297
4,160.0,761,9297
4,161.0,761,9297
4,162.0,761,9297
4,163.0,761,9297
4,164.0,761,9297
4,165.0,761,9297
4,166.0,761,9297
6,1.0,20,501
6,2.0,20,501
6,3.0,20,501
6,4.0,20,501
6,5.0,20,501
6,6.0,20,501
6,7.0,20,501
6,8.0,20,501
6,9.0,20,501
6,10.0,20,501
6,11.0,20,501
6,12.0,20,501
6,13.0,20,501
6,14.0,20,501
6,15.0,20,501
6,16.0,20,501
6,17.0,20,501
6,18.0,20,501
6,19.0,20,501
6,20.0,20,501
6,21.0,20,501
6,22.0,20,501
6,23.0,20,501
6,24.0,20,501
6,25.0,20,501
6,26.0,20,501
6,27.0,29,501
6,28.0,29,501
6,29.0,53,501
6,30.0,53,501
6,31.0,53,501
6,32.0,53,501
6,33.0,53,501
6,34.0,53,501
6,35.0,113,501
6,36.0,113,501
6,37.0,113,501
6,38.0,173,501
6,39.0,173,501
6,40.0,173,501
6,41.0,173,501
6,42.0,173,501
6,43.0,173,501
6,44.0,173,501
6,45.0,173,3507
6,46.0,173,3507
6,47.0,173,3507
6,48.0,280,3507
6,49.0,329,3507
6,50.0,329,3507
6,51.0,329,3507
6,52.0,488,3507
6,53.0,541,3507
6,54.0,541,3507
6,55.0,603,3507
6,56.0,603,3507
6,57.0,603,3507
6,58.0,603,3507
6,59.0,603,3507
6,60.0,793,3507
6,61.0,793,3507
6,62.0,915,3507
6,63.0,915,3507
6,64.0,915,3507
6,65.0,915,3507
6,66.0,915,3507
6,67.0,915,3507
6,68.0,915,3507
6,69.0,981,3507
6,70.0,981,3764
6,71.0,1022,3764
6,72.0,1022,4038
6,73.0,1022,4038
6,74.0,1022,4038
6,75.0,1022,4038
6,76.0,1022,4038
6,77.0,1022,4038
6,78.0,1022,4038
6,79.0,1214,4038
6,80.0,1285,4038
6,81.0,1285,4316
6,82.0,1285,4316
6,83.0,1285,4316
6,84.0,1285,4316
6,85.0,1285,4316
6,86.0,1285,4316
6,87.0,1073,4316
6,88.0,1073,4316
6,89.0,1073,4316
6,90.0,1073,4316
6,91.0,1073,4316
6,92.0,1073,4316
6,93.0,1073,4316
6,94.0,1073,4316
6,95.0,1073,4316
6,96.0,1073,4316
6,97.0,1073,4316
6,98.0,730,4316
6,99.0,730,4316
6,100.0,730,4316
6,101.0,977,4316
6,102.0,1046,4316
6,103.0,1046,4316
6,104.0,794,6711
6,105.0,824,6711
6,106.0,824,6711
6,107.0,824,6711
6,108.0,824,6711
6,109.0,824,6711
6,110.0,824,6711
6,111.0,824,6711
6,112.0,824,6711
6,113.0,943,6711
6,114.0,943,6711
6,115.0,943,6711
6,116.0,943,6711
6,117.0,943,6711
6,118.0,943,6711
6,119.0,943,6711
6,120.0,492,6711
6,121.0,492,6711
6,122.0,492,6711
6,123.0,492,6711
6,124.0,492,6711
6,125.0,492,6711
6,126.0,492,6711
6,127.0,492,6711
6,128.0,492,6711
6,129.0,492,6711
6,130.0,492,6711
6,131.0,492,6711
6,132.0,492,6711
6,133.0,492,6711
6,134.0,492,6711
6,135.0,492,6711
6,136.0,492,6711
6,137.0,492,6711
6,138.0,492,6711
6,139.0,492,6711
6,140.0,492,6711
6,141.0,492,6711
6,142.0,492,6711
6,143.0,492,6711
6,144.0,492,6711
6,145.0,492,6711
6,146.0,492,6711
6,147.0,492,6711
6,148.0,492,6711
6,149.0,492,6711
6,150.0,492,6711
6,151.0,492,6711
6,152.0,492,6711
6,153.0,492,6711
6,154.0,492,6711
6,155.0,492,6711
6,156.0,492,6711
6,157.0,492,6711
6,158.0,492,6711
6,159.0,492,6711
6,160.0,492,6711
6,161.0,492,6711
6,162.0,492,6711
6,163.0,492,6711
6,164.0,492,6711
6,165.0,492,6711
6,166.0,492,6711
8,1.0,20,501
8,2.0,20,501
8,3.0,20,501
8,4.0,20,501
8,5.0,20,501
8,6.0,20,501
8,7.0,20,501
8,8.0,20,501
8,9.0,20,501
8,10.0,20,501
8,11.0,20,501
8,12.0,20,501
8,13.0,20,501
8,14.0,20,501
8,15.0,20,501
8,16.0,20,501
8,17.0,20,501
8,18.0,20,501
8,19.0,20,501
8,20.0,20,501
8,21.0,20,501
8,22.0,20,501
8,23.0,20,501
8,24.0,20,501
8,25.0,20,501
8,26.0,20,501
8,27.0,29,501
8,28.0,29,501
8,29.0,51,501
8,30.0,51,501
8,31.0,51,501
8,32.0,51,501
8,33.0,51,501
8,34.0,51,501
8,35.0,111,501
8,36.0,111,501
8,37.0,111,501
8,38.0,171,501
8,39.0,171,501
8,40.0,171,501
8,41.0,171,501
8,42.0,171,501
8,43.0,171,501
8,44.0,171,501
8,45.0,171,3507
8,46.0,171,3507
8,47.0,171,3507
8,48.0,276,3507
8,49.0,323,3507
8,50.0,323,3507
8,51.0,323,3507
8,52.0,476,3507
8,53.0,527,3507
8,54.0,527,3507
8,55.0,587,3507
8,56.0,587,3507
8,57.0,587,3507
8,58.0,587,3507
8,59.0,587,3507
8,60.0,767,3507
8,61.0,767,3507
8,62.0,887,3507
8,63.0,887,3507
8,64.0,887,3507
8,65.0,887,3507
8,66.0,887,3507
8,67.0,887,3507
8,68.0,887,3507
8,69.0,1400,3507
8,70.0,1400,3783
8,71.0,1742,3783
8,72.0,1742,4046
8,73.0,1742,4046
8,74.0,1742,4046
8,75.0,1742,4046
8,76.0,1742,4046
8,77.0,1742,4046
8,78.0,1742,4046
8,79.0,1911,4046
8,80.0,1982,4046
8,81.0,1982,6010
8,82.0,1982,6010
8,83.0,1982,6010
8,84.0,1982,6010
8,85.0,1982,6010
8,86.0,1982,6010
8,87.0,1771,6010
8,88.0,1771,6010
8,89.0,1771,6010
8,90.0,1771,6010
8,91.0,1771,6010
8,92.0,1771,6010
8,93.0,1771,6010
8,94.0,1771,6010
8,95.0,1771,6010
8,96.0,1771,6010
8,97.0,1771,6010
8,98.0,1186,6010
8,99.0,1186,6010
8,100.0,1186,6010
8,101.0,1591,6010
8,102.0,1726,6010
8,103.0,1726,6010
8,104.0,1379,9278
8,105.0,1435,9278
8,106.0,1435,9278
8,107.0,1435,9278
8,108.0,1435,9278
8,109.0,1435,9278
8,110.0,1435,9278
8,111.0,1435,9278
8,112.0,1435,9278
8,113.0,1590,9278
8,114.0,1590,9278
8,115.0,1590,9278
8,116.0,1590,9278
8,117.0,1590,9278
8,118.0,1590,9278
8,119.0,1590,9278
8,120.0,805,9278
8,121.0,805,9278
8,122.0,805,9278
8,123.0,805,9278
8,124.0,805,9278
8,125.0,805,9278
8,126.0,805,9278
8,127.0,805,9278
8,128.0,805,9278
8,129.0,805,9278
8,130.0,805,9278
8,131.0,805,9278
8,132.0,805,9278
8,133.0,805,9278
8,134.0,805,9278
8,135.0,805,9278
8,136.0,805,9278
8,137.0,805,9278
8,138.0,805,9278
8,139.0,805,9278
8,140.0,805,9278
8,141.0,805,9278
8,142.0,805,9278
8,143.0,805,9278
8,144.0,805,9278
8,145.0,805,9278
8,146.0,805,9278
8,147.0,805,9278
8,148.0,805,9278
8,149.0,805,9278
8,150.0,805,9278
8,151.0,805,9278
8,152.0,805,9278
8,153.0,805,9278
8,154.0,805,9278
8,155.0,805,9278
8,156.0,805,9278
8,157.0,805,9278
8,158.0,805,9278
8,159.0,805,9278
8,160.0,805,9278
8,161.0,805,9278
8,162.0,805,9278
8,163.0,805,9278
8,164.0,805,9278
8,165.0,805,9278
8,166.0,805,9278
10,1.0,20,501
10,2.0,20,501
10,3.0,20,501
10,4.0,20,501
10,5.0,20,501
10,6.0,20,501
10,7.0,20,501
10,8.0,20,501
10,9.0,20,501
10,10.0,20,501
10,11.0,20,501
10,12.0,20,501
10,13.0,20,501
10,14.0,20,501
10,15.0,20,501
10,16.0,20,501
10,17.0,20,501
10,18.0,20,501
10,19.0,20,501
10,20.0,20,501
10,21.0,20,501
10,22.0,20,501
10,23.0,20,501
10,24.0,20,501
10,25.0,20,501
10,26.0,20,501
10,27.0,25,501
10,28.0,25,501
10,29.0,43,501
10,30.0,43,501
10,31.0,43,501
10,32.0,43,501
10,33.0,43,501
10,34.0,43,501
10,35.0,103,501
10,36.0,103,501
10,37.0,103,501
10,38.0,163,501
10,39.0,163,501
10,40.0,163,501
10,41.0,163,501
10,42.0,163,501
10,43.0,163,501
10,44.0,163,501
10,45.0,163,3507
10,46.0,163,3507
10,47.0,163,3507
10,48.0,249,3507
10,49.0,284,3507
10,50.0,284,3507
10,51.0,284,3507
10,52.0,413,3507
10,53.0,456,3507
10,54.0,456,3507
10,55.0,505,3507
10,56.0,505,3507
10,57.0,505,3507
10,58.0,505,3507
10,59.0,505,3507
10,60.0,669,3507
10,61.0,669,3507
10,62.0,778,3507
10,63.0,778,3507
10,64.0,778,3507
10,65.0,778,3507
10,66.0,778,3507
10,67.0,778,3507
10,68.0,778,3507
10,69.0,1267,3507
10,70.0,1267,3773
10,71.0,1593,3773
10,72.0,1593,4056
10,73.0,1593,4056
10,74.0,1593,4056
10,75.0,1593,4056
10,76.0,1593,4056
10,77.0,1593,4056
10,78.0,1593,4056
10,79.0,1724,4056
10,80.0,1774,4056
10,81.0,1774,5920
10,82.0,1774,5920
10,83.0,1774,5920
10,84.0,1774,5920
10,85.0,1774,5920
10,86.0,1774,5920
10,87.0,1593,5920
10,88.0,1593,5920
10,89.0,1593,5920
10,90.0,1593,5920
10,91.0,1593,5920
10,92.0,1593,5920
10,93.0,1593,5920
10,94.0,1593,5920
10,95.0,1593,5920
10,96.0,1593,5920
10,97.0,1593,5920
10,98.0,1049,5920
10,99.0,1049,5920
10,100.0,1049,5920
10,101.0,1434,5920
10,102.0,1547,5920
10,103.0,1547,5920
10,104.0,1220,9070
10,105.0,1273,9070
10,106.0,1273,9070
10,107.0,1273,9070
10,108.0,1273,9070
10,109.0,1273,9070
10,110.0,1273,9070
10,111.0,1273,9070
10,112.0,1273,9070
10,113.0,1423,9070
10,114.0,1423,9070
10,115.0,1423,9070
10,116.0,1423,9070
10,117.0,1423,9070
10,118.0,1423,9070
10,119.0,1423,9070
10,120.0,700,9070
10,121.0,700,9070
10,122.0,700,9070
10,123.0,700,9070
10,124.0,700,9070
10,125.0,700,9070
10,126.0,700,9070
10,127.0,700,9070
10,128.0,700,9070
10,129.0,700,9070
10,130.0,700,9070
10,131.0,700,9070
10,132.0,700,9070
10,133.0,700,9070
10,134.0,700,9070
10,135.0,700,9070
10,136.0,700,9070
10,137.0,700,9070
10,138.0,700,9070
10,139.0,700,9070
10,140.0,700,9070
10,141.0,700,9070
10,142.0,700,9070
10,143.0,700,9070
10,144.0,700,9070
10,145.0,700,9070
10,146.0,700,9070
10,147.0,700,9070
10,148.0,700,9070
10,149.0,700,9070
10,150.0,700,9070
10,151.0,700,9070
10,152.0,700,9070
10,153.0,700,9070
10,154.0,700,9070
10,155.0,700,9070
10,156.0,700,9070
10,157.0,700,9070
10,158.0,700,9070
10,159.0,700,9070
10,160.0,700,9070
10,161.0,700,9070
10,162.0,700,9070
10,163.0,700,9070
10,164.0,700,9070
10,165.0,700,9070
10,166.0,700,9070
