"run","tick","GRCount","STCount"
1,1.0,5,501
1,2.0,6,501
1,3.0,6,501
1,4.0,6,501
1,5.0,6,501
1,6.0,6,501
1,7.0,6,501
1,8.0,6,501
1,9.0,6,501
1,10.0,6,501
1,11.0,6,501
1,12.0,6,501
1,13.0,6,501
1,14.0,6,501
1,15.0,6,501
1,16.0,6,501
1,17.0,6,501
1,18.0,6,501
1,19.0,6,501
1,20.0,6,501
1,21.0,6,501
1,22.0,6,501
1,23.0,6,501
1,24.0,6,501
1,25.0,6,501
1,26.0,6,501
1,27.0,8,501
1,28.0,8,501
1,29.0,19,501
1,30.0,19,501
1,31.0,19,501
1,32.0,19,501
1,33.0,19,501
1,34.0,19,501
1,35.0,55,501
1,36.0,55,501
1,37.0,55,501
1,38.0,79,501
1,39.0,79,501
1,40.0,79,501
1,41.0,79,501
1,42.0,79,501
1,43.0,79,501
1,44.0,79,501
1,45.0,79,3507
1,46.0,79,3507
1,47.0,79,3507
1,48.0,120,3507
1,49.0,161,3507
1,50.0,161,3507
1,51.0,161,3507
1,52.0,235,3507
1,53.0,274,3507
1,54.0,289,3507
1,55.0,289,3507
1,56.0,289,3507
1,57.0,289,3507
1,58.0,289,3507
1,59.0,289,3507
1,60.0,289,3507
1,61.0,289,3507
1,62.0,289,3507
1,63.0,289,3507
1,64.0,289,3507
1,65.0,289,3507
1,66.0,289,3507
1,67.0,289,3507
1,68.0,289,3507
1,69.0,588,3507
1,70.0,588,3818
1,71.0,833,3818
1,72.0,833,5742
1,73.0,833,5742
1,74.0,833,5742
1,75.0,833,5742
1,76.0,833,5742
1,77.0,833,5742
1,78.0,833,5742
1,79.0,1882,5742
1,80.0,2522,5742
1,81.0,2522,7617
1,82.0,2522,7617
1,83.0,2522,7617
1,84.0,2522,7617
1,85.0,2522,7617
1,86.0,2522,7617
1,87.0,2422,7617
1,88.0,2422,7617
1,89.0,2422,7617
1,90.0,2422,7617
1,91.0,2422,7617
1,92.0,2422,7617
1,93.0,2422,7617
1,94.0,2422,7617
1,95.0,2422,7617
1,96.0,2422,7617
1,97.0,2422,7617
1,98.0,1804,7617
1,99.0,1804,7617
1,100.0,1804,7617
1,101.0,8903,7617
1,102.0,12899,7617
1,103.0,12899,7617
1,104.0,17649,11724
1,105.0,19457,11724
1,106.0,19457,11724
1,107.0,19457,11724
1,108.0,19457,11724
1,109.0,19457,11724
1,110.0,19457,11724
1,111.0,19457,11724
1,112.0,19457,11724
1,113.0,19851,11724
1,114.0,19938,11724
1,115.0,19938,11724
1,116.0,19938,11724
1,117.0,19938,11724
1,118.0,19938,11724
1,119.0,19938,11724
1,120.0,12824,11724
1,121.0,12824,11724
1,122.0,12824,11724
1,123.0,12824,11724
1,124.0,12824,11724
1,125.0,12824,11724
1,126.0,12824,11724
1,127.0,12824,11724
1,128.0,12824,11724
1,129.0,12824,11724
1,130.0,12824,11724
1,131.0,12824,11724
1,132.0,12824,11724
1,133.0,12824,11724
1,134.0,12824,11724
1,135.0,12824,11724
1,136.0,12824,11724
1,137.0,12824,11724
1,138.0,12824,11724
1,139.0,12824,11724
1,140.0,12824,11724
1,141.0,12824,11724
1,142.0,12824,11724
1,143.0,12824,11724
1,144.0,12824,11724
1,145.0,12824,11724
1,146.0,12824,11724
1,147.0,12824,11724
1,148.0,12824,11724
1,149.0,12824,11724
1,150.0,12824,11724
1,151.0,12824,11724
1,152.0,12824,11724
1,153.0,12824,11724
1,154.0,12824,11724
1,155.0,12824,11724
1,156.0,12824,11724
1,157.0,12824,11724
1,158.0,12824,11724
1,159.0,12824,11724
1,160.0,12824,11724
1,161.0,12824,11724
1,162.0,12824,11724
1,163.0,12824,11724
1,164.0,12824,11724
1,165.0,12824,11724
1,166.0,12824,11724
3,1.0,5,501
3,2.0,6,501
3,3.0,6,501
3,4.0,6,501
3,5.0,6,501
3,6.0,6,501
3,7.0,6,501
3,8.0,6,501
3,9.0,6,501
3,10.0,6,501
3,11.0,6,501
3,12.0,6,501
3,13.0,6,501
3,14.0,6,501
3,15.0,6,501
3,16.0,6,501
3,17.0,6,501
3,18.0,6,501
3,19.0,6,501
3,20.0,6,501
3,21.0,6,501
3,22.0,6,501
3,23.0,6,501
3,24.0,6,501
3,25.0,6,501
3,26.0,6,501
3,27.0,8,501
3,28.0,8,501
3,29.0,9,501
3,30.0,9,501
3,31.0,9,501
3,32.0,9,501
3,33.0,9,501
3,34.0,9,501
3,35.0,45,501
3,36.0,45,501
3,37.0,45,501
3,38.0,67,501
3,39.0,67,501
3,40.0,67,501
3,41.0,67,501
3,42.0,67,501
3,43.0,67,501
3,44.0,67,501
3,45.0,67,3507
3,46.0,67,3507
3,47.0,67,3507
3,48.0,101,3507
3,49.0,124,3507
3,50.0,124,3507
3,51.0,124,3507
3,52.0,168,3507
3,53.0,184,3507
3,54.0,187,3507
3,55.0,187,3507
3,56.0,187,3507
3,57.0,187,3507
3,58.0,187,3507
3,59.0,187,3507
3,60.0,187,3507
3,61.0,187,3507
3,62.0,187,3507
3,63.0,187,3507
3,64.0,187,3507
3,65.0,187,3507
3,66.0,187,3507
3,67.0,187,3507
3,68.0,187,3507
3,69.0,456,3507
3,70.0,456,3781
3,71.0,650,3781
3,72.0,650,4050
3,73.0,650,4050
3,74.0,650,4050
3,75.0,650,4050
3,76.0,650,4050
3,77.0,650,4050
3,78.0,650,4050
3,79.0,1296,4050
3,80.0,1709,4050
3,81.0,1709,6040
3,82.0,1709,6040
3,83.0,1709,6040
3,84.0,1709,6040
3,85.0,1709,6040
3,86.0,1709,6040
3,87.0,1646,6040
3,88.0,1646,6040
3,89.0,1646,6040
3,90.0,1646,6040
3,91.0,1646,6040
3,92.0,1646,6040
3,93.0,1646,6040
3,94.0,1646,6040
3,95.0,1646,6040
3,96.0,1646,6040
3,97.0,1646,6040
3,98.0,1200,6040
3,99.0,1200,6040
3,100.0,1200,6040
3,101.0,5683,6040
3,102.0,8291,6040
3,103.0,8291,6040
3,104.0,11508,9270
3,105.0,13374,9270
3,106.0,13374,9270
3,107.0,13374,9270
3,108.0,13374,9270
3,109.0,13374,9270
3,110.0,13374,9270
3,111.0,13374,9270
3,112.0,13374,9270
3,113.0,15973,9270
3,114.0,16551,9270
3,115.0,16551,9270
3,116.0,16551,9270
3,117.0,16551,9270
3,118.0,16551,9270
3,119.0,16551,9270
3,120.0,10657,9270
3,121.0,10657,9270
3,122.0,10657,9270
3,123.0,10657,9270
3,124.0,10657,9270
3,125.0,10657,9270
3,126.0,10657,9270
3,127.0,10657,9270
3,128.0,10657,9270
3,129.0,10657,9270
3,130.0,10657,9270
3,131.0,10657,9270
3,132.0,10657,9270
3,133.0,10657,9270
3,134.0,10657,9270
3,135.0,10657,9270
3,136.0,10657,9270
3,137.0,10657,9270
3,138.0,10657,9270
3,139.0,10657,9270
3,140.0,10657,9270
3,141.0,10657,9270
3,142.0,10657,9270
3,143.0,10657,9270
3,144.0,10657,9270
3,145.0,10657,9270
3,146.0,10657,9270
3,147.0,10657,9270
3,148.0,10657,9270
3,149.0,10657,9270
3,150.0,10657,9270
3,151.0,10657,9270
3,152.0,10657,9270
3,153.0,10657,9270
3,154.0,10657,9270
3,155.0,10657,9270
3,156.0,10657,9270
3,157.0,10657,9270
3,158.0,10657,9270
3,159.0,10657,9270
3,160.0,10657,9270
3,161.0,10657,9270
3,162.0,10657,9270
3,163.0,10657,9270
3,164.0,10657,9270
3,165.0,10657,9270
3,166.0,10657,9270
5,1.0,5,501
5,2.0,6,501
5,3.0,6,501
5,4.0,6,501
5,5.0,6,501
5,6.0,6,501
5,7.0,6,501
5,8.0,6,501
5,9.0,6,501
5,10.0,6,501
5,11.0,6,501
5,12.0,6,501
5,13.0,6,501
5,14.0,6,501
5,15.0,6,501
5,16.0,6,501
5,17.0,6,501
5,18.0,6,501
5,19.0,6,501
5,20.0,6,501
5,21.0,6,501
5,22.0,6,501
5,23.0,6,501
5,24.0,6,501
5,25.0,6,501
5,26.0,6,501
5,27.0,8,501
5,28.0,8,501
5,29.0,18,501
5,30.0,18,501
5,31.0,18,501
5,32.0,18,501
5,33.0,18,501
5,34.0,18,501
5,35.0,54,501
5,36.0,54,501
5,37.0,54,501
5,38.0,78,501
5,39.0,78,501
5,40.0,78,501
5,41.0,78,501
5,42.0,78,501
5,43.0,78,501
5,44.0,78,501
5,45.0,78,3507
5,46.0,78,3507
5,47.0,78,3507
5,48.0,123,3507
5,49.0,155,3507
5,50.0,155,3507
5,51.0,155,3507
5,52.0,224,3507
5,53.0,257,3507
5,54.0,275,3507
5,55.0,275,3507
5,56.0,275,3507
5,57.0,275,3507
5,58.0,275,3507
5,59.0,275,3507
5,60.0,275,3507
5,61.0,275,3507
5,62.0,275,3507
5,63.0,275,3507
5,64.0,275,3507
5,65.0,275,3507
5,66.0,275,3507
5,67.0,275,3507
5,68.0,275,3507
5,69.0,588,3507
5,70.0,588,3780
5,71.0,830,3780
5,72.0,830,4041
5,73.0,830,4041
5,74.0,830,4041
5,75.0,830,4041
5,76.0,830,4041
5,77.0,830,4041
5,78.0,830,4041
5,79.0,1850,4041
5,80.0,2447,4041
5,81.0,2447,4277
5,82.0,2447,4277
5,83.0,2447,4277
5,84.0,2447,4277
5,85.0,2447,4277
5,86.0,2447,4277
5,87.0,2358,4277
5,88.0,2358,4277
5,89.0,2358,4277
5,90.0,2358,4277
5,91.0,2358,4277
5,92.0,2358,4277
5,93.0,2358,4277
5,94.0,2358,4277
5,95.0,2358,4277
5,96.0,2358,4277
5,97.0,2358,4277
5,98.0,1725,4277
5,99.0,1725,4277
5,100.0,1725,4277
5,101.0,8501,4277
5,102.0,12355,4277
5,103.0,12355,4277
5,104.0,16912,6642
5,105.0,19623,6642
5,106.0,19623,6642
5,107.0,19623,6642
5,108.0,19623,6642
5,109.0,19623,6642
5,110.0,19623,6642
5,111.0,19623,6642
5,112.0,19623,6642
5,113.0,20002,6642
5,114.0,20093,6642
5,115.0,20093,6642
5,116.0,20093,6642
5,117.0,20093,6642
5,118.0,20093,6642
5,119.0,20093,6642
5,120.0,13057,6642
5,121.0,13057,6642
5,122.0,13057,6642
5,123.0,13057,6642
5,124.0,13057,6642
5,125.0,13057,6642
5,126.0,13057,6642
5,127.0,13057,6642
5,128.0,13057,6642
5,129.0,13057,6642
5,130.0,13057,6642
5,131.0,13057,6642
5,132.0,13057,6642
5,133.0,13057,6642
5,134.0,13057,6642
5,135.0,13057,6642
5,136.0,13057,6642
5,137.0,13057,6642
5,138.0,13057,6642
5,139.0,13057,6642
5,140.0,13057,6642
5,141.0,13057,6642
5,142.0,13057,6642
5,143.0,13057,6642
5,144.0,13057,6642
5,145.0,13057,6642
5,146.0,13057,6642
5,147.0,13057,6642
5,148.0,13057,6642
5,149.0,13057,6642
5,150.0,13057,6642
5,151.0,13057,6642
5,152.0,13057,6642
5,153.0,13057,6642
5,154.0,13057,6642
5,155.0,13057,6642
5,156.0,13057,6642
5,157.0,13057,6642
5,158.0,13057,6642
5,159.0,13057,6642
5,160.0,13057,6642
5,161.0,13057,6642
5,162.0,13057,6642
5,163.0,13057,6642
5,164.0,13057,6642
5,165.0,13057,6642
5,166.0,13057,6642
7,1.0,6,501
7,2.0,6,501
7,3.0,6,501
7,4.0,6,501
7,5.0,6,501
7,6.0,6,501
7,7.0,6,501
7,8.0,6,501
7,9.0,6,501
7,10.0,6,501
7,11.0,6,501
7,12.0,6,501
7,13.0,6,501
7,14.0,6,501
7,15.0,6,501
7,16.0,6,501
7,17.0,6,501
7,18.0,6,501
7,19.0,6,501
7,20.0,6,501
7,21.0,6,501
7,22.0,6,501
7,23.0,6,501
7,24.0,6,501
7,25.0,6,501
7,26.0,6,501
7,27.0,11,501
7,28.0,11,501
7,29.0,20,501
7,30.0,20,501
7,31.0,20,501
7,32.0,20,501
7,33.0,20,501
7,34.0,20,501
7,35.0,56,501
7,36.0,56,501
7,37.0,56,501
7,38.0,79,501
7,39.0,79,501
7,40.0,79,501
7,41.0,79,501
7,42.0,79,501
7,43.0,79,501
7,44.0,79,501
7,45.0,79,3507
7,46.0,79,3507
7,47.0,79,3507
7,48.0,132,3507
7,49.0,181,3507
7,50.0,181,3507
7,51.0,181,3507
7,52.0,257,3507
7,53.0,308,3507
7,54.0,318,3507
7,55.0,318,3507
7,56.0,318,3507
7,57.0,318,3507
7,58.0,318,3507
7,59.0,318,3507
7,60.0,318,3507
7,61.0,318,3507
7,62.0,318,3507
7,63.0,318,3507
7,64.0,318,3507
7,65.0,318,3507
7,66.0,318,3507
7,67.0,318,3507
7,68.0,318,3507
7,69.0,638,3507
7,70.0,638,3775
7,71.0,874,3775
7,72.0,874,5666
7,73.0,874,5666
7,74.0,874,5666
7,75.0,874,5666
7,76.0,874,5666
7,77.0,874,5666
7,78.0,874,5666
7,79.0,2104,5666
7,80.0,2807,5666
7,81.0,2807,7569
7,82.0,2807,7569
7,83.0,2807,7569
7,84.0,2807,7569
7,85.0,2807,7569
7,86.0,2807,7569
7,87.0,2712,7569
7,88.0,2712,7569
7,89.0,2712,7569
7,90.0,2712,7569
7,91.0,2712,7569
7,92.0,2712,7569
7,93.0,2712,7569
7,94.0,2712,7569
7,95.0,2712,7569
7,96.0,2712,7569
7,97.0,2712,7569
7,98.0,2031,7569
7,99.0,2031,7569
7,100.0,2031,7569
7,101.0,10054,7569
7,102.0,14487,7569
7,103.0,14487,7569
7,104.0,19843,11684
7,105.0,23088,11684
7,106.0,23088,11684
7,107.0,23088,11684
7,108.0,23088,11684
7,109.0,23088,11684
7,110.0,23088,11684
7,111.0,23088,11684
7,112.0,23088,11684
7,113.0,27310,11684
7,114.0,28289,11684
7,115.0,28289,11684
7,116.0,28289,11684
7,117.0,28289,11684
7,118.0,28289,11684
7,119.0,28289,11684
7,120.0,18444,11684
7,121.0,18444,11684
7,122.0,18444,11684
7,123.0,18444,11684
7,124.0,18444,11684
7,125.0,18444,11684
7,126.0,18444,11684
7,127.0,18444,11684
7,128.0,18444,11684
7,129.0,18444,11684
7,130.0,18444,11684
7,131.0,18444,11684
7,132.0,18444,11684
7,133.0,18444,11684
7,134.0,18444,11684
7,135.0,18444,11684
7,136.0,18444,11684
7,137.0,18444,11684
7,138.0,18444,11684
7,139.0,18444,11684
7,140.0,18444,11684
7,141.0,18444,11684
7,142.0,18444,11684
7,143.0,18444,11684
7,144.0,18444,11684
7,145.0,18444,11684
7,146.0,18444,11684
7,147.0,18444,11684
7,148.0,18444,11684
7,149.0,18444,11684
7,150.0,18444,11684
7,151.0,18444,11684
7,152.0,18444,11684
7,153.0,18444,11684
7,154.0,18444,11684
7,155.0,18444,11684
7,156.0,18444,11684
7,157.0,18444,11684
7,158.0,18444,11684
7,159.0,18444,11684
7,160.0,18444,11684
7,161.0,18444,11684
7,162.0,18444,11684
7,163.0,18444,11684
7,164.0,18444,11684
7,165.0,18444,11684
7,166.0,18444,11684
9,1.0,6,501
9,2.0,6,501
9,3.0,6,501
9,4.0,6,501
9,5.0,6,501
9,6.0,6,501
9,7.0,6,501
9,8.0,6,501
9,9.0,6,501
9,10.0,6,501
9,11.0,6,501
9,12.0,6,501
9,13.0,6,501
9,14.0,6,501
9,15.0,6,501
9,16.0,6,501
9,17.0,6,501
9,18.0,6,501
9,19.0,6,501
9,20.0,6,501
9,21.0,6,501
9,22.0,6,501
9,23.0,6,501
9,24.0,6,501
9,25.0,6,501
9,26.0,6,501
9,27.0,14,501
9,28.0,14,501
9,29.0,25,501
9,30.0,25,501
9,31.0,25,501
9,32.0,25,501
9,33.0,25,501
9,34.0,25,501
9,35.0,61,501
9,36.0,61,501
9,37.0,61,501
9,38.0,89,501
9,39.0,89,501
9,40.0,89,501
9,41.0,89,501
9,42.0,89,501
9,43.0,89,501
9,44.0,89,501
9,45.0,89,3507
9,46.0,89,3507
9,47.0,89,3507
9,48.0,160,3507
9,49.0,212,3507
9,50.0,212,3507
9,51.0,212,3507
9,52.0,306,3507
9,53.0,362,3507
9,54.0,379,3507
9,55.0,379,3507
9,56.0,379,3507
9,57.0,379,3507
9,58.0,379,3507
9,59.0,379,3507
9,60.0,379,3507
9,61.0,379,3507
9,62.0,379,3507
9,63.0,379,3507
9,64.0,379,3507
9,65.0,379,3507
9,66.0,379,3507
9,67.0,379,3507
9,68.0,379,3507
9,69.0,742,3507
9,70.0,742,3776
9,71.0,998,3776
9,72.0,998,4064
9,73.0,998,4064
9,74.0,998,4064
9,75.0,998,4064
9,76.0,998,4064
9,77.0,998,4064
9,78.0,998,4064
9,79.0,2486,4064
9,80.0,3295,4064
9,81.0,3295,4325
9,82.0,3295,4325
9,83.0,3295,4325
9,84.0,3295,4325
9,85.0,3295,4325
9,86.0,3295,4325
9,87.0,3168,4325
9,88.0,3168,4325
9,89.0,3168,4325
9,90.0,3168,4325
9,91.0,3168,4325
9,92.0,3168,4325
9,93.0,3168,4325
9,94.0,3168,4325
9,95.0,3168,4325
9,96.0,3168,4325
9,97.0,3168,4325
9,98.0,2369,4325
9,99.0,2369,4325
9,100.0,2369,4325
9,101.0,11720,4325
9,102.0,16965,4325
9,103.0,16965,4325
9,104.0,23157,6779
9,105.0,27043,6779
9,106.0,27043,6779
9,107.0,27043,6779
9,108.0,27043,6779
9,109.0,27043,6779
9,110.0,27043,6779
9,111.0,27043,6779
9,112.0,27043,6779
9,113.0,32178,6779
9,114.0,33268,6779
9,115.0,33268,6779
9,116.0,33268,6779
9,117.0,33268,6779
9,118.0,33268,6779
9,119.0,33268,6779
9,120.0,21550,6779
9,121.0,21550,6779
9,122.0,21550,6779
9,123.0,21550,6779
9,124.0,21550,6779
9,125.0,21550,6779
9,126.0,21550,6779
9,127.0,21550,6779
9,128.0,21550,6779
9,129.0,21550,6779
9,130.0,21550,6779
9,131.0,21550,6779
9,132.0,21550,6779
9,133.0,21550,6779
9,134.0,21550,6779
9,135.0,21550,6779
9,136.0,21550,6779
9,137.0,21550,6779
9,138.0,21550,6779
9,139.0,21550,6779
9,140.0,21550,6779
9,141.0,21550,6779
9,142.0,21550,6779
9,143.0,21550,6779
9,144.0,21550,6779
9,145.0,21550,6779
9,146.0,21550,6779
9,147.0,21550,6779
9,148.0,21550,6779
9,149.0,21550,6779
9,150.0,21550,6779
9,151.0,21550,6779
9,152.0,21550,6779
9,153.0,21550,6779
9,154.0,21550,6779
9,155.0,21550,6779
9,156.0,21550,6779
9,157.0,21550,6779
9,158.0,21550,6779
9,159.0,21550,6779
9,160.0,21550,6779
9,161.0,21550,6779
9,162.0,21550,6779
9,163.0,21550,6779
9,164.0,21550,6779
9,165.0,21550,6779
9,166.0,21550,6779
2,1.0,6,501
2,2.0,6,501
2,3.0,6,501
2,4.0,6,501
2,5.0,6,501
2,6.0,6,501
2,7.0,6,501
2,8.0,6,501
2,9.0,6,501
2,10.0,6,501
2,11.0,6,501
2,12.0,6,501
2,13.0,6,501
2,14.0,6,501
2,15.0,6,501
2,16.0,6,501
2,17.0,6,501
2,18.0,6,501
2,19.0,6,501
2,20.0,6,501
2,21.0,6,501
2,22.0,6,501
2,23.0,6,501
2,24.0,6,501
2,25.0,6,501
2,26.0,6,501
2,27.0,13,501
2,28.0,13,501
2,29.0,21,501
2,30.0,21,501
2,31.0,21,501
2,32.0,21,501
2,33.0,21,501
2,34.0,21,501
2,35.0,57,501
2,36.0,57,501
2,37.0,57,501
2,38.0,83,501
2,39.0,83,501
2,40.0,83,501
2,41.0,83,501
2,42.0,83,501
2,43.0,83,501
2,44.0,83,501
2,45.0,83,3507
2,46.0,83,3507
2,47.0,83,3507
2,48.0,153,3507
2,49.0,198,3507
2,50.0,198,3507
2,51.0,198,3507
2,52.0,274,3507
2,53.0,320,3507
2,54.0,338,3507
2,55.0,338,3507
2,56.0,338,3507
2,57.0,338,3507
2,58.0,338,3507
2,59.0,338,3507
2,60.0,338,3507
2,61.0,338,3507
2,62.0,338,3507
2,63.0,338,3507
2,64.0,338,3507
2,65.0,338,3507
2,66.0,338,3507
2,67.0,338,3507
2,68.0,338,3507
2,69.0,669,3507
2,70.0,669,3779
2,71.0,942,3779
2,72.0,942,4051
2,73.0,942,4051
2,74.0,942,4051
2,75.0,942,4051
2,76.0,942,4051
2,77.0,942,4051
2,78.0,942,4051
2,79.0,2223,4051
2,80.0,2966,4051
2,81.0,2966,5956
2,82.0,2966,5956
2,83.0,2966,5956
2,84.0,2966,5956
2,85.0,2966,5956
2,86.0,2966,5956
2,87.0,2861,5956
2,88.0,2861,5956
2,89.0,2861,5956
2,90.0,2861,5956
2,91.0,2861,5956
2,92.0,2861,5956
2,93.0,2861,5956
2,94.0,2861,5956
2,95.0,2861,5956
2,96.0,2861,5956
2,97.0,2861,5956
2,98.0,2091,5956
2,99.0,2091,5956
2,100.0,2091,5956
2,101.0,10491,5956
2,102.0,15081,5956
2,103.0,15081,5956
2,104.0,18150,9183
2,105.0,19346,9183
2,106.0,19346,9183
2,107.0,19346,9183
2,108.0,19346,9183
2,109.0,19346,9183
2,110.0,19346,9183
2,111.0,19346,9183
2,112.0,19346,9183
2,113.0,19835,9183
2,114.0,19953,9183
2,115.0,19953,9183
2,116.0,19953,9183
2,117.0,19953,9183
2,118.0,19953,9183
2,119.0,19953,9183
2,120.0,12968,9183
2,121.0,12968,9183
2,122.0,12968,9183
2,123.0,12968,9183
2,124.0,12968,9183
2,125.0,12968,9183
2,126.0,12968,9183
2,127.0,12968,9183
2,128.0,12968,9183
2,129.0,12968,9183
2,130.0,12968,9183
2,131.0,12968,9183
2,132.0,12968,9183
2,133.0,12968,9183
2,134.0,12968,9183
2,135.0,12968,9183
2,136.0,12968,9183
2,137.0,12968,9183
2,138.0,12968,9183
2,139.0,12968,9183
2,140.0,12968,9183
2,141.0,12968,9183
2,142.0,12968,9183
2,143.0,12968,9183
2,144.0,12968,9183
2,145.0,12968,9183
2,146.0,12968,9183
2,147.0,12968,9183
2,148.0,12968,9183
2,149.0,12968,9183
2,150.0,12968,9183
2,151.0,12968,9183
2,152.0,12968,9183
2,153.0,12968,9183
2,154.0,12968,9183
2,155.0,12968,9183
2,156.0,12968,9183
2,157.0,12968,9183
2,158.0,12968,9183
2,159.0,12968,9183
2,160.0,12968,9183
2,161.0,12968,9183
2,162.0,12968,9183
2,163.0,12968,9183
2,164.0,12968,9183
2,165.0,12968,9183
2,166.0,12968,9183
4,1.0,6,501
4,2.0,6,501
4,3.0,6,501
4,4.0,6,501
4,5.0,6,501
4,6.0,6,501
4,7.0,6,501
4,8.0,6,501
4,9.0,6,501
4,10.0,6,501
4,11.0,6,501
4,12.0,6,501
4,13.0,6,501
4,14.0,6,501
4,15.0,6,501
4,16.0,6,501
4,17.0,6,501
4,18.0,6,501
4,19.0,6,501
4,20.0,6,501
4,21.0,6,501
4,22.0,6,501
4,23.0,6,501
4,24.0,6,501
4,25.0,6,501
4,26.0,6,501
4,27.0,11,501
4,28.0,11,501
4,29.0,27,501
4,30.0,27,501
4,31.0,27,501
4,32.0,27,501
4,33.0,27,501
4,34.0,27,501
4,35.0,63,501
4,36.0,63,501
4,37.0,63,501
4,38.0,88,501
4,39.0,88,501
4,40.0,88,501
4,41.0,88,501
4,42.0,88,501
4,43.0,88,501
4,44.0,88,501
4,45.0,88,3507
4,46.0,88,3507
4,47.0,88,3507
4,48.0,146,3507
4,49.0,199,3507
4,50.0,199,3507
4,51.0,199,3507
4,52.0,307,3507
4,53.0,365,3507
4,54.0,379,3507
4,55.0,379,3507
4,56.0,379,3507
4,57.0,379,3507
4,58.0,379,3507
4,59.0,379,3507
4,60.0,379,3507
4,61.0,379,3507
4,62.0,379,3507
4,63.0,379,3507
4,64.0,379,3507
4,65.0,379,3507
4,66.0,379,3507
4,67.0,379,3507
4,68.0,379,3507
4,69.0,717,3507
4,70.0,717,3765
4,71.0,994,3765
4,72.0,994,4012
4,73.0,994,4012
4,74.0,994,4012
4,75.0,994,4012
4,76.0,994,4012
4,77.0,994,4012
4,78.0,994,4012
4,79.0,2472,4012
4,80.0,3292,4012
4,81.0,3292,5894
4,82.0,3292,5894
4,83.0,3292,5894
4,84.0,3292,5894
4,85.0,3292,5894
4,86.0,3292,5894
4,87.0,3151,5894
4,88.0,3151,5894
4,89.0,3151,5894
4,90.0,3151,5894
4,91.0,3151,5894
4,92.0,3151,5894
4,93.0,3151,5894
4,94.0,3151,5894
4,95.0,3151,5894
4,96.0,3151,5894
4,97.0,3151,5894
4,98.0,2306,5894
4,99.0,2306,5894
4,100.0,2306,5894
4,101.0,11529,5894
4,102.0,16666,5894
4,103.0,16666,5894
4,104.0,20036,9169
4,105.0,21345,9169
4,106.0,21345,9169
4,107.0,21345,9169
4,108.0,21345,9169
4,109.0,21345,9169
4,110.0,21345,9169
4,111.0,21345,9169
4,112.0,21345,9169
4,113.0,21870,9169
4,114.0,21983,9169
4,115.0,21983,9169
4,116.0,21983,9169
4,117.0,21983,9169
4,118.0,21983,9169
4,119.0,21983,9169
4,120.0,14043,9169
4,121.0,14043,9169
4,122.0,14043,9169
4,123.0,14043,9169
4,124.0,14043,9169
4,125.0,14043,9169
4,126.0,14043,9169
4,127.0,14043,9169
4,128.0,14043,9169
4,129.0,14043,9169
4,130.0,14043,9169
4,131.0,14043,9169
4,132.0,14043,9169
4,133.0,14043,9169
4,134.0,14043,9169
4,135.0,14043,9169
4,136.0,14043,9169
4,137.0,14043,9169
4,138.0,14043,9169
4,139.0,14043,9169
4,140.0,14043,9169
4,141.0,14043,9169
4,142.0,14043,9169
4,143.0,14043,9169
4,144.0,14043,9169
4,145.0,14043,9169
4,146.0,14043,9169
4,147.0,14043,9169
4,148.0,14043,9169
4,149.0,14043,9169
4,150.0,14043,9169
4,151.0,14043,9169
4,152.0,14043,9169
4,153.0,14043,9169
4,154.0,14043,9169
4,155.0,14043,9169
4,156.0,14043,9169
4,157.0,14043,9169
4,158.0,14043,9169
4,159.0,14043,9169
4,160.0,14043,9169
4,161.0,14043,9169
4,162.0,14043,9169
4,163.0,14043,9169
4,164.0,14043,9169
4,165.0,14043,9169
4,166.0,14043,9169
6,1.0,5,501
6,2.0,5,501
6,3.0,5,501
6,4.0,5,501
6,5.0,5,501
6,6.0,5,501
6,7.0,5,501
6,8.0,5,501
6,9.0,5,501
6,10.0,5,501
6,11.0,5,501
6,12.0,5,501
6,13.0,5,501
6,14.0,5,501
6,15.0,5,501
6,16.0,5,501
6,17.0,5,501
6,18.0,5,501
6,19.0,5,501
6,20.0,5,501
6,21.0,5,501
6,22.0,5,501
6,23.0,5,501
6,24.0,5,501
6,25.0,5,501
6,26.0,5,501
6,27.0,8,501
6,28.0,8,501
6,29.0,16,501
6,30.0,16,501
6,31.0,16,501
6,32.0,16,501
6,33.0,16,501
6,34.0,16,501
6,35.0,46,501
6,36.0,46,501
6,37.0,46,501
6,38.0,68,501
6,39.0,68,501
6,40.0,68,501
6,41.0,68,501
6,42.0,68,501
6,43.0,68,501
6,44.0,68,501
6,45.0,68,3507
6,46.0,68,3507
6,47.0,68,3507
6,48.0,103,3507
6,49.0,138,3507
6,50.0,138,3507
6,51.0,138,3507
6,52.0,198,3507
6,53.0,233,3507
6,54.0,245,3507
6,55.0,245,3507
6,56.0,245,3507
6,57.0,245,3507
6,58.0,245,3507
6,59.0,245,3507
6,60.0,245,3507
6,61.0,245,3507
6,62.0,245,3507
6,63.0,245,3507
6,64.0,245,3507
6,65.0,245,3507
6,66.0,245,3507
6,67.0,245,3507
6,68.0,245,3507
6,69.0,530,3507
6,70.0,530,3768
6,71.0,738,3768
6,72.0,738,4056
6,73.0,738,4056
6,74.0,738,4056
6,75.0,738,4056
6,76.0,738,4056
6,77.0,738,4056
6,78.0,738,4056
6,79.0,1651,4056
6,80.0,2179,4056
6,81.0,2179,4344
6,82.0,2179,4344
6,83.0,2179,4344
6,84.0,2179,4344
6,85.0,2179,4344
6,86.0,2179,4344
6,87.0,2104,4344
6,88.0,2104,4344
6,89.0,2104,4344
6,90.0,2104,4344
6,91.0,2104,4344
6,92.0,2104,4344
6,93.0,2104,4344
6,94.0,2104,4344
6,95.0,2104,4344
6,96.0,2104,4344
6,97.0,2104,4344
6,98.0,1542,4344
6,99.0,1542,4344
6,100.0,1542,4344
6,101.0,7649,4344
6,102.0,11125,4344
6,103.0,11125,4344
6,104.0,15194,6743
6,105.0,17595,6743
6,106.0,17595,6743
6,107.0,17595,6743
6,108.0,17595,6743
6,109.0,17595,6743
6,110.0,17595,6743
6,111.0,17595,6743
6,112.0,17595,6743
6,113.0,17963,6743
6,114.0,18043,6743
6,115.0,18043,6743
6,116.0,18043,6743
6,117.0,18043,6743
6,118.0,18043,6743
6,119.0,18043,6743
6,120.0,11747,6743
6,121.0,11747,6743
6,122.0,11747,6743
6,123.0,11747,6743
6,124.0,11747,6743
6,125.0,11747,6743
6,126.0,11747,6743
6,127.0,11747,6743
6,128.0,11747,6743
6,129.0,11747,6743
6,130.0,11747,6743
6,131.0,11747,6743
6,132.0,11747,6743
6,133.0,11747,6743
6,134.0,11747,6743
6,135.0,11747,6743
6,136.0,11747,6743
6,137.0,11747,6743
6,138.0,11747,6743
6,139.0,11747,6743
6,140.0,11747,6743
6,141.0,11747,6743
6,142.0,11747,6743
6,143.0,11747,6743
6,144.0,11747,6743
6,145.0,11747,6743
6,146.0,11747,6743
6,147.0,11747,6743
6,148.0,11747,6743
6,149.0,11747,6743
6,150.0,11747,6743
6,151.0,11747,6743
6,152.0,11747,6743
6,153.0,11747,6743
6,154.0,11747,6743
6,155.0,11747,6743
6,156.0,11747,6743
6,157.0,11747,6743
6,158.0,11747,6743
6,159.0,11747,6743
6,160.0,11747,6743
6,161.0,11747,6743
6,162.0,11747,6743
6,163.0,11747,6743
6,164.0,11747,6743
6,165.0,11747,6743
6,166.0,11747,6743
8,1.0,5,501
8,2.0,6,501
8,3.0,6,501
8,4.0,6,501
8,5.0,6,501
8,6.0,6,501
8,7.0,6,501
8,8.0,6,501
8,9.0,6,501
8,10.0,6,501
8,11.0,6,501
8,12.0,6,501
8,13.0,6,501
8,14.0,6,501
8,15.0,6,501
8,16.0,6,501
8,17.0,6,501
8,18.0,6,501
8,19.0,6,501
8,20.0,6,501
8,21.0,6,501
8,22.0,6,501
8,23.0,6,501
8,24.0,6,501
8,25.0,6,501
8,26.0,6,501
8,27.0,14,501
8,28.0,14,501
8,29.0,30,501
8,30.0,30,501
8,31.0,30,501
8,32.0,30,501
8,33.0,30,501
8,34.0,30,501
8,35.0,66,501
8,36.0,66,501
8,37.0,66,501
8,38.0,92,501
8,39.0,92,501
8,40.0,92,501
8,41.0,92,501
8,42.0,92,501
8,43.0,92,501
8,44.0,92,501
8,45.0,92,3507
8,46.0,92,3507
8,47.0,92,3507
8,48.0,183,3507
8,49.0,255,3507
8,50.0,255,3507
8,51.0,255,3507
8,52.0,371,3507
8,53.0,438,3507
8,54.0,451,3507
8,55.0,451,3507
8,56.0,451,3507
8,57.0,451,3507
8,58.0,451,3507
8,59.0,451,3507
8,60.0,451,3507
8,61.0,451,3507
8,62.0,451,3507
8,63.0,451,3507
8,64.0,451,3507
8,65.0,451,3507
8,66.0,451,3507
8,67.0,451,3507
8,68.0,451,3507
8,69.0,827,3507
8,70.0,827,3789
8,71.0,1110,3789
8,72.0,1110,5729
8,73.0,1110,5729
8,74.0,1110,5729
8,75.0,1110,5729
8,76.0,1110,5729
8,77.0,1110,5729
8,78.0,1110,5729
8,79.0,2883,5729
8,80.0,3903,5729
8,81.0,3903,7676
8,82.0,3903,7676
8,83.0,3903,7676
8,84.0,3903,7676
8,85.0,3903,7676
8,86.0,3903,7676
8,87.0,3731,7676
8,88.0,3731,7676
8,89.0,3731,7676
8,90.0,3731,7676
8,91.0,3731,7676
8,92.0,3731,7676
8,93.0,3731,7676
8,94.0,3731,7676
8,95.0,3731,7676
8,96.0,3731,7676
8,97.0,3731,7676
8,98.0,2774,7676
8,99.0,2774,7676
8,100.0,2774,7676
8,101.0,13828,7676
8,102.0,19981,7676
8,103.0,19981,7676
8,104.0,27379,11857
8,105.0,31789,11857
8,106.0,31789,11857
8,107.0,31789,11857
8,108.0,31789,11857
8,109.0,31789,11857
8,110.0,31789,11857
8,111.0,31789,11857
8,112.0,31789,11857
8,113.0,32415,11857
8,114.0,32549,11857
8,115.0,32549,11857
8,116.0,32549,11857
8,117.0,32549,11857
8,118.0,32549,11857
8,119.0,32549,11857
8,120.0,21062,11857
8,121.0,21062,11857
8,122.0,21062,11857
8,123.0,21062,11857
8,124.0,21062,11857
8,125.0,21062,11857
8,126.0,21062,11857
8,127.0,21062,11857
8,128.0,21062,11857
8,129.0,21062,11857
8,130.0,21062,11857
8,131.0,21062,11857
8,132.0,21062,11857
8,133.0,21062,11857
8,134.0,21062,11857
8,135.0,21062,11857
8,136.0,21062,11857
8,137.0,21062,11857
8,138.0,21062,11857
8,139.0,21062,11857
8,140.0,21062,11857
8,141.0,21062,11857
8,142.0,21062,11857
8,143.0,21062,11857
8,144.0,21062,11857
8,145.0,21062,11857
8,146.0,21062,11857
8,147.0,21062,11857
8,148.0,21062,11857
8,149.0,21062,11857
8,150.0,21062,11857
8,151.0,21062,11857
8,152.0,21062,11857
8,153.0,21062,11857
8,154.0,21062,11857
8,155.0,21062,11857
8,156.0,21062,11857
8,157.0,21062,11857
8,158.0,21062,11857
8,159.0,21062,11857
8,160.0,21062,11857
8,161.0,21062,11857
8,162.0,21062,11857
8,163.0,21062,11857
8,164.0,21062,11857
8,165.0,21062,11857
8,166.0,21062,11857
10,1.0,6,501
10,2.0,6,501
10,3.0,6,501
10,4.0,6,501
10,5.0,6,501
10,6.0,6,501
10,7.0,6,501
10,8.0,6,501
10,9.0,6,501
10,10.0,6,501
10,11.0,6,501
10,12.0,6,501
10,13.0,6,501
10,14.0,6,501
10,15.0,6,501
10,16.0,6,501
10,17.0,6,501
10,18.0,6,501
10,19.0,6,501
10,20.0,6,501
10,21.0,6,501
10,22.0,6,501
10,23.0,6,501
10,24.0,6,501
10,25.0,6,501
10,26.0,6,501
10,27.0,8,501
10,28.0,8,501
10,29.0,19,501
10,30.0,19,501
10,31.0,19,501
10,32.0,19,501
10,33.0,19,501
10,34.0,19,501
10,35.0,55,501
10,36.0,55,501
10,37.0,55,501
10,38.0,79,501
10,39.0,79,501
10,40.0,79,501
10,41.0,79,501
10,42.0,79,501
10,43.0,79,501
10,44.0,79,501
10,45.0,79,3507
10,46.0,79,3507
10,47.0,79,3507
10,48.0,117,3507
10,49.0,142,3507
10,50.0,142,3507
10,51.0,142,3507
10,52.0,227,3507
10,53.0,267,3507
10,54.0,278,3507
10,55.0,278,3507
10,56.0,278,3507
10,57.0,278,3507
10,58.0,278,3507
10,59.0,278,3507
10,60.0,278,3507
10,61.0,278,3507
10,62.0,278,3507
10,63.0,278,3507
10,64.0,278,3507
10,65.0,278,3507
10,66.0,278,3507
10,67.0,278,3507
10,68.0,278,3507
10,69.0,594,3507
10,70.0,594,3786
10,71.0,847,3786
10,72.0,847,4041
10,73.0,847,4041
10,74.0,847,4041
10,75.0,847,4041
10,76.0,847,4041
10,77.0,847,4041
10,78.0,847,4041
10,79.0,1849,4041
10,80.0,2421,4041
10,81.0,2421,4319
10,82.0,2421,4319
10,83.0,2421,4319
10,84.0,2421,4319
10,85.0,2421,4319
10,86.0,2421,4319
10,87.0,2330,4319
10,88.0,2330,4319
10,89.0,2330,4319
10,90.0,2330,4319
10,91.0,2330,4319
10,92.0,2330,4319
10,93.0,2330,4319
10,94.0,2330,4319
10,95.0,2330,4319
10,96.0,2330,4319
10,97.0,2330,4319
10,98.0,1720,4319
10,99.0,1720,4319
10,100.0,1720,4319
10,101.0,8636,4319
10,102.0,12380,4319
10,103.0,12380,4319
10,104.0,14924,6612
10,105.0,15908,6612
10,106.0,15908,6612
10,107.0,15908,6612
10,108.0,15908,6612
10,109.0,15908,6612
10,110.0,15908,6612
10,111.0,15908,6612
10,112.0,15908,6612
10,113.0,16272,6612
10,114.0,16364,6612
10,115.0,16364,6612
10,116.0,16364,6612
10,117.0,16364,6612
10,118.0,16364,6612
10,119.0,16364,6612
10,120.0,10567,6612
10,121.0,10567,6612
10,122.0,10567,6612
10,123.0,10567,6612
10,124.0,10567,6612
10,125.0,10567,6612
10,126.0,10567,6612
10,127.0,10567,6612
10,128.0,10567,6612
10,129.0,10567,6612
10,130.0,10567,6612
10,131.0,10567,6612
10,132.0,10567,6612
10,133.0,10567,6612
10,134.0,10567,6612
10,135.0,10567,6612
10,136.0,10567,6612
10,137.0,10567,6612
10,138.0,10567,6612
10,139.0,10567,6612
10,140.0,10567,6612
10,141.0,10567,6612
10,142.0,10567,6612
10,143.0,10567,6612
10,144.0,10567,6612
10,145.0,10567,6612
10,146.0,10567,6612
10,147.0,10567,6612
10,148.0,10567,6612
10,149.0,10567,6612
10,150.0,10567,6612
10,151.0,10567,6612
10,152.0,10567,6612
10,153.0,10567,6612
10,154.0,10567,6612
10,155.0,10567,6612
10,156.0,10567,6612
10,157.0,10567,6612
10,158.0,10567,6612
10,159.0,10567,6612
10,160.0,10567,6612
10,161.0,10567,6612
10,162.0,10567,6612
10,163.0,10567,6612
10,164.0,10567,6612
10,165.0,10567,6612
10,166.0,10567,6612
