"run","tick","GRCount","STCount"
1,1.0,20,501
1,2.0,20,501
1,3.0,20,501
1,4.0,20,501
1,5.0,20,501
1,6.0,20,501
1,7.0,20,501
1,8.0,20,501
1,9.0,20,501
1,10.0,20,501
1,11.0,20,501
1,12.0,20,501
1,13.0,20,501
1,14.0,20,501
1,15.0,20,501
1,16.0,20,501
1,17.0,20,501
1,18.0,20,501
1,19.0,20,501
1,20.0,20,501
1,21.0,20,501
1,22.0,20,501
1,23.0,20,501
1,24.0,20,501
1,25.0,20,501
1,26.0,20,501
1,27.0,28,501
1,28.0,28,501
1,29.0,50,501
1,30.0,50,501
1,31.0,50,501
1,32.0,50,501
1,33.0,50,501
1,34.0,50,501
1,35.0,110,501
1,36.0,110,501
1,37.0,110,501
1,38.0,170,501
1,39.0,170,501
1,40.0,170,501
1,41.0,170,501
1,42.0,170,501
1,43.0,170,501
1,44.0,170,501
1,45.0,170,3507
1,46.0,170,3507
1,47.0,170,3507
1,48.0,283,3507
1,49.0,327,3507
1,50.0,327,3507
1,51.0,327,3507
1,52.0,477,3507
1,53.0,527,3507
1,54.0,527,3507
1,55.0,598,3507
1,56.0,598,3507
1,57.0,598,3507
1,58.0,598,3507
1,59.0,598,3507
1,60.0,788,3507
1,61.0,788,3507
1,62.0,919,3507
1,63.0,919,3507
1,64.0,919,3507
1,65.0,919,3507
1,66.0,919,3507
1,67.0,919,3507
1,68.0,919,3507
1,69.0,1429,3507
1,70.0,1429,3780
1,71.0,1769,3780
1,72.0,1769,5723
1,73.0,1769,5723
1,74.0,1769,5723
1,75.0,1769,5723
1,76.0,1769,5723
1,77.0,1769,5723
1,78.0,1769,5723
1,79.0,1769,5723
1,80.0,1769,5723
1,81.0,1769,5723
1,82.0,1769,5723
1,83.0,1769,5723
1,84.0,1769,5723
1,85.0,1769,5723
1,86.0,1769,5723
1,87.0,1568,5723
1,88.0,1568,5723
1,89.0,1568,5723
1,90.0,1568,5723
1,91.0,1568,5723
1,92.0,1568,5723
1,93.0,1568,5723
1,94.0,1568,5723
1,95.0,1568,5723
1,96.0,1568,5723
1,97.0,1568,5723
1,98.0,991,5723
1,99.0,991,5723
1,100.0,991,5723
1,101.0,991,5723
1,102.0,991,5723
1,103.0,991,5723
1,104.0,388,5723
1,105.0,388,5723
1,106.0,388,5723
1,107.0,388,5723
1,108.0,388,5723
1,109.0,388,5723
1,110.0,388,5723
1,111.0,388,5723
1,112.0,388,5723
1,113.0,388,5723
1,114.0,388,5723
1,115.0,388,5723
1,116.0,388,5723
1,117.0,388,5723
1,118.0,388,5723
1,119.0,388,5723
1,120.0,0,5723
1,121.0,0,5723
1,122.0,0,5723
1,123.0,0,5723
1,124.0,0,5723
1,125.0,0,5723
1,126.0,0,5723
1,127.0,0,5723
1,128.0,0,5723
1,129.0,0,5723
1,130.0,0,5723
1,131.0,0,5723
1,132.0,0,5723
1,133.0,0,5723
1,134.0,0,5723
1,135.0,0,5723
1,136.0,0,5723
1,137.0,0,5723
1,138.0,0,5723
1,139.0,0,5723
1,140.0,0,5723
1,141.0,0,5723
1,142.0,0,5723
1,143.0,0,5723
1,144.0,0,5723
1,145.0,0,5723
1,146.0,0,5723
1,147.0,0,5723
1,148.0,0,5723
1,149.0,0,5723
1,150.0,0,5723
1,151.0,0,5723
1,152.0,0,5723
1,153.0,0,5723
1,154.0,0,5723
1,155.0,0,5723
1,156.0,0,5723
1,157.0,0,5723
1,158.0,0,5723
1,159.0,0,5723
1,160.0,0,5723
1,161.0,0,5723
1,162.0,0,5723
1,163.0,0,5723
1,164.0,0,5723
1,165.0,0,5723
1,166.0,0,5723
3,1.0,20,501
3,2.0,20,501
3,3.0,20,501
3,4.0,20,501
3,5.0,20,501
3,6.0,20,501
3,7.0,20,501
3,8.0,20,501
3,9.0,20,501
3,10.0,20,501
3,11.0,20,501
3,12.0,20,501
3,13.0,20,501
3,14.0,20,501
3,15.0,20,501
3,16.0,20,501
3,17.0,20,501
3,18.0,20,501
3,19.0,20,501
3,20.0,20,501
3,21.0,20,501
3,22.0,20,501
3,23.0,20,501
3,24.0,20,501
3,25.0,20,501
3,26.0,20,501
3,27.0,27,501
3,28.0,27,501
3,29.0,53,501
3,30.0,53,501
3,31.0,53,501
3,32.0,53,501
3,33.0,53,501
3,34.0,53,501
3,35.0,113,501
3,36.0,113,501
3,37.0,113,501
3,38.0,173,501
3,39.0,173,501
3,40.0,173,501
3,41.0,173,501
3,42.0,173,501
3,43.0,173,501
3,44.0,173,501
3,45.0,173,3507
3,46.0,173,3507
3,47.0,173,3507
3,48.0,294,3507
3,49.0,347,3507
3,50.0,347,3507
3,51.0,347,3507
3,52.0,506,3507
3,53.0,559,3507
3,54.0,559,3507
3,55.0,633,3507
3,56.0,633,3507
3,57.0,633,3507
3,58.0,633,3507
3,59.0,633,3507
3,60.0,841,3507
3,61.0,841,3507
3,62.0,975,3507
3,63.0,975,3507
3,64.0,975,3507
3,65.0,975,3507
3,66.0,975,3507
3,67.0,975,3507
3,68.0,975,3507
3,69.0,1038,3507
3,70.0,1038,3758
3,71.0,1077,3758
3,72.0,1077,4052
3,73.0,1077,4052
3,74.0,1077,4052
3,75.0,1077,4052
3,76.0,1077,4052
3,77.0,975,4052
3,78.0,975,4052
3,79.0,975,4052
3,80.0,975,4052
3,81.0,975,4052
3,82.0,975,4052
3,83.0,975,4052
3,84.0,975,4052
3,85.0,975,4052
3,86.0,975,4052
3,87.0,763,4052
3,88.0,763,4052
3,89.0,763,4052
3,90.0,763,4052
3,91.0,763,4052
3,92.0,763,4052
3,93.0,763,4052
3,94.0,763,4052
3,95.0,763,4052
3,96.0,763,4052
3,97.0,763,4052
3,98.0,421,4052
3,99.0,421,4052
3,100.0,421,4052
3,101.0,421,4052
3,102.0,421,4052
3,103.0,421,4052
3,104.0,105,4052
3,105.0,105,4052
3,106.0,105,4052
3,107.0,105,4052
3,108.0,105,4052
3,109.0,105,4052
3,110.0,105,4052
3,111.0,105,4052
3,112.0,105,4052
3,113.0,105,4052
3,114.0,105,4052
3,115.0,105,4052
3,116.0,105,4052
3,117.0,105,4052
3,118.0,105,4052
3,119.0,105,4052
3,120.0,0,4052
3,121.0,0,4052
3,122.0,0,4052
3,123.0,0,4052
3,124.0,0,4052
3,125.0,0,4052
3,126.0,0,4052
3,127.0,0,4052
3,128.0,0,4052
3,129.0,0,4052
3,130.0,0,4052
3,131.0,0,4052
3,132.0,0,4052
3,133.0,0,4052
3,134.0,0,4052
3,135.0,0,4052
3,136.0,0,4052
3,137.0,0,4052
3,138.0,0,4052
3,139.0,0,4052
3,140.0,0,4052
3,141.0,0,4052
3,142.0,0,4052
3,143.0,0,4052
3,144.0,0,4052
3,145.0,0,4052
3,146.0,0,4052
3,147.0,0,4052
3,148.0,0,4052
3,149.0,0,4052
3,150.0,0,4052
3,151.0,0,4052
3,152.0,0,4052
3,153.0,0,4052
3,154.0,0,4052
3,155.0,0,4052
3,156.0,0,4052
3,157.0,0,4052
3,158.0,0,4052
3,159.0,0,4052
3,160.0,0,4052
3,161.0,0,4052
3,162.0,0,4052
3,163.0,0,4052
3,164.0,0,4052
3,165.0,0,4052
3,166.0,0,4052
5,1.0,20,501
5,2.0,20,501
5,3.0,20,501
5,4.0,20,501
5,5.0,20,501
5,6.0,20,501
5,7.0,20,501
5,8.0,20,501
5,9.0,20,501
5,10.0,20,501
5,11.0,20,501
5,12.0,20,501
5,13.0,20,501
5,14.0,20,501
5,15.0,20,501
5,16.0,20,501
5,17.0,20,501
5,18.0,20,501
5,19.0,20,501
5,20.0,20,501
5,21.0,20,501
5,22.0,20,501
5,23.0,20,501
5,24.0,20,501
5,25.0,20,501
5,26.0,20,501
5,27.0,23,501
5,28.0,23,501
5,29.0,41,501
5,30.0,41,501
5,31.0,41,501
5,32.0,41,501
5,33.0,41,501
5,34.0,41,501
5,35.0,101,501
5,36.0,101,501
5,37.0,101,501
5,38.0,161,501
5,39.0,161,501
5,40.0,161,501
5,41.0,161,501
5,42.0,161,501
5,43.0,161,501
5,44.0,161,501
5,45.0,161,3507
5,46.0,161,3507
5,47.0,161,3507
5,48.0,254,3507
5,49.0,295,3507
5,50.0,295,3507
5,51.0,295,3507
5,52.0,418,3507
5,53.0,459,3507
5,54.0,459,3507
5,55.0,509,3507
5,56.0,509,3507
5,57.0,509,3507
5,58.0,509,3507
5,59.0,509,3507
5,60.0,705,3507
5,61.0,705,3507
5,62.0,815,3507
5,63.0,815,3507
5,64.0,815,3507
5,65.0,815,3507
5,66.0,815,3507
5,67.0,815,3507
5,68.0,815,3507
5,69.0,1298,3507
5,70.0,1298,3793
5,71.0,1620,3793
5,72.0,1620,4062
5,73.0,1620,4062
5,74.0,1620,4062
5,75.0,1620,4062
5,76.0,1620,4062
5,77.0,815,4062
5,78.0,815,4062
5,79.0,815,4062
5,80.0,815,4062
5,81.0,815,4062
5,82.0,815,4062
5,83.0,815,4062
5,84.0,815,4062
5,85.0,815,4062
5,86.0,815,4062
5,87.0,638,4062
5,88.0,638,4062
5,89.0,638,4062
5,90.0,638,4062
5,91.0,638,4062
5,92.0,638,4062
5,93.0,638,4062
5,94.0,638,4062
5,95.0,638,4062
5,96.0,638,4062
5,97.0,638,4062
5,98.0,374,4062
5,99.0,374,4062
5,100.0,374,4062
5,101.0,374,4062
5,102.0,374,4062
5,103.0,374,4062
5,104.0,106,4062
5,105.0,106,4062
5,106.0,106,4062
5,107.0,106,4062
5,108.0,106,4062
5,109.0,106,4062
5,110.0,106,4062
5,111.0,106,4062
5,112.0,106,4062
5,113.0,106,4062
5,114.0,106,4062
5,115.0,106,4062
5,116.0,106,4062
5,117.0,106,4062
5,118.0,106,4062
5,119.0,106,4062
5,120.0,0,4062
5,121.0,0,4062
5,122.0,0,4062
5,123.0,0,4062
5,124.0,0,4062
5,125.0,0,4062
5,126.0,0,4062
5,127.0,0,4062
5,128.0,0,4062
5,129.0,0,4062
5,130.0,0,4062
5,131.0,0,4062
5,132.0,0,4062
5,133.0,0,4062
5,134.0,0,4062
5,135.0,0,4062
5,136.0,0,4062
5,137.0,0,4062
5,138.0,0,4062
5,139.0,0,4062
5,140.0,0,4062
5,141.0,0,4062
5,142.0,0,4062
5,143.0,0,4062
5,144.0,0,4062
5,145.0,0,4062
5,146.0,0,4062
5,147.0,0,4062
5,148.0,0,4062
5,149.0,0,4062
5,150.0,0,4062
5,151.0,0,4062
5,152.0,0,4062
5,153.0,0,4062
5,154.0,0,4062
5,155.0,0,4062
5,156.0,0,4062
5,157.0,0,4062
5,158.0,0,4062
5,159.0,0,4062
5,160.0,0,4062
5,161.0,0,4062
5,162.0,0,4062
5,163.0,0,4062
5,164.0,0,4062
5,165.0,0,4062
5,166.0,0,4062
7,1.0,20,501
7,2.0,20,501
7,3.0,20,501
7,4.0,20,501
7,5.0,20,501
7,6.0,20,501
7,7.0,20,501
7,8.0,20,501
7,9.0,20,501
7,10.0,20,501
7,11.0,20,501
7,12.0,20,501
7,13.0,20,501
7,14.0,20,501
7,15.0,20,501
7,16.0,20,501
7,17.0,20,501
7,18.0,20,501
7,19.0,20,501
7,20.0,20,501
7,21.0,20,501
7,22.0,20,501
7,23.0,20,501
7,24.0,20,501
7,25.0,20,501
7,26.0,20,501
7,27.0,27,501
7,28.0,27,501
7,29.0,45,501
7,30.0,45,501
7,31.0,45,501
7,32.0,45,501
7,33.0,45,501
7,34.0,45,501
7,35.0,105,501
7,36.0,105,501
7,37.0,105,501
7,38.0,165,501
7,39.0,165,501
7,40.0,165,501
7,41.0,165,501
7,42.0,165,501
7,43.0,165,501
7,44.0,165,501
7,45.0,165,3507
7,46.0,165,3507
7,47.0,165,3507
7,48.0,278,3507
7,49.0,323,3507
7,50.0,323,3507
7,51.0,323,3507
7,52.0,458,3507
7,53.0,503,3507
7,54.0,503,3507
7,55.0,569,3507
7,56.0,569,3507
7,57.0,569,3507
7,58.0,569,3507
7,59.0,569,3507
7,60.0,755,3507
7,61.0,755,3507
7,62.0,881,3507
7,63.0,881,3507
7,64.0,881,3507
7,65.0,881,3507
7,66.0,881,3507
7,67.0,881,3507
7,68.0,881,3507
7,69.0,1376,3507
7,70.0,1376,3804
7,71.0,1706,3804
7,72.0,1706,4085
7,73.0,1706,4085
7,74.0,1706,4085
7,75.0,1706,4085
7,76.0,1706,4085
7,77.0,881,4085
7,78.0,881,4085
7,79.0,881,4085
7,80.0,881,4085
7,81.0,881,4085
7,82.0,881,4085
7,83.0,881,4085
7,84.0,881,4085
7,85.0,881,4085
7,86.0,881,4085
7,87.0,700,4085
7,88.0,700,4085
7,89.0,700,4085
7,90.0,700,4085
7,91.0,700,4085
7,92.0,700,4085
7,93.0,700,4085
7,94.0,700,4085
7,95.0,700,4085
7,96.0,700,4085
7,97.0,700,4085
7,98.0,393,4085
7,99.0,393,4085
7,100.0,393,4085
7,101.0,393,4085
7,102.0,393,4085
7,103.0,393,4085
7,104.0,100,4085
7,105.0,100,4085
7,106.0,100,4085
7,107.0,100,4085
7,108.0,100,4085
7,109.0,100,4085
7,110.0,100,4085
7,111.0,100,4085
7,112.0,100,4085
7,113.0,100,4085
7,114.0,100,4085
7,115.0,100,4085
7,116.0,100,4085
7,117.0,100,4085
7,118.0,100,4085
7,119.0,100,4085
7,120.0,0,4085
7,121.0,0,4085
7,122.0,0,4085
7,123.0,0,4085
7,124.0,0,4085
7,125.0,0,4085
7,126.0,0,4085
7,127.0,0,4085
7,128.0,0,4085
7,129.0,0,4085
7,130.0,0,4085
7,131.0,0,4085
7,132.0,0,4085
7,133.0,0,4085
7,134.0,0,4085
7,135.0,0,4085
7,136.0,0,4085
7,137.0,0,4085
7,138.0,0,4085
7,139.0,0,4085
7,140.0,0,4085
7,141.0,0,4085
7,142.0,0,4085
7,143.0,0,4085
7,144.0,0,4085
7,145.0,0,4085
7,146.0,0,4085
7,147.0,0,4085
7,148.0,0,4085
7,149.0,0,4085
7,150.0,0,4085
7,151.0,0,4085
7,152.0,0,4085
7,153.0,0,4085
7,154.0,0,4085
7,155.0,0,4085
7,156.0,0,4085
7,157.0,0,4085
7,158.0,0,4085
7,159.0,0,4085
7,160.0,0,4085
7,161.0,0,4085
7,162.0,0,4085
7,163.0,0,4085
7,164.0,0,4085
7,165.0,0,4085
7,166.0,0,4085
9,1.0,20,501
9,2.0,20,501
9,3.0,20,501
9,4.0,20,501
9,5.0,20,501
9,6.0,20,501
9,7.0,20,501
9,8.0,20,501
9,9.0,20,501
9,10.0,20,501
9,11.0,20,501
9,12.0,20,501
9,13.0,20,501
9,14.0,20,501
9,15.0,20,501
9,16.0,20,501
9,17.0,20,501
9,18.0,20,501
9,19.0,20,501
9,20.0,20,501
9,21.0,20,501
9,22.0,20,501
9,23.0,20,501
9,24.0,20,501
9,25.0,20,501
9,26.0,20,501
9,27.0,28,501
9,28.0,28,501
9,29.0,52,501
9,30.0,52,501
9,31.0,52,501
9,32.0,52,501
9,33.0,52,501
9,34.0,52,501
9,35.0,112,501
9,36.0,112,501
9,37.0,112,501
9,38.0,172,501
9,39.0,172,501
9,40.0,172,501
9,41.0,172,501
9,42.0,172,501
9,43.0,172,501
9,44.0,172,501
9,45.0,172,3507
9,46.0,172,3507
9,47.0,172,3507
9,48.0,296,3507
9,49.0,348,3507
9,50.0,348,3507
9,51.0,348,3507
9,52.0,504,3507
9,53.0,556,3507
9,54.0,556,3507
9,55.0,632,3507
9,56.0,632,3507
9,57.0,632,3507
9,58.0,632,3507
9,59.0,632,3507
9,60.0,826,3507
9,61.0,826,3507
9,62.0,962,3507
9,63.0,962,3507
9,64.0,962,3507
9,65.0,962,3507
9,66.0,962,3507
9,67.0,962,3507
9,68.0,962,3507
9,69.0,1478,3507
9,70.0,1478,3773
9,71.0,1822,3773
9,72.0,1822,4051
9,73.0,1822,4051
9,74.0,1822,4051
9,75.0,1822,4051
9,76.0,1822,4051
9,77.0,1822,4051
9,78.0,1822,4051
9,79.0,1822,4051
9,80.0,1822,4051
9,81.0,1822,4051
9,82.0,1822,4051
9,83.0,1822,4051
9,84.0,1822,4051
9,85.0,1822,4051
9,86.0,1822,4051
9,87.0,1610,4051
9,88.0,1610,4051
9,89.0,1610,4051
9,90.0,1610,4051
9,91.0,1610,4051
9,92.0,1610,4051
9,93.0,1610,4051
9,94.0,1610,4051
9,95.0,1610,4051
9,96.0,1610,4051
9,97.0,1610,4051
9,98.0,1002,4051
9,99.0,1002,4051
9,100.0,1002,4051
9,101.0,1002,4051
9,102.0,1002,4051
9,103.0,1002,4051
9,104.0,403,4051
9,105.0,403,4051
9,106.0,403,4051
9,107.0,403,4051
9,108.0,403,4051
9,109.0,403,4051
9,110.0,403,4051
9,111.0,403,4051
9,112.0,403,4051
9,113.0,403,4051
9,114.0,403,4051
9,115.0,403,4051
9,116.0,403,4051
9,117.0,403,4051
9,118.0,403,4051
9,119.0,403,4051
9,120.0,0,4051
9,121.0,0,4051
9,122.0,0,4051
9,123.0,0,4051
9,124.0,0,4051
9,125.0,0,4051
9,126.0,0,4051
9,127.0,0,4051
9,128.0,0,4051
9,129.0,0,4051
9,130.0,0,4051
9,131.0,0,4051
9,132.0,0,4051
9,133.0,0,4051
9,134.0,0,4051
9,135.0,0,4051
9,136.0,0,4051
9,137.0,0,4051
9,138.0,0,4051
9,139.0,0,4051
9,140.0,0,4051
9,141.0,0,4051
9,142.0,0,4051
9,143.0,0,4051
9,144.0,0,4051
9,145.0,0,4051
9,146.0,0,4051
9,147.0,0,4051
9,148.0,0,4051
9,149.0,0,4051
9,150.0,0,4051
9,151.0,0,4051
9,152.0,0,4051
9,153.0,0,4051
9,154.0,0,4051
9,155.0,0,4051
9,156.0,0,4051
9,157.0,0,4051
9,158.0,0,4051
9,159.0,0,4051
9,160.0,0,4051
9,161.0,0,4051
9,162.0,0,4051
9,163.0,0,4051
9,164.0,0,4051
9,165.0,0,4051
9,166.0,0,4051
2,1.0,20,501
2,2.0,20,501
2,3.0,20,501
2,4.0,20,501
2,5.0,20,501
2,6.0,20,501
2,7.0,20,501
2,8.0,20,501
2,9.0,20,501
2,10.0,20,501
2,11.0,20,501
2,12.0,20,501
2,13.0,20,501
2,14.0,20,501
2,15.0,20,501
2,16.0,20,501
2,17.0,20,501
2,18.0,20,501
2,19.0,20,501
2,20.0,20,501
2,21.0,20,501
2,22.0,20,501
2,23.0,20,501
2,24.0,20,501
2,25.0,20,501
2,26.0,20,501
2,27.0,30,501
2,28.0,30,501
2,29.0,55,501
2,30.0,55,501
2,31.0,55,501
2,32.0,55,501
2,33.0,55,501
2,34.0,55,501
2,35.0,115,501
2,36.0,115,501
2,37.0,115,501
2,38.0,175,501
2,39.0,175,501
2,40.0,175,501
2,41.0,175,501
2,42.0,175,501
2,43.0,175,501
2,44.0,175,501
2,45.0,175,3507
2,46.0,175,3507
2,47.0,175,3507
2,48.0,293,3507
2,49.0,343,3507
2,50.0,343,3507
2,51.0,343,3507
2,52.0,508,3507
2,53.0,563,3507
2,54.0,563,3507
2,55.0,636,3507
2,56.0,636,3507
2,57.0,636,3507
2,58.0,636,3507
2,59.0,636,3507
2,60.0,842,3507
2,61.0,842,3507
2,62.0,975,3507
2,63.0,975,3507
2,64.0,975,3507
2,65.0,975,3507
2,66.0,975,3507
2,67.0,975,3507
2,68.0,975,3507
2,69.0,1500,3507
2,70.0,1500,3765
2,71.0,1850,3765
2,72.0,1850,4033
2,73.0,1850,4033
2,74.0,1850,4033
2,75.0,1850,4033
2,76.0,1850,4033
2,77.0,1500,4033
2,78.0,1500,4033
2,79.0,1500,4033
2,80.0,1500,4033
2,81.0,1500,4033
2,82.0,1500,4033
2,83.0,1500,4033
2,84.0,1500,4033
2,85.0,1500,4033
2,86.0,1500,4033
2,87.0,1287,4033
2,88.0,1287,4033
2,89.0,1287,4033
2,90.0,1287,4033
2,91.0,1287,4033
2,92.0,1287,4033
2,93.0,1287,4033
2,94.0,1287,4033
2,95.0,1287,4033
2,96.0,1287,4033
2,97.0,1287,4033
2,98.0,765,4033
2,99.0,765,4033
2,100.0,765,4033
2,101.0,765,4033
2,102.0,765,4033
2,103.0,765,4033
2,104.0,289,4033
2,105.0,289,4033
2,106.0,289,4033
2,107.0,289,4033
2,108.0,289,4033
2,109.0,289,4033
2,110.0,289,4033
2,111.0,289,4033
2,112.0,289,4033
2,113.0,289,4033
2,114.0,289,4033
2,115.0,289,4033
2,116.0,289,4033
2,117.0,289,4033
2,118.0,289,4033
2,119.0,289,4033
2,120.0,0,4033
2,121.0,0,4033
2,122.0,0,4033
2,123.0,0,4033
2,124.0,0,4033
2,125.0,0,4033
2,126.0,0,4033
2,127.0,0,4033
2,128.0,0,4033
2,129.0,0,4033
2,130.0,0,4033
2,131.0,0,4033
2,132.0,0,4033
2,133.0,0,4033
2,134.0,0,4033
2,135.0,0,4033
2,136.0,0,4033
2,137.0,0,4033
2,138.0,0,4033
2,139.0,0,4033
2,140.0,0,4033
2,141.0,0,4033
2,142.0,0,4033
2,143.0,0,4033
2,144.0,0,4033
2,145.0,0,4033
2,146.0,0,4033
2,147.0,0,4033
2,148.0,0,4033
2,149.0,0,4033
2,150.0,0,4033
2,151.0,0,4033
2,152.0,0,4033
2,153.0,0,4033
2,154.0,0,4033
2,155.0,0,4033
2,156.0,0,4033
2,157.0,0,4033
2,158.0,0,4033
2,159.0,0,4033
2,160.0,0,4033
2,161.0,0,4033
2,162.0,0,4033
2,163.0,0,4033
2,164.0,0,4033
2,165.0,0,4033
2,166.0,0,4033
4,1.0,20,501
4,2.0,20,501
4,3.0,20,501
4,4.0,20,501
4,5.0,20,501
4,6.0,20,501
4,7.0,20,501
4,8.0,20,501
4,9.0,20,501
4,10.0,20,501
4,11.0,20,501
4,12.0,20,501
4,13.0,20,501
4,14.0,20,501
4,15.0,20,501
4,16.0,20,501
4,17.0,20,501
4,18.0,20,501
4,19.0,20,501
4,20.0,20,501
4,21.0,20,501
4,22.0,20,501
4,23.0,20,501
4,24.0,20,501
4,25.0,20,501
4,26.0,20,501
4,27.0,26,501
4,28.0,26,501
4,29.0,44,501
4,30.0,44,501
4,31.0,44,501
4,32.0,44,501
4,33.0,44,501
4,34.0,44,501
4,35.0,104,501
4,36.0,104,501
4,37.0,104,501
4,38.0,164,501
4,39.0,164,501
4,40.0,164,501
4,41.0,164,501
4,42.0,164,501
4,43.0,164,501
4,44.0,164,501
4,45.0,164,3507
4,46.0,164,3507
4,47.0,164,3507
4,48.0,272,3507
4,49.0,316,3507
4,50.0,316,3507
4,51.0,316,3507
4,52.0,448,3507
4,53.0,492,3507
4,54.0,492,3507
4,55.0,554,3507
4,56.0,554,3507
4,57.0,554,3507
4,58.0,554,3507
4,59.0,554,3507
4,60.0,732,3507
4,61.0,732,3507
4,62.0,854,3507
4,63.0,854,3507
4,64.0,854,3507
4,65.0,854,3507
4,66.0,854,3507
4,67.0,854,3507
4,68.0,854,3507
4,69.0,1346,3507
4,70.0,1346,3761
4,71.0,1674,3761
4,72.0,1674,4034
4,73.0,1674,4034
4,74.0,1674,4034
4,75.0,1674,4034
4,76.0,1674,4034
4,77.0,1674,4034
4,78.0,1674,4034
4,79.0,1674,4034
4,80.0,1674,4034
4,81.0,1674,4034
4,82.0,1674,4034
4,83.0,1674,4034
4,84.0,1674,4034
4,85.0,1674,4034
4,86.0,1674,4034
4,87.0,1484,4034
4,88.0,1484,4034
4,89.0,1484,4034
4,90.0,1484,4034
4,91.0,1484,4034
4,92.0,1484,4034
4,93.0,1484,4034
4,94.0,1484,4034
4,95.0,1484,4034
4,96.0,1484,4034
4,97.0,1484,4034
4,98.0,906,4034
4,99.0,906,4034
4,100.0,906,4034
4,101.0,906,4034
4,102.0,906,4034
4,103.0,906,4034
4,104.0,356,4034
4,105.0,356,4034
4,106.0,356,4034
4,107.0,356,4034
4,108.0,356,4034
4,109.0,356,4034
4,110.0,356,4034
4,111.0,356,4034
4,112.0,356,4034
4,113.0,356,4034
4,114.0,356,4034
4,115.0,356,4034
4,116.0,356,4034
4,117.0,356,4034
4,118.0,356,4034
4,119.0,356,4034
4,120.0,0,4034
4,121.0,0,4034
4,122.0,0,4034
4,123.0,0,4034
4,124.0,0,4034
4,125.0,0,4034
4,126.0,0,4034
4,127.0,0,4034
4,128.0,0,4034
4,129.0,0,4034
4,130.0,0,4034
4,131.0,0,4034
4,132.0,0,4034
4,133.0,0,4034
4,134.0,0,4034
4,135.0,0,4034
4,136.0,0,4034
4,137.0,0,4034
4,138.0,0,4034
4,139.0,0,4034
4,140.0,0,4034
4,141.0,0,4034
4,142.0,0,4034
4,143.0,0,4034
4,144.0,0,4034
4,145.0,0,4034
4,146.0,0,4034
4,147.0,0,4034
4,148.0,0,4034
4,149.0,0,4034
4,150.0,0,4034
4,151.0,0,4034
4,152.0,0,4034
4,153.0,0,4034
4,154.0,0,4034
4,155.0,0,4034
4,156.0,0,4034
4,157.0,0,4034
4,158.0,0,4034
4,159.0,0,4034
4,160.0,0,4034
4,161.0,0,4034
4,162.0,0,4034
4,163.0,0,4034
4,164.0,0,4034
4,165.0,0,4034
4,166.0,0,4034
6,1.0,20,501
6,2.0,20,501
6,3.0,20,501
6,4.0,20,501
6,5.0,20,501
6,6.0,20,501
6,7.0,20,501
6,8.0,20,501
6,9.0,20,501
6,10.0,20,501
6,11.0,20,501
6,12.0,20,501
6,13.0,20,501
6,14.0,20,501
6,15.0,20,501
6,16.0,20,501
6,17.0,20,501
6,18.0,20,501
6,19.0,20,501
6,20.0,20,501
6,21.0,20,501
6,22.0,20,501
6,23.0,20,501
6,24.0,20,501
6,25.0,20,501
6,26.0,20,501
6,27.0,25,501
6,28.0,25,501
6,29.0,39,501
6,30.0,39,501
6,31.0,39,501
6,32.0,39,501
6,33.0,39,501
6,34.0,39,501
6,35.0,99,501
6,36.0,99,501
6,37.0,99,501
6,38.0,159,501
6,39.0,159,501
6,40.0,159,501
6,41.0,159,501
6,42.0,159,501
6,43.0,159,501
6,44.0,159,501
6,45.0,159,3507
6,46.0,159,3507
6,47.0,159,3507
6,48.0,258,3507
6,49.0,297,3507
6,50.0,297,3507
6,51.0,297,3507
6,52.0,414,3507
6,53.0,453,3507
6,54.0,453,3507
6,55.0,507,3507
6,56.0,507,3507
6,57.0,507,3507
6,58.0,507,3507
6,59.0,507,3507
6,60.0,663,3507
6,61.0,663,3507
6,62.0,777,3507
6,63.0,777,3507
6,64.0,777,3507
6,65.0,777,3507
6,66.0,777,3507
6,67.0,777,3507
6,68.0,777,3507
6,69.0,1254,3507
6,70.0,1254,3764
6,71.0,1572,3764
6,72.0,1572,4043
6,73.0,1572,4043
6,74.0,1572,4043
6,75.0,1572,4043
6,76.0,1572,4043
6,77.0,777,4043
6,78.0,777,4043
6,79.0,777,4043
6,80.0,777,4043
6,81.0,777,4043
6,82.0,777,4043
6,83.0,777,4043
6,84.0,777,4043
6,85.0,777,4043
6,86.0,777,4043
6,87.0,604,4043
6,88.0,604,4043
6,89.0,604,4043
6,90.0,604,4043
6,91.0,604,4043
6,92.0,604,4043
6,93.0,604,4043
6,94.0,604,4043
6,95.0,604,4043
6,96.0,604,4043
6,97.0,604,4043
6,98.0,340,4043
6,99.0,340,4043
6,100.0,340,4043
6,101.0,340,4043
6,102.0,340,4043
6,103.0,340,4043
6,104.0,95,4043
6,105.0,95,4043
6,106.0,95,4043
6,107.0,95,4043
6,108.0,95,4043
6,109.0,95,4043
6,110.0,95,4043
6,111.0,95,4043
6,112.0,95,4043
6,113.0,95,4043
6,114.0,95,4043
6,115.0,95,4043
6,116.0,95,4043
6,117.0,95,4043
6,118.0,95,4043
6,119.0,95,4043
6,120.0,0,4043
6,121.0,0,4043
6,122.0,0,4043
6,123.0,0,4043
6,124.0,0,4043
6,125.0,0,4043
6,126.0,0,4043
6,127.0,0,4043
6,128.0,0,4043
6,129.0,0,4043
6,130.0,0,4043
6,131.0,0,4043
6,132.0,0,4043
6,133.0,0,4043
6,134.0,0,4043
6,135.0,0,4043
6,136.0,0,4043
6,137.0,0,4043
6,138.0,0,4043
6,139.0,0,4043
6,140.0,0,4043
6,141.0,0,4043
6,142.0,0,4043
6,143.0,0,4043
6,144.0,0,4043
6,145.0,0,4043
6,146.0,0,4043
6,147.0,0,4043
6,148.0,0,4043
6,149.0,0,4043
6,150.0,0,4043
6,151.0,0,4043
6,152.0,0,4043
6,153.0,0,4043
6,154.0,0,4043
6,155.0,0,4043
6,156.0,0,4043
6,157.0,0,4043
6,158.0,0,4043
6,159.0,0,4043
6,160.0,0,4043
6,161.0,0,4043
6,162.0,0,4043
6,163.0,0,4043
6,164.0,0,4043
6,165.0,0,4043
6,166.0,0,4043
8,1.0,20,501
8,2.0,20,501
8,3.0,20,501
8,4.0,20,501
8,5.0,20,501
8,6.0,20,501
8,7.0,20,501
8,8.0,20,501
8,9.0,20,501
8,10.0,20,501
8,11.0,20,501
8,12.0,20,501
8,13.0,20,501
8,14.0,20,501
8,15.0,20,501
8,16.0,20,501
8,17.0,20,501
8,18.0,20,501
8,19.0,20,501
8,20.0,20,501
8,21.0,20,501
8,22.0,20,501
8,23.0,20,501
8,24.0,20,501
8,25.0,20,501
8,26.0,20,501
8,27.0,26,501
8,28.0,26,501
8,29.0,50,501
8,30.0,50,501
8,31.0,50,501
8,32.0,50,501
8,33.0,50,501
8,34.0,50,501
8,35.0,110,501
8,36.0,110,501
8,37.0,110,501
8,38.0,170,501
8,39.0,170,501
8,40.0,170,501
8,41.0,170,501
8,42.0,170,501
8,43.0,170,501
8,44.0,170,501
8,45.0,170,3507
8,46.0,170,3507
8,47.0,170,3507
8,48.0,284,3507
8,49.0,334,3507
8,50.0,334,3507
8,51.0,334,3507
8,52.0,484,3507
8,53.0,534,3507
8,54.0,534,3507
8,55.0,602,3507
8,56.0,602,3507
8,57.0,602,3507
8,58.0,602,3507
8,59.0,602,3507
8,60.0,798,3507
8,61.0,798,3507
8,62.0,926,3507
8,63.0,926,3507
8,64.0,926,3507
8,65.0,926,3507
8,66.0,926,3507
8,67.0,926,3507
8,68.0,926,3507
8,69.0,1436,3507
8,70.0,1436,3788
8,71.0,1776,3788
8,72.0,1776,4034
8,73.0,1776,4034
8,74.0,1776,4034
8,75.0,1776,4034
8,76.0,1776,4034
8,77.0,926,4034
8,78.0,926,4034
8,79.0,926,4034
8,80.0,926,4034
8,81.0,926,4034
8,82.0,926,4034
8,83.0,926,4034
8,84.0,926,4034
8,85.0,926,4034
8,86.0,926,4034
8,87.0,716,4034
8,88.0,716,4034
8,89.0,716,4034
8,90.0,716,4034
8,91.0,716,4034
8,92.0,716,4034
8,93.0,716,4034
8,94.0,716,4034
8,95.0,716,4034
8,96.0,716,4034
8,97.0,716,4034
8,98.0,393,4034
8,99.0,393,4034
8,100.0,393,4034
8,101.0,393,4034
8,102.0,393,4034
8,103.0,393,4034
8,104.0,104,4034
8,105.0,104,4034
8,106.0,104,4034
8,107.0,104,4034
8,108.0,104,4034
8,109.0,104,4034
8,110.0,104,4034
8,111.0,104,4034
8,112.0,104,4034
8,113.0,104,4034
8,114.0,104,4034
8,115.0,104,4034
8,116.0,104,4034
8,117.0,104,4034
8,118.0,104,4034
8,119.0,104,4034
8,120.0,0,4034
8,121.0,0,4034
8,122.0,0,4034
8,123.0,0,4034
8,124.0,0,4034
8,125.0,0,4034
8,126.0,0,4034
8,127.0,0,4034
8,128.0,0,4034
8,129.0,0,4034
8,130.0,0,4034
8,131.0,0,4034
8,132.0,0,4034
8,133.0,0,4034
8,134.0,0,4034
8,135.0,0,4034
8,136.0,0,4034
8,137.0,0,4034
8,138.0,0,4034
8,139.0,0,4034
8,140.0,0,4034
8,141.0,0,4034
8,142.0,0,4034
8,143.0,0,4034
8,144.0,0,4034
8,145.0,0,4034
8,146.0,0,4034
8,147.0,0,4034
8,148.0,0,4034
8,149.0,0,4034
8,150.0,0,4034
8,151.0,0,4034
8,152.0,0,4034
8,153.0,0,4034
8,154.0,0,4034
8,155.0,0,4034
8,156.0,0,4034
8,157.0,0,4034
8,158.0,0,4034
8,159.0,0,4034
8,160.0,0,4034
8,161.0,0,4034
8,162.0,0,4034
8,163.0,0,4034
8,164.0,0,4034
8,165.0,0,4034
8,166.0,0,4034
10,1.0,20,501
10,2.0,20,501
10,3.0,20,501
10,4.0,20,501
10,5.0,20,501
10,6.0,20,501
10,7.0,20,501
10,8.0,20,501
10,9.0,20,501
10,10.0,20,501
10,11.0,20,501
10,12.0,20,501
10,13.0,20,501
10,14.0,20,501
10,15.0,20,501
10,16.0,20,501
10,17.0,20,501
10,18.0,20,501
10,19.0,20,501
10,20.0,20,501
10,21.0,20,501
10,22.0,20,501
10,23.0,20,501
10,24.0,20,501
10,25.0,20,501
10,26.0,20,501
10,27.0,26,501
10,28.0,26,501
10,29.0,52,501
10,30.0,52,501
10,31.0,52,501
10,32.0,52,501
10,33.0,52,501
10,34.0,52,501
10,35.0,112,501
10,36.0,112,501
10,37.0,112,501
10,38.0,172,501
10,39.0,172,501
10,40.0,172,501
10,41.0,172,501
10,42.0,172,501
10,43.0,172,501
10,44.0,172,501
10,45.0,172,3507
10,46.0,172,3507
10,47.0,172,3507
10,48.0,288,3507
10,49.0,340,3507
10,50.0,340,3507
10,51.0,340,3507
10,52.0,496,3507
10,53.0,548,3507
10,54.0,548,3507
10,55.0,618,3507
10,56.0,618,3507
10,57.0,618,3507
10,58.0,618,3507
10,59.0,618,3507
10,60.0,830,3507
10,61.0,830,3507
10,62.0,960,3507
10,63.0,960,3507
10,64.0,960,3507
10,65.0,960,3507
10,66.0,960,3507
10,67.0,960,3507
10,68.0,960,3507
10,69.0,1013,3507
10,70.0,1013,3766
10,71.0,1053,3766
10,72.0,1053,4032
10,73.0,1053,4032
10,74.0,1053,4032
10,75.0,1053,4032
10,76.0,1053,4032
10,77.0,960,4032
10,78.0,960,4032
10,79.0,960,4032
10,80.0,960,4032
10,81.0,960,4032
10,82.0,960,4032
10,83.0,960,4032
10,84.0,960,4032
10,85.0,960,4032
10,86.0,960,4032
10,87.0,753,4032
10,88.0,753,4032
10,89.0,753,4032
10,90.0,753,4032
10,91.0,753,4032
10,92.0,753,4032
10,93.0,753,4032
10,94.0,753,4032
10,95.0,753,4032
10,96.0,753,4032
10,97.0,753,4032
10,98.0,442,4032
10,99.0,442,4032
10,100.0,442,4032
10,101.0,442,4032
10,102.0,442,4032
10,103.0,442,4032
10,104.0,109,4032
10,105.0,109,4032
10,106.0,109,4032
10,107.0,109,4032
10,108.0,109,4032
10,109.0,109,4032
10,110.0,109,4032
10,111.0,109,4032
10,112.0,109,4032
10,113.0,109,4032
10,114.0,109,4032
10,115.0,109,4032
10,116.0,109,4032
10,117.0,109,4032
10,118.0,109,4032
10,119.0,109,4032
10,120.0,0,4032
10,121.0,0,4032
10,122.0,0,4032
10,123.0,0,4032
10,124.0,0,4032
10,125.0,0,4032
10,126.0,0,4032
10,127.0,0,4032
10,128.0,0,4032
10,129.0,0,4032
10,130.0,0,4032
10,131.0,0,4032
10,132.0,0,4032
10,133.0,0,4032
10,134.0,0,4032
10,135.0,0,4032
10,136.0,0,4032
10,137.0,0,4032
10,138.0,0,4032
10,139.0,0,4032
10,140.0,0,4032
10,141.0,0,4032
10,142.0,0,4032
10,143.0,0,4032
10,144.0,0,4032
10,145.0,0,4032
10,146.0,0,4032
10,147.0,0,4032
10,148.0,0,4032
10,149.0,0,4032
10,150.0,0,4032
10,151.0,0,4032
10,152.0,0,4032
10,153.0,0,4032
10,154.0,0,4032
10,155.0,0,4032
10,156.0,0,4032
10,157.0,0,4032
10,158.0,0,4032
10,159.0,0,4032
10,160.0,0,4032
10,161.0,0,4032
10,162.0,0,4032
10,163.0,0,4032
10,164.0,0,4032
10,165.0,0,4032
10,166.0,0,4032
